28
15
21
33
28
24
15
18
18
18
17
18
23
20
26
15
18
21
22
18
16
14
19
18
16
16
17
18
16
16
14
15
23
17
20
19
18
18
17
23
22
16
25
20
21
18
16
19
17
20
30
21
27
21
15
21
22
25
25
31
19
23
38
31
23
28
25
36
35
24
26
33
42
40
38
25
41
26
48
61
36
33
42
55
45
44
45
53
42
36
48
32
47
52
42
54
59
62
56
64
61
53
46
49
63
48
75
78
65
60
65
61
62
54
92
61
93
93
83
89
95
90
86
84
80
104
98
95
132
87
117
80
106
85
145
107
108
110
109
128
66
138
131
135
107
99
85
145
123
146
127
116
178
123
132
216
144
161
160
117
143
142
195
213
226
150
114
111
89
134
141
179
176
150
176
197
204
103
222
149
207
265
224
224
186
150
237
213
192
226
254
154
180
137
176
230
223
154
113
229
204
215
194
198
197
285
200
196
303
149
187
219
225
247
162
157
206
199
193
180
205
156
190
173
154
196
232
233
217
212
209
173
179
159
180
196
248
186
190
186
169
232
226
192
236
197
196
294
188
190
169
170
157
197
201
183
210
225
199
243
253
286
263
150
237
301
220
261
198
197
209
227
147
220
142
230
117
181
185
176
149
164
193
200
207
174
195
179
255
265
242
195
220
203
193
155
185
188
168
190
200
163
171
146
128
141
147
153
167
158
177
207
159
160
177
224
185
232
188
183
205
189
148
151
154
176
221
201
224
216
196
193
172
192
151
149
238
197
177
180
145
146
195
220
223
253
213
167
171
162
163
198
196
167
181
164
218
163
170
232
177
223
191
206
216
211
182
162
186
193
190
218
209
215
182
184
214
159
170
172
158
143
143
169
154
159
142
148
193
162
185
184
186
179
176
155
131
153
141
150
167
155
168
180
142
116
170
175
114
150
131
144
148
147
147
156
150
152
216
199
215
207
180
183
182
205
186
200
162
157
155
186
171
179
130
154
163
179
171
196
167
183
174
182
140
169
159
152
185
173
173
165
156
162
174
177
196
139
159
137
129
144
156
141
143
166
160
152
150
132
172
139
145
146
156
157
162
166
155
158
190
162
178
157
180
194
163
160
159
156
169
175
154
167
155
135
137
162
144
149
157
163
162
180
189
177
183
179
156
148
155
156
175
217
154
157
152
166
184
174
170
198
185
174
179
193
166
159
172
160
179
170
142
152
152
163
134
178
157
159
155
140
169
142
166
189
162
155
155
204
164
167
183
172
164
178
189
168
184
188
196
221
189
157
162
144
159
151
177
158
183
172
167
161
182
163
172
156
155
183
154
161
150
154
145
156
171
157
147
174
186
131
174
165
163
155
156
177
174
164
180
174
176
162
193
169
173
179
165
168
171
198
184
173
175
154
194
170
169
160
147
143
171
138
170
160
129
133
155
160
156
147
178
114
130
143
156
139
155
178
167
166
181
155
163
129
135
124
126
132
137
151
158
161
143
135
137
168
175
185
204
177
174
201
176
237
195
177
191
166
158
182
158
178
186
172
184
176
167
169
173
180
149
152
180
183
147
164
187
164
144
134
147
156
152
177
159
177
144
160
160
163
168
186
198
173
188
192
200
178
179
201
229
219
191
153
147
151
154
151
198
199
185
199
208
215
192
155
208
178
207
190
157
214
191
183
210
193
165
153
222
192
219
181
156
141
155
195
201
196
180
170
172
159
172
170
168
184
174
155
159
171
168
194
177
193
182
204
198
181
200
199
157
160
195
194
205
185
202
230
202
154
144
170
184
122
140
158
162
163
151
143
141
169
163
173
157
166
132
179
179
141
140
127
154
132
173
169
197
157
141
141
138
148
138
140
156
185
200
198
161
175
155
143
142
142
190
150
184
179
219
194
180
171
162
158
178
171
178
156
194
129
143
176
182
197
184
245
204
209
182
176
173
164
159
205
163
173
155
160
142
140
164
165
188
178
143
167
200
157
183
157
149
180
181
170
136
158
176
175
175
184
160
158
189
172
147
149
140
222
174
178
201
153
170
159
154
140
128
146
140
118
122
136
171
166
180
177
192
198
177
159
168
179
178
189
202
177
177
157
151
170
180
178
164
173
159
194
180
237
198
179
192
177
221
195
180
204
194
201
204
209
159
212
183
172
245
208
171
199
186
149
162
136
155
149
166
160
177
161
116
124
132
168
159
151
170
173
198
156
149
139
124
140
166
218
218
213
171
150
146
124
113
120
132
159
164
161
132
175
186
161
173
146
128
135
152
178
202
