28
18
23
22
25
23
20
15
24
22
17
24
22
13
20
21
16
18
16
22
19
20
19
15
20
22
16
15
15
18
18
16
17
22
20
18
16
14
16
19
14
16
17
16
15
19
20
21
19
23
28
21
28
23
23
25
25
23
42
34
30
35
28
34
39
34
43
51
37
47
37
25
35
40
32
48
42
35
37
30
43
47
44
44
49
36
37
30
52
43
42
38
41
38
41
39
48
36
52
49
61
55
43
54
48
49
53
75
78
37
39
59
65
66
57
64
62
70
56
77
97
81
81
99
88
97
113
79
94
91
105
124
121
80
97
95
108
106
105
100
116
74
134
114
139
140
95
149
107
168
146
124
177
111
146
160
173
190
122
147
177
193
102
148
144
153
199
181
220
150
212
170
155
222
159
201
207
186
240
166
148
169
153
193
171
211
217
193
237
271
255
275
181
226
244
228
248
199
184
233
210
218
207
205
207
244
291
199
259
181
247
236
176
281
202
243
195
246
221
215
198
238
218
250
238
221
202
256
199
214
238
227
196
255
203
162
206
192
280
205
214
251
206
258
198
265
203
233
226
216
238
218
188
257
237
238
234
215
273
221
259
244
211
236
262
243
269
231
271
241
215
231
263
233
262
268
219
299
250
253
233
278
241
244
252
263
252
309
265
255
269
278
266
255
281
247
225
201
238
220
286
271
252
268
174
248
232
272
294
252
240
215
257
214
240
237
267
227
220
290
200
240
230
239
234
187
193
238
201
244
199
281
234
231
236
203
218
260
246
220
221
239
289
231
238
205
238
243
234
226
274
246
236
260
265
254
232
267
289
283
250
220
261
229
247
212
232
197
244
223
231
232
246
253
245
219
244
237
294
232
234
212
240
251
239
208
253
234
223
227
236
222
251
220
227
226
218
261
264
219
215
225
203
241
257
201
229
234
243
170
209
274
208
223
237
204
205
214
155
225
200
218
213
212
225
275
199
199
241
259
235
215
235
243
214
217
211
209
226
221
219
251
194
192
155
199
243
193
193
248
247
211
235
197
217
221
213
195
225
234
284
239
209
246
259
254
210
241
193
237
229
259
193
265
240
253
177
203
195
182
216
221
201
246
234
225
204
253
238
227
180
216
194
200
207
253
254
250
234
209
224
231
274
226
216
256
207
207
266
207
236
230
239
205
227
233
198
234
248
234
188
237
171
237
188
186
288
243
215
277
209
230
254
222
174
232
260
218
196
243
215
233
272
232
233
267
244
252
244
205
235
240
191
171
239
227
205
239
173
183
211
204
224
199
201
212
223
210
253
186
203
205
196
225
217
163
190
183
193
241
215
238
195
250
227
230
239
173
207
244
188
161
266
229
177
246
196
223
239
195
190
210
177
215
235
210
140
172
171
165
169
191
200
207
179
185
172
212
159
152
222
185
224
197
183
248
178
181
220
187
209
201
164
199
176
183
186
203
163
237
215
214
179
214
212
187
204
159
173
212
236
239
211
197
202
209
185
254
220
230
193
234
193
222
200
233
219
256
235
226
217
239
199
206
232
225
222
137
214
188
214
199
227
198
208
207
184
222
195
216
206
222
203
214
212
188
258
218
178
177
166
196
211
194
191
237
184
214
192
200
201
128
215
144
156
160
195
179
228
248
235
181
239
216
205
234
244
182
256
260
242
193
212
195
248
274
215
272
271
209
252
224
194
236
182
185
198
181
200
209
192
152
179
163
176
216
190
190
168
187
169
136
183
170
165
195
176
167
195
181
182
192
197
202
172
190
160
195
195
223
195
179
209
198
214
201
179
196
239
193
213
248
211
204
210
224
235
200
193
193
153
151
168
216
188
206
166
243
173
176
180
194
195
188
160
139
203
212
184
170
216
151
223
211
227
201
137
162
147
180
165
200
215
205
201
158
160
204
169
222
160
163
171
142
183
172
165
170
180
172
192
180
170
196
218
202
201
177
196
187
174
182
167
172
193
173
209
159
219
200
179
206
258
237
208
200
214
168
138
230
212
210
231
227
258
217
203
199
231
197
185
181
198
219
194
200
193
234
178
191
169
207
208
266
186
195
201
215
177
184
196
192
167
197
199
172
204
204
190
235
199
223
200
190
184
199
215
204
155
229
222
197
201
179
167
231
199
206
183
192
168
195
169
162
211
168
169
223
208
213
263
273
182
178
225
243
205
236
243
255
205
248
196
203
245
194
248
241
204
253
154
190
191
208
293
214
295
251
245
210
258
273
278
246
275
196
191
287
215
219
224
239
207
240
283
194
217
235
193
