29
18
24
27
25
27
20
19
26
16
22
22
18
20
24
19
17
25
17
24
18
20
17
15
21
20
13
17
23
21
16
18
21
17
15
19
23
17
16
19
14
23
27
17
21
29
24
24
26
27
33
21
18
23
22
26
17
15
19
18
20
21
32
25
28
26
30
17
36
36
29
36
29
19
49
32
28
36
41
39
29
29
40
31
36
38
30
50
33
39
32
34
36
29
45
44
41
34
30
42
54
49
61
57
56
43
41
49
50
60
52
48
58
49
44
97
67
92
96
112
109
70
132
99
109
87
102
122
131
98
104
121
84
97
102
110
104
92
102
76
161
122
102
79
142
91
88
121
139
111
111
105
148
147
110
143
158
166
181
144
144
147
139
110
156
183
148
179
207
217
183
153
165
209
143
215
221
148
243
229
183
166
210
212
209
105
160
165
231
233
118
278
218
292
159
229
205
211
259
163
218
200
227
156
160
191
170
187
197
244
200
259
216
160
199
219
187
176
219
178
215
142
191
227
185
155
218
158
174
169
216
182
199
132
234
210
143
147
182
168
188
232
216
172
125
144
159
202
157
154
191
149
211
233
229
164
153
141
236
205
174
213
150
178
162
140
209
240
214
136
258
259
198
227
193
171
195
250
217
254
191
125
185
231
164
199
185
168
278
282
210
244
209
256
200
171
149
235
221
220
212
230
245
159
193
175
198
198
154
192
244
231
216
198
210
270
204
259
228
217
231
318
239
185
133
128
181
198
191
191
159
182
201
173
152
153
162
167
126
188
184
166
159
168
160
174
163
195
179
191
161
157
206
202
221
183
158
157
168
158
216
192
162
162
209
197
185
172
175
174
183
153
163
146
170
159
153
155
171
152
162
154
165
163
171
181
170
205
172
202
159
171
154
166
185
156
156
155
180
168
167
166
179
186
194
191
249
218
211
248
236
207
234
211
210
252
200
213
197
228
156
120
199
222
185
188
133
224
198
193
218
186
139
189
224
236
264
262
272
304
249
223
240
208
152
148
124
157
145
194
215
231
216
249
216
186
166
147
191
192
193
204
214
169
163
165
187
172
181
144
154
166
178
194
187
179
164
150
203
179
185
205
211
197
191
186
194
193
121
129
155
178
174
166
192
150
180
177
181
199
229
230
212
202
222
235
198
176
131
120
158
195
204
205
209
213
201
194
228
178
185
147
160
147
144
135
127
131
126
148
164
136
164
153
127
151
169
204
187
208
169
162
180
188
174
170
161
179
167
179
189
194
204
162
162
138
200
203
165
237
226
201
188
196
169
194
194
196
196
217
189
167
173
155
175
189
220
177
180
160
224
158
190
169
178
170
164
177
189
174
166
159
142
127
143
148
148
155
146
169
160
167
230
224
211
174
193
150
139
135
127
138
138
183
171
181
199
181
144
146
176
155
184
210
162
220
196
179
192
209
186
203
300
224
175
172
182
189
205
168
186
181
162
168
155
206
180
177
167
201
180
167
165
173
181
159
174
167
180
140
208
240
186
194
172
172
202
217
188
160
155
192
203
169
212
213
206
167
236
243
226
201
195
190
185
174
178
189
187
205
199
146
192
171
190
214
217
196
184
188
182
233
211
228
212
187
196
200
213
197
185
256
237
173
179
202
204
189
180
164
220
227
241
220
209
224
236
204
173
216
157
206
156
185
182
205
159
188
175
170
199
182
171
163
198
161
194
168
178
211
199
205
202
149
168
183
175
174
179
163
181
180
215
193
149
154
172
184
153
181
163
183
203
222
192
200
183
178
201
166
181
172
193
180
209
215
195
196
215
219
178
171
206
172
182
141
163
192
176
188
172
176
169
189
165
197
203
196
188
163
135
135
160
222
186
181
170
186
171
173
175
183
238
191
211
199
183
184
154
155
162
159
173
197
176
172
198
164
170
169
170
189
179
201
161
137
145
170
214
212
195
180
120
108
153
158
173
192
191
202
169
185
187
189
182
195
207
145
173
155
204
161
175
180
164
153
132
154
182
194
155
174
184
184
226
205
207
208
232
177
217
199
164
176
157
163
182
166
191
162
208
189
148
188
213
180
228
202
184
170
163
184
193
182
168
170
181
149
154
138
150
160
162
170
176
163
184
183
161
157
203
156
187
172
153
157
190
183
171
166
126
175
192
208
205
174
183
188
215
167
213
224
206
222
267
213
249
186
196
198
237
197
205
175
169
182
169
172
183
162
164
157
162
169
174
205
167
160
160
183
219
210
148
176
171
143
190
201
139
148
182
199
196
186
205
195
232
194
163
