27
14
29
19
19
21
15
19
23
15
22
24
24
22
21
31
18
24
17
16
18
20
15
18
17
17
18
13
16
19
15
20
22
18
17
25
14
17
19
18
15
22
17
18
15
14
17
16
19
17
16
18
15
20
17
18
16
18
16
20
22
17
13
21
21
16
25
18
25
22
22
24
35
25
26
36
41
29
27
32
33
33
58
34
33
31
38
46
35
30
48
26
37
43
40
44
47
35
34
43
45
34
50
52
37
40
42
38
57
53
41
50
48
54
54
60
56
44
45
46
63
64
37
51
81
62
58
57
68
64
85
75
105
72
86
83
94
122
79
132
120
79
121
123
117
103
135
102
114
115
78
134
125
82
107
121
130
75
168
159
127
142
160
149
172
117
125
188
188
151
205
142
190
170
244
209
134
183
212
187
191
195
192
209
190
138
225
193
221
209
250
221
206
207
268
149
215
245
252
227
203
244
251
248
259
209
271
277
276
182
269
223
205
264
237
196
246
203
260
241
246
205
242
235
224
214
216
254
225
287
216
275
235
274
236
266
250
235
222
255
218
296
227
229
241
202
227
229
171
265
206
253
248
267
237
234
222
233
258
282
228
279
269
264
257
253
289
299
264
249
283
218
242
266
241
233
268
296
234
243
247
235
246
254
249
252
251
282
218
241
278
268
235
255
271
226
213
288
251
262
285
289
268
289
278
284
258
263
273
271
274
251
243
198
275
232
218
278
319
223
249
254
230
266
294
316
277
236
270
242
283
253
269
281
243
236
235
239
276
318
283
251
273
270
258
261
265
255
211
247
264
239
269
245
262
248
263
283
297
281
280
298
207
231
269
271
279
276
267
286
253
280
258
277
235
308
237
286
258
256
295
244
273
269
232
285
280
311
283
247
283
279
229
233
275
251
275
248
270
244
255
254
270
216
299
250
244
262
246
269
237
260
272
245
244
300
277
264
298
303
230
235
303
229
276
264
247
297
263
281
249
270
288
302
250
283
283
263
264
287
263
274
238
295
238
265
256
283
234
252
279
219
292
217
277
258
268
218
219
348
239
256
258
262
232
312
262
296
269
269
239
295
260
292
250
266
236
240
237
270
285
250
253
292
255
243
268
275
223
263
246
226
262
187
278
236
266
236
238
231
254
245
250
279
251
259
231
283
193
244
238
278
252
252
258
233
232
176
240
245
229
247
244
234
235
292
274
260
211
250
253
276
223
269
267
202
233
282
255
251
248
270
210
249
243
232
232
231
236
235
217
236
279
214
261
243
312
246
256
277
225
263
229
237
259
246
230
202
228
241
228
231
254
238
220
241
215
204
225
237
213
235
256
236
251
238
190
203
233
222
187
237
214
220
232
252
248
185
247
230
228
225
246
222
228
217
192
194
241
208
267
202
215
191
263
191
200
244
224
271
187
196
218
252
201
220
219
212
259
195
194
215
239
211
207
230
228
209
216
209
239
237
253
208
240
194
205
225
211
228
173
226
257
215
251
251
182
185
190
226
218
259
233
195
217
201
247
216
245
201
216
191
196
175
218
185
245
197
254
211
208
228
241
212
213
229
194
229
219
176
181
186
227
234
199
202
207
156
174
213
184
197
212
189
214
190
192
207
238
169
224
216
191
228
184
186
230
208
216
234
210
170
192
181
170
206
184
178
149
188
206
188
225
147
144
192
174
238
192
197
202
180
186
171
176
212
178
224
170
207
207
188
185
166
210
195
217
169
211
176
195
206
201
174
167
200
191
169
189
173
185
187
201
209
174
195
158
192
180
243
200
217
188
223
218
191
173
185
162
163
158
176
241
181
189
217
212
248
187
185
213
166
211
210
197
228
201
232
215
196
219
243
239
179
184
196
245
217
217
218
179
235
196
218
176
191
209
240
162
161
206
161
235
229
215
219
202
176
224
193
247
198
190
203
181
195
173
205
257
176
189
208
250
213
198
233
186
209
184
170
228
181
172
150
193
204
255
198
159
176
174
221
201
192
218
191
212
195
213
165
217
195
220
195
160
203
252
187
201
200
184
201
186
213
193
191
177
225
202
222
140
198
196
185
163
186
246
255
194
171
208
190
207
161
161
185
199
218
182
217
254
160
158
215
214
186
174
210
192
175
164
204
183
168
199
212
194
209
179
236
216
199
181
234
206
181
205
189
230
203
208
204
184
213
199
222
243
195
177
188
224
217
193
180
207
230
162
186
219
197
160
241
182
180
184
233
238
208
198
167
199
209
242
192
158
141
171
214
165
149
260
154
206
170
153
225
227
184
170
