28
19
23
24
19
28
22
17
19
24
23
23
23
21
28
28
20
17
19
14
14
21
15
16
18
16
18
19
20
16
15
19
19
16
16
20
18
20
19
21
23
21
23
22
23
18
18
18
17
14
16
16
16
13
17
17
14
17
13
18
18
15
15
16
17
17
14
14
12
17
15
17
19
13
17
16
16
13
15
15
18
13
15
13
17
13
12
11
14
13
12
11
12
12
17
11
13
15
14
14
11
12
13
11
16
13
12
11
12
12
14
12
15
17
14
14
13
14
12
12
12
15
14
19
12
13
13
14
14
14
12
14
14
11
14
13
13
13
13
12
13
13
12
14
18
15
12
14
11
12
13
13
13
15
16
13
16
19
11
11
13
13
15
14
17
12
15
16
15
13
13
17
12
13
13
11
14
16
13
17
12
16
14
27
18
15
21
16
18
12
18
16
15
12
14
14
16
16
18
16
16
14
15
22
19
22
27
28
22
16
25
45
20
16
19
25
16
14
20
28
23
20
17
20
14
16
11
13
12
12
17
11
12
15
17
19
19
17
23
15
18
17
14
19
12
17
15
26
11
11
16
17
14
20
16
17
10
14
15
14
21
14
19
15
18
18
14
16
15
19
23
15
15
21
12
14
19
18
20
15
21
15
17
20
15
22
22
18
19
19
19
23
23
22
21
24
21
24
18
19
22
23
23
25
17
21
24
29
28
28
26
21
20
18
30
13
21
21
16
15
21
21
16
17
22
16
18
18
28
20
23
22
17
18
19
18
20
19
14
21
19
28
25
27
20
21
23
24
20
19
22
19
17
27
23
27
24
18
21
19
24
23
16
19
18
19
21
19
24
20
18
20
21
23
22
26
27
23
25
26
43
20
16
24
33
21
23
16
20
18
17
27
22
24
17
17
19
21
20
18
19
26
17
22
21
14
27
27
29
26
28
26
26
28
31
24
27
20
34
29
23
21
19
28
24
21
29
16
21
19
22
24
31
38
38
25
26
19
60
34
18
23
26
20
59
18
31
29
19
25
27
26
25
58
68
65
71
39
81
36
32
34
38
34
82
36
65
22
36
72
36
39
24
26
39
19
49
26
41
16
22
31
15
34
26
17
24
15
17
25
24
21
38
26
19
19
21
22
32
34
22
29
37
29
30
22
31
28
27
33
34
40
33
33
56
73
29
23
35
37
22
23
36
39
28
21
32
31
28
34
36
27
18
23
27
29
32
26
30
29
24
20
27
23
33
23
22
26
26
27
22
29
45
29
26
27
25
23
23
30
27
21
20
31
21
24
28
18
30
28
24
24
29
20
22
25
26
18
46
31
28
24
22
25
27
24
15
19
21
26
22
22
28
25
19
29
27
31
27
22
21
27
23
22
22
29
25
25
21
27
26
26
26
25
28
19
17
21
19
19
22
23
23
21
27
17
22
17
22
22
19
21
27
23
21
19
14
22
18
16
23
25
20
26
28
24
17
18
19
16
21
17
13
15
17
24
18
23
19
21
16
23
13
23
19
19
21
21
17
19
18
20
18
18
25
15
20
19
20
24
18
18
18
19
16
18
20
22
20
16
19
19
16
18
28
28
23
17
21
27
15
35
26
26
29
30
24
23
22
20
20
21
32
22
20
24
21
24
23
28
29
23
21
26
23
26
30
22
21
28
27
22
38
23
23
21
26
21
28
17
27
21
21
34
21
19
32
18
25
27
26
32
25
19
26
27
33
24
22
19
24
27
24
23
30
25
25
16
26
22
20
23
34
30
24
17
28
25
23
20
25
29
25
19
22
19
37
42
32
41
29
25
26
46
38
26
26
27
37
23
31
28
33
33
31
30
33
43
33
34
28
31
19
19
28
14
19
19
22
22
27
20
40
34
31
27
22
33
25
22
22
18
27
32
25
25
26
21
29
28
19
30
33
25
22
30
40
29
37
31
31
34
27
32
33
47
16
27
30
35
49
29
25
41
23
28
37
32
34
24
28
31
30
35
31
34
32
33
33
33
38
20
33
28
39
30
37
39
26
38
41
34
28
29
25
30
33
39
35
46
29
34
27
44
31
33
29
22
30
36
19
34
33
31
24
32
37
17
24
34
29
30
23
35
37
33
29
32
23
34
32
33
36
27
25
42
21
26
30
39
26
30
25
41
33
42
31
21
33
40
27
29
27
40
39
39
27
30
38
27
34
33
32
43
25
25
41
39
28
29
29
31
31
30
28
25
47
25
37
30
30
32
27
32
28
36
27
21
26
32
32
30
28
26
21
29
30
29
23
