28
18
28
32
20
19
18
19
20
23
29
22
15
19
20
17
21
20
16
15
17
16
19
15
17
17
17
17
15
17
15
19
17
18
23
14
17
24
22
17
16
18
23
19
18
22
23
27
27
31
24
34
27
28
24
42
22
17
39
31
34
35
34
33
36
35
32
42
32
38
30
40
57
26
50
43
49
49
57
51
51
36
42
53
58
52
54
70
77
53
35
80
89
47
50
67
112
41
74
64
53
92
55
106
89
68
74
99
77
87
78
101
130
126
89
67
119
135
101
117
89
80
154
96
95
121
92
93
101
126
107
85
58
88
139
105
129
133
75
109
88
140
99
147
88
172
126
117
127
96
123
127
106
148
134
99
139
110
122
70
121
120
130
134
143
134
129
160
159
157
133
149
110
191
199
149
126
135
157
179
143
164
161
162
144
133
178
119
204
114
141
108
103
117
147
132
165
142
148
152
163
125
148
149
159
131
128
156
101
147
117
157
126
108
153
130
74
112
120
103
113
114
154
102
102
80
128
89
151
84
118
82
125
118
116
87
112
124
94
128
129
118
107
99
86
170
98
115
81
72
124
104
66
114
90
149
91
81
80
117
64
125
98
83
112
97
118
102
85
111
118
87
114
123
110
109
150
82
130
124
79
127
103
135
122
85
86
93
131
114
100
110
101
106
105
87
94
88
95
109
100
91
88
97
100
107
88
79
107
125
98
83
94
87
137
104
88
95
72
75
91
87
131
83
110
112
107
101
76
117
118
97
98
81
110
98
124
95
107
115
85
138
129
100
100
103
113
101
96
112
159
104
81
85
143
116
143
139
79
128
104
115
101
104
129
101
122
118
93
117
133
134
132
107
102
146
107
96
113
137
106
95
95
118
91
96
115
148
160
108
103
120
95
120
92
103
106
121
118
137
140
89
95
134
131
125
132
132
146
155
157
121
116
105
135
136
94
161
79
102
103
132
99
131
113
125
97
145
137
129
137
157
170
104
99
124
88
106
100
151
92
110
140
116
103
109
118
125
124
124
149
145
136
117
125
115
139
128
115
120
128
90
126
84
121
127
123
121
106
126
131
103
108
151
141
122
115
86
129
114
115
123
107
132
99
128
142
163
102
107
109
122
121
127
109
164
107
138
107
142
88
120
104
104
140
97
106
152
134
168
126
115
110
123
110
121
128
147
115
126
124
130
150
99
124
134
141
121
145
94
167
170
122
114
115
145
124
100
101
124
145
136
122
79
134
110
91
139
121
168
121
134
126
137
144
97
129
115
83
112
103
188
110
109
110
193
154
178
131
115
144
128
116
146
121
144
146
157
157
169
145
194
148
120
126
121
148
133
127
133
141
160
153
127
106
117
131
131
154
151
137
95
167
140
140
150
117
124
121
143
121
140
124
122
98
111
121
108
118
106
165
129
130
130
149
151
145
181
156
162
157
115
201
140
117
116
146
209
128
132
170
157
160
132
159
136
179
154
191
155
141
134
148
129
94
132
138
139
115
115
126
143
142
148
183
120
152
83
213
167
121
153
123
151
168
166
113
129
127
161
137
133
152
125
165
127
138
127
166
117
129
152
155
135
141
179
128
157
179
175
117
128
103
103
160
182
139
135
124
193
129
141
144
131
126
144
163
157
129
121
140
144
150
152
127
200
135
133
167
120
115
125
115
128
97
142
200
135
115
90
180
158
129
129
150
117
154
150
174
188
149
160
132
109
147
140
157
199
122
130
154
165
150
146
149
164
164
125
126
118
163
156
177
122
151
124
131
149
143
137
136
121
111
176
183
130
149
170
137
106
115
146
145
127
142
149
120
144
134
126
163
92
140
144
159
185
151
162
158
129
174
172
154
139
176
169
117
143
145
174
134
170
142
136
140
140
193
152
143
177
144
148
183
210
107
131
121
135
163
159
169
132
148
160
128
203
133
166
144
140
142
134
115
136
149
147
100
147
142
138
142
131
168
133
148
194
138
152
122
101
139
130
183
185
158
126
165
141
121
130
125
162
129
109
119
162
140
159
150
173
144
139
185
113
145
127
125
158
163
203
164
122
165
162
127
157
139
151
189
147
151
137
174
121
172
180
158
174
130
161
166
125
127
178
213
166
135
130
107
127
151
113
143
100
118
138
111
161
168
125
144
172
147
153
129
135
119
131
132
118
113
108
146
128
136
95
106
172
151
154
104
158
165
98
154
105
146
153
142
124
166
137
127
141
117
110
141
123
102
158
148
161
135
166
135
168
171
157
148
139
177
113
131
116
176
142
150
141
153
