29
19
28
18
18
28
23
23
20
21
23
24
19
19
20
19
21
20
20
18
19
23
17
19
15
17
24
18
18
20
23
21
17
19
20
16
20
20
29
17
15
15
17
17
21
17
16
17
20
14
16
15
17
14
18
18
17
17
13
16
18
14
14
11
13
13
14
17
15
15
14
14
16
13
15
13
16
17
14
14
13
13
12
13
14
15
12
12
14
12
17
12
13
12
14
12
14
19
19
14
25
19
13
16
17
19
13
15
15
15
15
14
15
17
15
19
15
13
24
19
10
21
17
15
16
15
17
14
23
18
18
15
16
23
15
18
25
24
24
17
15
24
39
19
13
18
15
20
15
15
15
17
13
17
15
17
19
19
19
13
16
14
16
16
20
19
17
15
27
15
26
33
44
28
13
26
21
24
17
25
20
18
23
27
18
28
21
28
23
18
21
14
25
49
22
25
17
34
21
14
24
21
18
20
23
22
18
22
27
15
34
31
27
20
19
35
19
18
22
26
21
25
27
17
29
34
23
26
24
19
18
22
28
28
27
17
14
18
15
23
13
18
17
12
18
23
11
12
17
15
15
18
18
13
12
15
11
11
13
10
14
13
13
19
16
12
10
17
15
12
11
12
12
15
15
18
14
22
22
13
14
16
15
12
16
11
15
17
10
16
14
17
14
16
16
17
15
18
12
16
15
11
16
16
14
16
14
13
12
13
12
11
16
15
12
13
13
17
15
14
10
17
21
18
18
18
16
13
15
13
20
18
17
21
11
18
15
20
12
19
12
15
17
22
15
16
12
15
18
18
16
12
12
14
15
18
11
12
16
16
12
12
15
16
22
11
13
17
14
14
20
15
28
19
20
22
17
16
14
18
14
15
20
17
16
16
16
16
15
19
12
12
14
13
14
16
21
19
14
15
16
12
13
11
12
14
12
11
11
11
10
12
10
12
11
14
10
18
11
17
12
11
11
12
12
11
10
10
11
14
13
11
12
9
11
12
11
17
13
13
14
12
14
14
13
15
14
14
15
11
11
13
12
11
13
10
11
12
14
12
10
11
12
10
10
12
12
13
11
16
12
12
14
12
11
9
12
11
14
12
10
9
9
11
9
11
10
14
14
11
10
10
11
9
11
11
10
13
12
9
11
10
10
10
10
12
10
11
12
10
11
11
12
11
9
12
10
11
9
11
11
11
10
11
11
10
9
11
11
12
11
12
17
13
11
10
10
12
11
11
11
12
12
16
18
18
12
18
16
12
10
10
19
10
13
15
11
15
16
28
24
13
12
11
24
30
11
28
34
12
25
16
15
16
16
23
27
22
18
35
35
17
33
31
31
16
14
13
16
24
16
17
21
18
17
12
23
17
16
32
20
17
16
16
20
26
26
17
19
13
16
17
23
26
21
22
25
15
18
21
13
24
19
24
14
20
21
14
20
24
23
14
25
21
32
17
14
18
17
19
20
26
23
33
15
56
44
19
18
15
14
17
17
23
23
15
25
16
16
12
20
18
22
12
12
14
14
14
16
16
16
15
14
16
13
20
24
16
18
13
12
23
14
30
17
25
23
15
21
15
21
13
17
22
16
21
25
14
14
23
19
20
22
19
26
18
20
23
22
25
26
19
13
17
20
19
22
16
17
17
18
18
15
15
20
19
18
19
16
17
17
17
14
18
17
19
15
16
19
20
16
19
15
18
15
17
17
16
16
18
19
23
17
17
15
22
15
20
16
15
16
18
16
15
17
14
13
15
14
14
13
18
17
25
21
23
18
29
17
19
17
21
18
16
27
14
15
17
15
17
20
19
17
20
19
18
15
14
20
16
16
17
16
25
20
18
15
17
16
12
24
15
18
22
15
18
17
11
20
17
17
18
18
20
17
15
15
19
15
18
15
22
14
13
16
18
18
19
20
15
17
18
12
15
19
17
13
13
13
12
16
14
14
13
13
15
13
18
12
16
13
12
11
15
12
17
13
15
15
16
13
13
16
14
14
13
17
13
11
14
14
14
15
14
16
13
15
15
13
16
13
13
12
12
14
13
14
11
21
13
14
15
14
21
16
19
19
13
14
16
14
15
17
15
17
13
19
17
16
21
16
18
14
16
15
14
15
17
15
13
19
24
14
15
16
18
17
19
15
16
22
17
18
14
23
19
16
19
20
34
20
20
20
30
20
22
16
25
19
15
30
17
20
33
19
29
23
18
15
16
19
11
21
21
19
14
22
15
18
20
14
41
18
30
26
22
13
24
18
17
18
23
27
20
27
24
21
18
22
