27
18
27
24
21
23
27
16
26
21
24
23
24
26
29
21
23
18
17
18
20
17
22
14
16
17
17
19
19
15
16
19
18
22
21
17
19
19
21
19
20
22
21
19
14
20
19
14
16
14
17
13
15
17
14
16
17
12
13
14
12
15
15
12
15
15
15
14
11
18
15
14
17
20
19
15
16
14
12
17
14
14
13
13
15
13
12
14
17
13
11
12
12
15
11
16
12
13
13
16
13
13
18
17
12
16
14
14
17
15
10
12
12
12
16
14
10
13
12
13
14
12
17
12
14
13
19
10
11
11
12
13
11
12
15
12
11
11
12
14
13
12
12
11
14
15
15
12
12
11
11
14
11
13
13
13
12
13
12
14
11
14
14
16
19
13
23
21
17
12
13
16
12
13
18
13
13
17
15
13
12
14
11
10
18
13
10
18
11
10
12
11
12
13
10
11
12
12
11
13
11
10
10
12
9
16
9
10
10
11
10
14
10
17
11
13
9
11
12
12
12
13
10
12
11
11
11
10
14
12
12
15
9
12
13
10
10
13
13
14
13
16
11
13
14
11
11
10
11
12
17
12
14
14
14
12
17
17
14
13
15
16
15
15
18
23
12
19
19
11
13
19
16
11
13
15
16
15
19
19
14
22
30
25
21
18
14
14
15
15
19
10
11
29
17
20
17
15
22
22
17
19
20
43
30
29
26
41
42
42
37
29
29
18
40
27
31
24
29
28
26
26
40
35
27
33
29
19
35
32
22
32
25
34
26
22
21
21
43
23
36
31
36
30
33
32
34
22
21
23
29
21
35
33
24
38
35
21
24
24
28
23
22
22
37
35
26
21
30
24
27
32
26
33
29
28
26
26
20
30
27
18
30
26
34
26
21
18
18
24
25
27
16
22
16
34
21
14
28
29
19
18
19
17
26
16
31
18
29
16
13
32
22
19
32
32
37
18
18
54
50
26
25
22
36
19
23
17
36
36
63
12
37
19
39
27
19
19
24
18
29
19
17
29
29
15
27
52
30
15
60
23
12
17
57
23
19
18
24
18
24
15
23
19
29
21
33
24
16
32
27
22
66
17
58
18
13
13
26
26
20
19
23
20
20
20
23
22
23
22
17
25
21
18
23
25
28
25
19
26
26
27
26
24
26
32
29
32
20
33
32
29
26
30
38
17
33
31
34
28
37
31
39
28
27
32
35
24
19
28
26
34
22
26
28
36
34
29
29
38
42
48
26
42
35
33
38
49
34
90
52
42
26
45
37
26
17
28
61
29
60
39
39
34
44
29
38
38
25
31
34
33
38
27
27
34
38
52
29
31
29
38
28
32
37
32
35
28
40
31
32
34
15
24
52
46
33
34
36
45
52
44
43
28
58
56
41
42
50
44
52
41
40
57
37
35
29
38
34
31
45
36
37
37
52
32
31
41
28
36
38
40
44
40
36
49
58
49
35
34
48
43
34
55
36
37
32
37
35
39
31
34
46
36
48
30
31
46
37
28
49
61
35
31
35
37
33
36
31
60
41
57
41
37
41
77
52
53
50
45
40
44
40
38
44
41
55
51
51
41
64
41
71
65
61
48
71
43
38
42
29
38
39
31
40
33
47
48
41
27
26
25
27
30
27
28
39
36
23
30
46
28
30
28
27
30
33
30
46
36
27
34
23
34
42
35
25
34
40
29
42
26
26
29
29
30
41
36
37
43
32
31
32
32
35
37
28
35
44
18
30
29
35
37
33
30
29
24
18
34
29
28
27
32
22
25
26
32
36
41
29
40
35
26
24
28
20
27
14
23
25
42
32
21
23
34
45
34
36
30
57
26
38
22
46
28
24
24
37
37
32
30
31
29
37
32
45
30
32
22
39
23
30
26
30
22
31
26
27
39
42
45
36
30
36
34
32
18
33
34
38
26
35
33
47
34
25
35
36
32
21
40
33
46
36
36
26
32
36
34
40
33
36
36
34
48
50
40
36
46
36
31
34
21
37
27
37
34
32
45
47
31
37
39
42
35
34
33
45
24
27
28
39
33
39
43
32
31
52
39
39
36
50
41
40
36
44
29
32
44
41
30
25
40
40
31
37
30
37
42
48
45
43
42
48
32
35
45
49
60
38
76
52
53
53
58
52
56
46
51
54
38
46
37
59
54
27
38
44
37
44
31
38
28
30
38
28
33
31
29
47
25
36
26
31
28
18
31
27
26
30
27
30
23
30
24
25
51
23
37
24
23
24
23
38
42
21
26
30
45
21
24
20
23
16
24
24
21
27
