30
18
34
19
18
20
16
18
21
18
28
22
23
22
18
21
18
17
15
17
24
18
15
13
18
20
15
14
14
18
15
16
17
22
17
16
15
18
14
19
20
18
16
18
16
15
20
16
18
21
17
21
18
20
21
19
23
23
24
23
25
25
14
20
16
16
15
20
21
34
19
23
20
20
23
33
22
26
25
26
25
24
29
24
23
25
25
29
30
29
31
28
36
27
30
41
30
29
32
55
31
45
28
30
37
48
47
37
38
53
41
42
29
34
42
30
24
37
35
45
24
41
43
37
38
35
61
68
62
53
51
73
63
40
51
82
51
68
70
81
94
93
56
61
53
78
64
63
50
130
107
70
61
95
111
84
72
123
80
77
64
92
99
84
72
101
123
108
90
160
107
81
101
91
180
89
83
96
137
123
100
70
139
122
205
137
138
173
101
95
151
98
129
135
139
180
160
157
128
135
147
115
115
103
97
94
127
132
130
143
166
154
165
180
143
127
153
193
220
154
103
207
158
202
152
176
225
119
172
171
182
135
132
214
164
204
157
296
224
152
138
124
156
128
117
114
131
163
121
137
175
162
233
169
119
150
132
130
157
118
211
182
209
184
167
132
136
101
156
177
173
196
197
139
85
136
105
130
175
213
118
132
98
135
227
151
178
166
169
126
120
125
125
155
91
127
116
134
121
164
199
151
181
172
150
162
108
137
211
108
144
126
187
99
144
189
229
202
188
113
139
187
164
185
180
158
148
180
100
122
214
136
197
214
141
155
135
228
192
192
218
202
169
139
171
112
188
142
125
102
142
202
137
179
190
240
207
162
109
122
123
154
134
105
127
131
141
177
164
85
109
133
99
107
109
117
103
100
100
107
169
236
186
141
152
141
163
135
158
144
118
91
140
105
164
140
201
203
169
142
124
171
181
267
233
201
222
148
229
184
171
128
193
172
125
155
179
139
168
146
196
114
111
113
120
115
181
138
160
114
154
126
133
82
158
132
120
139
118
132
150
166
155
170
139
149
132
147
164
169
144
139
170
140
152
181
214
150
182
137
172
141
148
152
119
186
121
120
126
155
153
142
166
139
155
185
115
165
160
204
222
211
212
159
175
176
128
120
160
186
92
90
130
123
152
132
125
152
126
114
138
163
165
158
178
114
88
136
141
119
100
151
127
144
147
143
156
182
136
177
174
106
159
182
118
138
129
77
98
108
96
141
93
144
122
124
125
160
144
141
168
159
179
183
153
124
112
128
105
115
126
102
132
174
160
169
174
177
221
155
119
113
107
105
112
142
111
148
165
104
215
205
148
132
198
178
126
132
113
141
147
131
125
122
122
157
131
149
147
135
137
127
159
170
171
199
148
150
142
227
145
173
197
148
146
133
173
154
121
129
79
81
182
108
134
100
160
141
140
163
155
139
165
177
181
135
117
127
137
152
138
128
134
164
170
180
134
116
148
102
132
107
84
117
138
130
101
93
150
113
128
168
164
173
142
116
179
119
129
116
125
124
163
118
131
117
105
110
113
173
111
118
145
104
137
135
151
179
126
141
136
113
95
115
149
151
177
139
147
111
122
96
103
134
132
164
143
133
164
168
120
138
137
123
150
143
186
169
140
105
129
191
173
129
111
123
88
139
94
127
131
127
154
107
134
129
137
119
99
137
131
142
130
142
177
125
93
106
127
122
141
165
158
202
202
157
125
119
129
151
192
164
141
144
116
134
153
166
111
125
132
142
163
165
159
170
143
120
135
139
131
113
95
111
126
186
174
145
137
135
126
129
132
136
114
138
127
123
129
134
123
132
128
114
116
170
127
168
166
151
100
162
148
142
145
181
186
135
159
116
129
101
116
118
128
170
135
126
103
138
144
139
144
124
123
127
130
138
108
122
138
136
99
104
97
104
94
124
160
148
137
143
126
146
140
159
134
148
141
127
119
111
107
164
138
105
98
111
97
97
101
108
103
105
142
103
113
113
148
117
125
133
161
138
109
132
98
103
74
87
87
124
106
101
100
121
103
91
95
110
99
87
67
64
69
79
96
80
79
88
119
110
84
109
97
82
76
68
61
71
88
98
114
114
128
154
114
92
103
99
83
93
83
106
90
84
127
137
125
114
106
132
124
105
111
128
126
151
149
119
121
123
165
136
133
130
142
94
110
115
110
126
100
133
96
129
75
102
129
125
166
155
145
149
123
135
93
121
100
101
114
109
120
108
113
113
107
112
104
99
95
85
86
92
86
91
97
94
106
154
114
140
139
91
94
110
93
87
103
