27
24
26
22
21
24
14
17
26
30
27
20
22
19
22
21
16
17
16
18
16
16
21
19
16
17
17
16
17
17
16
16
16
15
17
14
23
17
14
21
23
15
18
18
23
23
25
20
19
28
20
27
25
24
26
27
21
18
21
35
25
37
27
22
33
31
31
24
39
24
25
29
42
32
27
27
32
38
41
43
40
48
40
59
42
32
56
50
36
42
36
54
68
52
45
37
32
46
45
35
44
41
64
50
63
72
76
48
59
55
47
55
45
63
55
70
70
62
88
69
92
81
68
58
62
66
111
110
84
125
109
65
129
135
70
128
120
116
101
100
121
129
132
100
97
111
106
191
113
111
140
102
178
158
167
138
137
193
215
198
165
195
197
192
139
188
156
234
157
197
231
170
234
190
218
218
234
265
187
227
226
209
228
253
253
194
248
144
257
214
226
255
196
259
230
246
281
249
250
246
200
264
239
293
233
195
166
248
329
215
321
207
257
236
219
286
255
178
240
177
273
237
187
190
278
239
217
273
218
229
222
223
228
168
283
251
292
288
264
243
217
300
256
296
268
289
234
273
284
246
287
294
242
290
257
344
278
261
270
313
303
251
239
203
198
248
288
275
252
235
243
261
256
208
200
281
261
192
268
182
313
246
228
290
323
249
294
277
263
295
227
280
216
246
236
305
278
256
302
254
198
263
226
253
296
259
242
259
202
219
272
211
252
223
184
227
247
215
186
261
243
249
183
249
249
202
265
179
213
241
214
238
231
214
250
246
242
279
240
218
193
221
240
300
272
263
282
245
262
235
240
262
194
205
208
223
188
279
198
268
213
180
217
194
228
195
215
252
243
211
185
217
170
182
262
179
249
242
211
224
210
239
213
222
202
179
252
233
236
212
230
207
206
218
219
207
205
227
263
211
237
239
256
212
193
231
227
253
228
245
181
200
195
240
173
218
226
205
240
261
222
217
225
250
207
232
220
247
261
211
203
192
250
292
227
237
192
159
192
190
192
180
236
234
169
206
168
236
201
186
207
204
187
198
227
183
199
220
167
222
182
192
171
210
187
174
199
228
165
230
198
207
210
172
201
168
173
214
189
234
216
203
183
204
186
166
234
235
188
259
213
205
227
269
206
191
160
207
214
195
234
196
183
217
273
225
207
234
219
224
213
217
242
222
215
212
221
213
251
190
187
224
228
234
209
198
161
184
207
178
250
202
219
239
204
239
211
200
208
217
210
219
227
220
224
177
235
216
208
207
220
244
211
237
156
275
176
214
219
235
204
224
226
218
193
230
229
240
219
258
217
275
207
213
189
234
172
190
197
196
229
215
196
191
187
211
209
254
231
241
175
190
247
146
204
227
235
221
222
222
217
217
190
148
245
241
210
199
176
267
247
232
196
180
207
208
190
186
186
238
211
158
191
191
218
212
235
233
205
200
239
192
205
199
155
209
180
216
179
152
207
216
205
173
179
199
178
165
224
176
224
248
198
191
220
186
201
182
209
207
247
226
212
170
205
202
241
189
203
206
181
193
246
241
184
207
218
190
210
215
197
261
196
249
221
236
212
181
247
220
251
217
175
233
225
219
204
208
270
244
245
233
253
245
281
232
220
223
224
199
263
236
198
182
254
205
227
223
216
238
240
217
277
207
227
291
224
277
208
269
268
167
228
203
253
205
217
226
174
158
172
224
274
245
239
238
233
248
236
228
277
223
204
181
249
273
175
267
259
229
252
234
233
229
265
201
251
204
244
258
230
231
214
219
202
257
231
255
243
241
196
240
245
254
287
176
209
241
232
286
212
230
190
284
239
208
249
227
208
245
235
238
246
264
209
239
241
224
256
240
213
226
244
255
232
220
216
220
260
299
251
193
181
268
242
303
224
198
203
241
190
261
226
242
204
254
232
198
264
209
193
226
218
204
208
210
213
233
277
177
238
187
167
174
262
215
228
205
266
245
229
171
218
196
282
251
212
238
186
213
214
243
201
255
268
221
230
220
233
261
263
189
195
216
229
176
268
230
218
227
237
306
219
216
258
196
271
220
265
293
201
251
194
237
275
241
192
198
209
201
208
263
200
251
159
192
211
166
196
209
178
227
189
197
239
232
234
188
235
188
235
283
195
244
170
218
218
269
204
217
215
184
194
163
236
241
223
266
259
224
171
251
193
190
205
222
238
186
191
196
185
245
247
268
272
170
221
190
212
245
166
203
224
191
251
189
232
208
214
200
216
196
169
182
201
195
216
170
174
177
228
198
206
194
171
246
196
198
231
