29
20
35
26
20
16
23
13
17
22
23
26
20
26
17
25
16
22
19
24
17
20
23
14
18
18
16
15
21
15
22
14
19
16
21
19
23
16
22
18
20
24
18
21
17
16
22
18
16
18
22
25
15
21
19
22
31
24
18
23
27
31
33
33
24
26
37
25
27
32
31
38
33
37
31
26
44
30
35
48
28
31
40
29
55
40
45
38
39
36
40
36
57
29
58
46
52
35
53
47
51
52
38
50
56
28
47
60
42
51
43
44
60
69
36
65
42
68
83
52
51
41
56
62
48
39
51
74
51
81
87
97
92
75
51
62
85
45
76
60
47
71
76
34
64
82
46
78
76
73
87
48
78
63
75
81
89
108
73
64
112
58
44
59
84
61
61
106
55
77
142
124
68
78
91
124
94
98
59
70
84
120
93
58
106
104
97
139
56
133
111
121
87
125
111
98
64
151
63
88
97
91
132
113
58
98
114
88
85
87
103
115
79
46
94
143
118
74
143
119
73
125
98
88
97
173
89
101
54
57
138
51
118
94
125
118
97
60
115
135
123
83
134
120
173
119
150
112
135
104
62
116
105
122
87
181
161
45
149
200
110
81
122
131
184
140
128
157
128
118
95
123
203
104
84
72
78
73
74
85
69
98
116
114
78
57
87
97
74
148
108
81
89
104
102
56
127
101
124
84
171
64
55
66
94
124
126
132
124
126
149
88
101
89
107
137
166
177
132
108
91
100
80
83
97
74
103
117
80
217
130
98
70
66
106
96
80
58
119
71
68
125
72
75
108
178
147
59
86
130
70
129
99
114
111
87
93
123
119
52
121
124
162
109
83
85
135
85
128
88
106
129
138
102
100
128
144
141
109
81
88
80
136
140
95
102
102
107
82
78
59
114
94
107
165
128
110
80
100
115
114
170
109
163
141
96
99
200
120
98
89
81
105
116
106
137
165
86
94
98
126
109
77
96
78
50
79
134
91
84
72
74
170
172
85
60
65
69
87
105
129
103
132
95
110
139
73
86
81
54
97
76
129
124
120
96
74
118
120
122
78
78
156
113
94
105
127
110
88
112
111
78
72
84
136
117
106
100
113
61
61
112
48
100
109
136
120
94
88
76
74
93
80
73
64
63
130
119
45
63
129
128
202
157
110
88
74
71
89
64
61
67
117
92
61
162
129
126
109
106
90
54
60
95
180
133
120
112
90
83
101
166
79
73
119
172
110
146
131
147
100
93
75
81
96
144
121
174
156
134
124
75
174
182
129
79
85
72
66
127
138
75
145
114
132
93
154
117
87
140
104
87
115
116
116
86
91
61
57
84
143
99
96
71
155
100
111
54
149
87
118
72
61
99
72
72
104
61
96
94
102
71
134
118
118
101
90
117
149
78
103
112
70
87
102
144
99
156
84
69
135
65
130
134
81
78
32
39
125
124
108
194
102
96
158
150
132
109
95
161
134
121
103
45
31
71
84
57
81
151
130
130
107
150
117
91
107
94
99
156
115
120
164
146
90
88
132
90
90
106
102
99
57
108
99
125
93
117
145
152
85
126
62
48
68
98
137
114
115
77
70
116
93
49
39
56
69
84
56
132
110
94
105
69
97
91
77
76
74
106
88
121
98
83
136
117
121
106
99
66
83
122
73
100
67
93
95
113
126
107
112
90
62
104
84
86
98
94
81
130
77
95
56
64
57
91
30
62
109
104
88
46
123
51
99
79
86
88
132
117
113
90
67
127
113
112
127
154
64
59
148
97
69
97
55
81
129
109
93
140
69
82
83
104
107
134
116
84
76
82
71
85
85
161
94
84
79
73
71
89
104
115
138
98
76
116
136
113
78
94
114
117
226
110
105
111
108
142
65
77
112
93
95
129
99
89
69
162
79
109
102
70
124
89
93
124
113
109
222
83
157
91
99
121
95
133
85
103
95
96
70
64
93
120
81
122
94
96
123
119
87
68
91
53
94
97
91
76
145
94
86
103
74
84
96
82
84
94
116
97
99
80
105
70
177
135
95
93
101
115
89
73
93
115
167
96
130
161
130
96
137
106
72
96
75
55
74
66
105
86
121
70
80
82
71
77
111
75
83
73
89
84
66
92
57
94
101
121
94
113
85
59
77
88
79
103
126
96
74
59
98
66
98
71
111
72
53
97
81
111
112
161
130
65
71
104
105
121
123
103
97
85
127
73
92
95
77
140
100
126
165
87
80
74
102
92
106
98
104
84
159
87
65
79
85
87
88
109
79
90
135
129
120
93
111
81
61
101
55
