28
23
21
38
22
23
21
13
16
18
20
16
18
23
22
27
14
23
20
20
27
21
18
16
15
17
21
23
18
19
15
17
21
22
21
23
19
21
19
22
23
18
25
24
23
23
26
37
33
34
42
37
52
30
44
33
31
42
38
40
39
47
47
46
46
40
37
34
45
46
50
46
45
60
40
44
43
47
46
50
52
36
51
51
59
55
67
58
60
58
72
44
59
87
92
74
81
54
98
93
59
57
52
95
89
94
105
75
116
90
99
93
139
62
81
92
103
74
75
60
60
56
57
71
79
73
80
60
108
61
96
88
89
102
129
97
60
111
82
137
75
124
93
143
142
89
76
90
142
92
109
109
128
130
103
134
129
120
84
98
113
136
107
125
126
109
108
86
126
129
132
135
172
92
119
145
97
135
110
136
152
85
165
118
93
114
115
153
99
87
142
96
74
124
104
131
110
115
114
82
128
93
137
172
141
122
104
112
110
96
93
115
101
123
83
113
120
98
99
110
116
85
131
136
112
104
73
83
114
76
81
77
97
107
131
102
97
70
96
114
104
105
80
82
92
103
115
119
88
41
103
107
123
113
91
65
90
121
151
78
99
94
116
131
89
120
145
54
138
112
131
140
90
130
84
106
106
106
114
113
79
88
76
71
104
80
78
52
115
95
99
131
120
72
121
92
75
114
66
72
128
114
104
74
98
94
64
101
100
122
89
50
95
72
95
95
116
92
79
110
97
111
92
94
99
75
108
91
100
91
116
154
127
147
100
112
90
96
106
88
84
101
117
101
103
112
113
88
109
77
120
110
67
127
85
116
91
91
100
70
152
156
78
114
147
98
82
141
97
103
100
91
118
151
137
174
124
117
94
133
107
98
87
86
91
122
181
132
118
126
122
123
108
148
114
110
95
112
112
121
82
61
82
92
83
84
85
113
96
103
126
124
86
101
115
105
78
100
96
81
145
106
105
85
68
77
112
125
153
135
112
101
118
124
128
123
105
123
126
127
104
109
122
105
109
115
93
114
96
139
73
96
115
175
144
126
121
147
145
144
135
115
100
117
125
114
99
93
82
102
122
144
106
78
166
125
147
100
120
124
127
70
98
95
111
109
164
106
112
88
123
93
117
117
119
106
109
92
113
145
154
131
129
92
102
115
117
141
85
70
94
75
104
110
69
110
132
113
175
147
140
128
136
116
88
90
121
88
111
116
78
100
100
119
132
127
160
126
109
121
85
105
115
134
101
96
92
130
158
99
111
84
116
79
120
99
133
135
119
144
122
123
104
109
115
137
142
110
125
130
174
124
108
81
159
141
135
124
140
89
106
170
110
97
130
114
106
98
98
125
108
168
106
158
116
77
108
149
131
130
110
135
129
126
95
120
102
92
94
151
130
144
176
110
156
130
100
138
150
151
102
101
136
146
134
119
132
121
166
136
97
131
95
93
137
94
109
108
109
148
113
122
119
118
120
94
144
134
121
129
110
116
128
130
121
169
144
127
121
98
132
154
141
123
126
116
99
114
119
118
154
107
130
128
109
131
123
130
130
134
184
128
125
116
103
157
153
118
128
157
181
135
152
139
105
102
108
126
152
130
141
129
140
147
105
123
144
99
142
150
145
122
113
137
168
123
174
117
142
130
155
110
118
116
154
130
134
112
92
170
142
121
120
141
141
126
163
120
166
128
135
122
133
147
150
175
138
158
142
147
143
169
122
115
94
117
127
130
193
175
139
185
155
148
132
126
145
175
150
132
127
143
177
120
134
124
163
126
174
118
121
137
142
173
117
134
146
112
121
172
185
248
161
151
78
133
136
144
132
127
124
154
146
106
96
139
120
122
114
149
111
118
142
129
127
110
127
109
145
113
157
122
127
91
126
103
110
127
148
123
133
114
178
171
127
118
111
105
98
122
133
121
136
123
117
93
129
125
107
120
109
171
145
171
135
120
115
99
148
146
107
99
131
115
116
131
118
143
127
133
136
173
183
163
121
115
122
124
125
127
136
165
181
134
117
150
129
115
132
152
152
123
109
156
114
101
102
103
96
118
112
99
123
121
116
102
117
88
84
129
136
149
176
134
165
153
111
173
119
100
91
145
160
125
153
168
113
138
128
146
123
154
107
125
93
137
137
151
168
115
114
136
127
162
112
117
122
116
156
150
153
121
142
154
105
159
128
155
137
117
181
160
123
173
161
120
179
111
147
116
110
122
130
123
108
124
108
112
154
151
122
109
126
94
112
100
92
117
148
96
110
120
165
124
107
118
138
117
135
