28
16
20
22
19
19
22
19
15
21
21
18
18
18
25
20
16
24
26
19
22
21
20
15
21
18
14
16
18
18
16
20
18
18
23
19
24
19
19
19
15
20
23
17
15
20
25
20
17
14
22
19
18
18
15
17
22
28
19
20
28
19
27
26
29
35
27
33
24
36
26
28
21
31
29
20
33
34
33
42
44
42
40
28
33
32
24
27
31
28
28
43
46
20
36
30
30
43
34
38
25
46
49
41
23
41
41
55
38
27
40
35
52
42
41
50
46
41
57
39
32
65
46
56
69
51
49
69
43
58
80
58
94
91
80
52
49
52
63
52
62
88
63
73
109
81
82
66
54
52
87
124
87
71
109
60
114
115
62
108
118
87
37
53
57
100
151
97
121
68
116
105
117
81
103
108
132
128
104
90
124
159
120
140
102
121
122
166
117
149
183
135
180
140
131
69
104
108
111
188
149
91
178
146
143
146
131
142
162
199
130
106
137
164
158
207
177
77
120
111
172
131
132
163
180
197
135
140
140
188
132
163
104
83
80
168
183
134
157
168
138
179
156
155
168
149
159
182
164
145
241
175
175
197
158
145
96
172
105
134
138
224
91
210
211
202
256
167
159
150
210
179
103
119
97
157
159
155
193
181
144
165
169
206
165
147
146
168
183
239
201
150
185
157
155
166
227
154
166
171
215
151
125
133
147
133
186
172
122
196
204
148
194
149
166
148
186
190
188
182
193
149
100
109
178
119
183
112
149
153
105
141
151
216
215
164
110
103
185
179
226
170
173
213
204
213
195
157
121
142
117
124
154
144
163
190
178
142
192
167
164
100
123
164
189
171
186
144
127
119
145
218
156
172
153
173
160
238
261
175
147
194
151
190
161
246
199
210
199
145
107
163
155
147
167
200
257
221
233
198
202
222
126
136
123
161
173
181
172
170
221
151
165
141
133
162
141
150
153
162
176
150
151
177
152
181
168
103
118
133
119
110
134
113
118
112
116
126
148
141
119
138
131
96
81
113
134
121
88
98
111
138
124
135
175
117
153
165
162
193
221
139
142
109
137
173
157
130
114
115
111
75
131
138
130
130
122
116
109
127
145
126
131
120
145
145
150
91
123
171
112
162
129
118
124
153
163
160
157
154
142
188
165
155
146
140
134
160
130
156
139
159
150
167
159
157
152
128
135
149
171
138
139
133
141
130
172
204
162
132
135
162
226
155
117
118
140
129
152
153
167
144
154
172
144
92
126
110
118
134
171
152
120
177
155
185
136
169
115
145
149
143
139
122
149
122
125
151
157
123
154
155
126
148
124
174
169
189
141
177
169
181
148
176
205
146
175
114
102
130
172
227
207
136
124
123
126
119
140
159
172
148
167
204
181
165
172
135
112
139
94
178
109
125
178
157
164
130
158
167
151
189
186
156
161
137
124
116
124
89
122
109
170
129
119
117
164
164
127
115
118
145
161
161
114
122
146
140
142
165
144
146
161
128
145
131
172
134
117
133
182
176
150
118
142
160
100
167
151
121
116
172
107
135
164
117
180
214
182
195
145
136
194
175
184
163
138
141
189
138
148
125
138
160
160
128
132
139
159
145
148
158
177
150
190
159
175
188
188
204
210
165
157
180
120
148
145
175
172
235
152
115
161
158
107
129
174
172
179
146
133
97
112
119
133
134
142
151
167
146
163
185
154
121
141
146
157
158
181
150
184
160
189
164
221
146
148
151
111
156
129
117
136
181
163
154
129
149
164
203
193
209
189
214
199
192
132
134
150
170
170
133
142
127
143
149
174
134
168
174
193
179
161
126
150
125
124
193
177
138
179
160
161
181
168
186
141
80
82
115
132
117
139
124
162
124
101
127
114
133
159
132
133
164
163
119
136
144
182
164
156
144
120
114
117
116
145
133
150
149
149
185
141
124
120
114
125
137
144
127
144
121
154
153
126
125
120
119
174
154
154
158
136
195
170
173
154
186
213
131
185
143
142
156
133
121
144
142
156
203
161
120
108
115
109
107
100
122
117
111
138
114
132
115
98
103
70
94
130
136
119
131
125
124
138
120
95
136
171
127
143
117
129
139
139
120
145
101
115
153
173
142
151
167
150
141
143
136
152
142
138
138
123
134
116
165
145
150
162
173
176
166
122
114
136
111
110
109
128
127
137
127
128
150
111
138
156
178
150
178
184
161
194
173
157
171
139
168
162
177
123
123
135
141
168
143
126
117
109
141
99
114
144
115
132
100
112
115
118
128
118
105
89
92
126
138
141
101
105
