29
17
23
21
21
18
20
18
18
19
30
23
22
22
20
22
21
31
19
22
20
17
16
18
16
14
13
18
16
17
19
12
14
16
21
19
19
17
18
16
22
21
22
21
18
19
23
16
15
13
19
13
17
14
14
14
13
16
15
13
15
19
15
17
13
17
15
14
19
13
16
16
12
17
12
16
15
18
13
14
15
15
11
18
12
14
11
13
11
13
13
12
12
12
11
11
15
13
15
11
11
13
13
14
12
12
12
12
12
11
16
16
10
10
12
16
11
13
11
13
14
11
11
12
16
15
12
10
12
14
12
14
13
12
11
11
11
11
12
10
10
12
12
11
12
11
11
12
14
9
12
10
10
12
11
12
11
10
12
13
14
11
10
10
11
11
12
13
12
12
10
11
11
10
11
10
11
10
12
10
10
10
10
10
12
13
11
10
11
10
11
13
12
9
10
10
10
10
10
11
11
12
11
10
9
11
9
10
10
10
9
10
10
10
10
11
11
10
10
9
10
10
9
10
10
10
10
10
12
10
11
10
9
10
9
10
10
11
9
11
11
11
12
11
11
9
11
10
11
10
10
11
11
9
10
10
10
11
13
12
11
10
12
9
10
11
10
11
17
11
10
13
11
14
17
11
11
14
11
11
14
13
24
19
23
20
22
22
18
20
23
23
16
25
26
21
35
23
33
25
21
26
25
17
22
25
18
16
30
29
26
28
17
26
25
24
19
24
35
25
21
38
36
30
52
20
37
30
24
28
24
32
31
44
42
32
36
28
38
44
33
32
27
23
22
23
39
23
25
27
29
28
23
32
19
23
30
22
36
27
37
33
36
35
29
26
27
40
35
35
40
25
25
28
30
34
38
32
27
35
33
29
32
35
32
41
20
33
31
41
18
22
32
26
33
24
30
25
43
46
36
36
36
27
31
18
20
24
28
22
27
35
23
16
23
26
27
31
25
27
19
17
22
15
25
22
18
18
23
19
17
20
19
16
18
21
11
15
22
18
18
19
18
19
18
15
27
19
17
16
21
37
27
19
26
19
32
39
44
41
27
37
40
45
29
32
26
22
27
28
22
19
17
21
17
14
15
21
17
19
26
24
24
18
26
19
24
26
21
32
18
29
29
16
19
18
21
16
25
20
23
20
19
15
18
18
21
19
20
23
31
22
27
31
33
33
35
45
46
34
33
22
25
38
47
36
30
24
26
30
24
22
20
29
22
18
33
27
23
30
20
19
24
14
32
24
27
29
26
35
21
38
30
27
27
22
24
25
20
36
29
31
33
35
34
30
24
35
26
25
38
26
23
32
32
22
25
34
26
28
23
20
16
33
26
34
26
28
18
19
26
25
20
24
11
29
20
28
22
23
16
18
23
28
22
20
19
16
26
19
17
19
24
13
20
20
25
31
21
20
19
25
18
21
19
22
17
21
17
15
18
19
28
17
23
27
35
18
36
21
38
33
23
23
21
20
25
32
23
20
23
28
22
24
22
16
24
29
30
24
25
41
22
26
16
25
24
26
25
30
23
30
15
24
26
23
19
24
26
27
22
21
27
23
22
17
17
21
27
23
17
34
20
28
25
35
25
28
30
25
26
33
38
15
28
35
18
20
44
28
36
29
24
29
33
46
39
37
29
21
20
36
24
29
32
24
30
25
29
32
32
29
25
26
18
28
22
30
28
20
22
26
29
26
23
29
21
25
29
39
35
20
26
39
22
22
29
25
23
20
45
24
36
24
25
31
36
47
33
20
29
32
33
34
42
29
28
21
42
23
21
34
30
29
39
43
33
43
19
28
35
30
42
38
27
24
33
31
36
37
36
38
23
46
39
27
29
32
34
27
23
40
32
43
39
30
19
47
43
34
38
40
45
43
44
33
46
36
44
47
52
46
45
40
66
31
40
25
37
39
37
36
46
38
52
43
37
36
31
36
44
45
61
25
27
34
39
36
34
54
29
23
32
30
32
21
22
29
28
23
29
33
24
31
22
19
23
30
23
27
32
20
29
25
39
30
29
42
39
37
21
29
27
26
21
31
28
21
32
21
24
21
33
19
37
30
25
24
29
24
33
26
32
34
24
35
30
20
22
33
24
38
46
30
23
25
27
29
43
24
20
33
20
23
27
20
28
41
25
32
26
28
31
27
31
35
24
19
33
36
34
29
41
27
25
32
32
22
27
21
25
22
38
27
33
28
22
23
29
41
25
31
28
24
18
21
22
19
19
22
30
26
23
56
29
27
26
38
36
28
29
24
22
33
37
29
29
41
33
