29
18
27
19
18
22
17
16
15
19
22
18
27
15
19
13
21
22
19
15
28
17
19
14
16
17
14
15
15
17
20
15
19
17
24
17
18
19
17
22
14
17
20
20
15
21
17
18
33
34
28
39
35
26
31
28
49
56
35
32
48
41
53
41
33
49
49
42
54
36
46
37
81
35
51
51
45
46
37
65
74
42
42
63
45
60
45
63
49
76
65
69
87
56
62
76
82
93
70
62
87
80
61
65
65
87
80
116
106
103
96
79
78
93
98
75
98
98
75
78
83
89
92
86
144
65
100
98
81
90
114
100
94
78
110
115
83
103
99
108
127
140
140
102
99
123
186
107
101
141
77
125
99
81
163
67
122
118
107
119
156
72
153
175
131
138
111
154
121
95
111
153
101
126
87
176
170
193
170
121
132
154
159
162
171
141
177
133
153
146
164
117
212
157
138
168
138
116
174
109
136
157
125
161
129
161
101
111
120
151
147
130
104
127
121
73
151
116
94
89
68
78
152
105
88
143
91
84
104
114
105
113
88
90
89
143
147
94
99
77
71
104
118
85
87
101
125
132
78
82
97
74
121
94
133
108
72
99
64
80
78
100
107
100
64
113
89
122
80
67
91
90
84
154
75
105
67
64
113
101
76
94
76
105
88
88
116
111
97
75
100
103
70
78
81
141
112
78
129
98
90
95
110
78
72
90
80
95
74
83
87
96
50
120
118
84
78
89
71
60
111
88
76
82
87
121
85
61
113
76
68
64
116
90
70
96
67
92
101
124
109
77
126
95
82
91
69
68
122
64
93
92
62
99
111
116
91
77
85
122
119
94
69
112
128
89
101
114
135
66
143
121
101
93
89
169
104
137
117
128
112
128
151
90
142
124
104
88
99
133
74
99
104
81
127
100
96
104
139
89
113
66
121
99
139
127
107
112
69
105
127
103
117
111
86
117
142
109
91
127
107
87
123
96
119
106
85
93
108
92
110
99
86
74
152
87
119
101
158
133
139
141
174
115
125
131
122
123
155
110
113
112
144
90
79
129
144
114
145
107
154
96
122
120
115
90
148
123
111
108
90
73
124
150
159
121
173
168
119
142
110
109
121
181
129
152
117
127
121
110
96
128
118
134
120
73
99
89
124
119
95
117
123
128
97
154
110
180
124
99
123
132
131
108
108
117
144
148
151
101
125
135
116
114
148
114
141
121
146
136
194
125
144
118
103
133
111
156
126
159
115
87
162
115
180
126
121
144
150
134
114
139
134
134
107
134
166
149
147
124
160
121
144
164
120
122
108
121
171
127
135
167
112
131
117
141
156
131
113
125
137
135
111
111
129
115
124
151
112
120
119
116
111
171
109
140
133
180
127
127
139
120
119
136
156
146
161
145
107
143
157
131
138
144
147
240
152
102
124
154
151
146
169
168
148
113
155
139
129
179
128
168
143
151
135
141
142
117
143
144
215
114
165
129
176
173
156
112
118
166
155
165
164
158
162
100
139
130
162
135
158
140
136
135
124
115
180
170
153
199
155
142
130
112
140
189
126
161
147
133
161
135
168
154
166
117
108
140
151
149
129
183
133
139
174
172
144
146
143
181
145
137
177
145
203
132
137
187
147
180
145
183
150
149
108
142
173
144
164
167
145
120
177
163
173
173
118
139
100
123
116
144
158
149
134
128
172
171
141
178
169
174
200
149
162
148
149
196
118
135
148
106
151
175
158
139
157
149
154
175
134
181
138
163
169
144
146
143
161
180
193
196
133
121
168
168
193
200
171
151
139
164
172
130
202
174
136
138
155
146
172
120
127
176
182
177
217
148
220
172
219
149
197
138
162
150
167
129
187
185
220
134
142
164
148
217
170
160
142
199
194
157
177
152
139
155
157
190
208
208
173
159
178
214
139
117
142
143
155
164
162
216
157
167
117
159
177
182
172
136
169
157
168
173
133
126
183
135
155
146
221
151
164
129
178
150
163
149
181
192
145
128
167
187
186
150
190
194
159
192
135
174
136
123
130
143
189
164
166
184
140
188
162
175
183
178
180
162
165
149
130
131
153
165
232
128
145
167
150
194
142
159
155
201
152
143
166
127
197
139
172
189
199
154
148
147
198
161
150
148
133
137
143
144
168
180
148
158
181
183
146
185
137
197
213
128
184
171
144
135
186
150
151
149
127
178
156
160
153
132
136
202
150
124
156
186
138
138
179
164
164
162
136
162
157
170
158
142
177
175
180
112
141
144
224
157
247
183
136
154
122
138
144
166
226
153
166
183
179
