29
15
21
21
27
25
19
15
23
19
25
16
23
22
16
23
19
16
20
18
21
16
15
23
19
17
14
15
18
18
18
16
16
17
17
18
17
19
17
19
17
20
21
16
19
19
15
19
19
17
17
17
14
17
15
13
17
15
16
16
21
22
23
22
18
22
16
30
23
34
29
32
29
49
35
27
46
34
29
40
54
32
47
45
38
42
35
42
37
38
58
31
57
45
43
45
51
31
51
50
47
35
48
39
41
51
61
52
48
65
55
64
59
57
68
68
63
82
80
61
61
80
88
57
73
71
83
107
95
67
99
111
80
65
99
108
121
90
104
121
96
104
131
124
127
105
108
153
159
112
164
132
157
136
95
160
151
166
174
128
121
203
133
205
155
163
222
176
227
201
158
207
203
156
184
176
188
158
238
214
188
134
237
197
182
207
212
285
234
229
185
197
272
193
247
237
195
276
298
221
215
267
276
309
294
207
255
209
183
261
219
253
245
236
196
260
221
226
256
309
253
281
247
268
208
285
235
239
246
269
227
255
252
208
322
234
185
261
271
263
282
200
217
233
263
242
247
220
270
292
281
241
276
253
308
259
262
274
275
269
290
296
249
305
298
261
288
258
316
282
254
293
302
261
307
268
235
259
262
248
209
247
247
281
292
243
273
253
291
220
253
258
289
363
252
304
312
212
250
293
282
269
231
287
252
256
276
310
287
225
273
287
239
279
299
282
289
264
259
285
293
293
288
273
232
327
275
299
286
281
273
272
289
213
270
253
308
258
306
260
278
287
234
278
283
277
271
314
270
270
266
284
280
288
265
306
274
272
265
274
276
275
309
274
285
297
236
255
268
282
299
287
316
364
286
279
267
331
266
291
255
295
330
329
347
274
218
250
263
277
307
312
300
319
286
299
280
276
287
291
260
268
291
273
234
249
308
274
271
300
231
258
299
248
242
223
262
284
250
266
260
255
221
301
262
296
256
272
254
258
233
307
248
262
290
256
266
274
245
263
297
235
236
299
233
290
320
275
311
279
224
310
232
284
288
300
259
268
323
285
228
264
312
256
294
297
329
248
278
212
298
276
265
284
314
283
230
277
266
284
228
261
259
245
319
275
251
245
266
273
252
251
293
256
319
235
276
224
282
215
254
302
203
295
261
276
262
222
201
272
269
228
234
266
245
223
236
237
265
313
265
245
251
238
227
300
260
250
268
220
215
225
264
285
232
246
228
237
222
241
254
266
254
256
238
271
259
277
226
221
216
262
272
209
211
203
275
252
240
253
265
229
227
257
230
278
211
183
238
197
242
315
253
238
233
256
233
217
252
232
203
190
270
234
237
242
253
240
268
215
238
221
303
191
253
199
216
281
258
253
175
178
203
225
255
239
221
261
229
234
230
253
220
204
204
246
243
243
207
238
207
248
173
237
218
268
218
207
184
199
193
202
250
265
227
235
255
247
253
230
259
213
242
269
208
199
201
271
222
160
228
198
198
229
210
205
197
201
228
211
212
162
175
218
193
237
177
184
231
215
195
239
226
273
236
207
231
219
199
188
211
213
203
228
211
188
205
231
191
256
209
232
217
237
216
185
213
229
220
206
196
167
222
226
209
171
195
228
205
238
206
236
203
173
235
195
227
245
251
285
179
194
219
195
176
207
239
241
178
222
229
237
200
229
214
215
229
238
220
198
246
225
182
196
204
289
209
204
220
232
243
217
195
190
201
163
220
193
212
190
239
262
212
233
220
210
217
187
212
183
211
220
209
217
225
200
186
231
210
175
181
266
228
230
155
175
241
203
202
229
200
203
217
162
192
273
212
206
198
225
253
201
220
203
205
243
193
259
226
226
262
206
256
227
224
264
232
187
230
230
227
210
205
220
241
205
206
210
165
187
260
216
212
167
245
235
213
208
268
195
217
191
231
266
235
254
195
238
220
215
199
189
224
156
207
181
196
246
191
189
187
219
252
226
187
190
196
210
218
203
238
251
178
239
177
238
206
189
182
206
212
162
246
225
167
199
209
275
224
228
251
175
196
199
166
201
205
218
227
233
242
175
180
193
189
208
218
187
179
261
193
217
210
188
268
211
228
145
165
200
225
243
212
258
236
194
196
221
252
211
187
219
195
219
218
214
221
209
203
263
214
234
170
178
178
261
230
217
235
200
222
268
182
224
216
242
180
243
243
174
235
222
276
217
244
199
166
179
162
229
263
241
240
215
273
164
215
219
229
227
207
192
268
183
242
187
234
290
261
222
201
237
245
199
250
226
209
218
225
