5
6
15
10
6
6
4
6
9
7
5
9
15
2
9
2
10
7
7
4
16
6
10
3
7
4
3
4
6
4
9
5
7
5
18
7
11
6
6
10
6
6
8
10
9
8
6
7
25
37
22
19
23
17
18
13
24
32
27
16
36
43
27
18
24
26
35
30
32
25
27
30
51
17
29
23
28
30
20
33
19
25
25
27
25
47
33
28
42
45
36
41
74
35
27
41
54
64
38
52
59
42
47
31
30
59
37
38
56
61
43
23
63
53
53
54
73
45
34
49
62
61
63
49
71
50
73
57
59
66
60
86
80
38
48
71
46
71
55
80
68
82
110
68
68
65
102
79
89
90
55
73
59
78
122
49
80
65
78
64
81
71
81
103
86
80
70
76
50
62
62
84
66
80
71
63
64
133
108
90
78
114
100
92
104
122
107
130
91
52
101
133
73
71
80
100
61
93
120
63
113
101
59
79
79
124
73
94
82
72
100
64
78
97
72
88
85
99
85
97
43
52
71
68
61
115
51
48
101
119
98
77
53
41
63
83
105
57
64
74
53
53
35
41
77
46
60
78
48
70
52
67
97
60
109
119
50
77
43
46
53
66
59
76
33
101
57
80
59
52
84
67
53
91
46
40
47
42
88
72
52
93
53
72
72
53
57
57
62
47
68
75
38
60
59
52
51
68
80
96
58
36
70
55
50
37
72
77
65
54
67
138
27
89
96
39
48
43
52
47
59
70
47
64
71
131
48
43
68
42
38
54
35
57
49
62
38
46
131
63
106
41
111
53
50
49
51
56
64
43
93
43
48
72
73
99
48
88
37
69
71
37
47
103
134
48
64
68
99
46
33
57
56
47
42
117
58
107
29
98
113
63
88
61
111
52
33
75
81
59
34
68
70
51
64
72
47
39
80
43
111
46
48
58
50
68
50
29
47
82
69
54
41
51
48
95
70
55
41
73
52
47
76
72
43
77
32
32
129
64
59
62
41
35
90
45
48
38
91
62
76
81
78
69
73
59
48
73
62
87
46
44
36
39
52
89
75
47
110
68
69
63
72
35
38
82
44
43
74
86
34
39
56
80
72
69
93
106
55
55
34
39
60
71
60
119
54
45
65
68
83
70
43
57
110
51
62
51
62
61
50
83
57
48
67
96
50
82
89
59
70
39
71
73
51
72
61
60
100
68
52
31
84
57
39
47
50
51
53
52
140
67
60
70
51
81
57
72
54
107
50
43
79
66
63
52
97
63
49
96
37
40
83
59
57
51
101
69
38
28
89
62
67
67
65
54
57
63
53
55
51
43
84
51
45
66
96
39
47
60
54
96
59
48
69
34
77
66
52
47
80
51
38
58
68
66
50
85
48
55
56
39
49
57
54
63
51
49
38
76
97
68
87
106
50
128
71
57
25
47
70
49
98
89
60
34
71
72
45
78
46
125
67
72
76
61
77
38
54
45
108
46
81
71
72
84
114
54
31
93
70
110
45
49
109
42
37
55
107
54
49
90
34
28
75
47
76
110
83
81
51
63
49
23
42
89
42
71
55
46
75
39
109
70
96
61
44
54
58
59
46
85
66
52
54
83
37
70
55
88
71
71
64
42
100
82
50
110
76
42
94
97
48
84
48
39
81
43
76
77
70
41
117
59
59
116
57
76
41
63
39
41
107
52
31
47
64
90
28
85
101
115
122
67
37
90
66
123
84
65
40
52
74
77
83
50
63
65
107
114
85
67
64
81
55
86
61
53
47
95
112
111
48
46
85
102
109
82
105
45
116
109
84
46
91
96
40
47
59
109
106
63
45
87
53
81
132
58
122
123
126
35
112
37
73
95
79
38
67
53
92
70
66
89
36
108
115
117
105
93
134
67
58
113
36
54
72
127
95
109
77
76
49
111
52
79
58
69
83
71
93
94
95
74
70
108
112
126
67
69
77
41
71
77
40
60
73
41
45
56
100
51
64
51
66
92
76
53
68
109
64
46
79
101
92
36
111
106
66
125
48
68
63
42
49
47
83
60
71
71
47
105
77
72
133
92
145
68
73
46
35
68
84
59
128
60
60
86
67
124
75
60
54
115
48
55
57
55
68
39
104
123
109
46
31
60
82
58
72
49
61
49
65
69
95
83
56
71
76
123
65
59
43
106
115
74
110
79
66
69
70
60
51
66
25
82
47
51
54
21
43
111
58
36
92
127
36
44
74
96
55
46
22
48
50
50
137
66
75
80
68
51
42
40
99
45
102
74
40
43
45
62
63
74
135
64
83
110
102
