4
7
12
18
9
15
11
10
13
16
14
9
14
7
16
16
11
7
6
4
4
10
4
7
13
4
5
8
8
5
6
8
13
5
4
8
5
12
5
10
16
11
11
14
16
7
9
7
8
4
5
5
5
2
8
7
4
6
4
6
11
7
5
9
7
6
6
5
2
6
5
9
12
3
12
6
9
3
8
7
8
5
7
3
8
2
5
2
7
5
4
2
4
2
13
3
4
5
5
4
2
4
2
3
11
2
6
2
4
4
5
3
5
5
6
9
4
6
3
2
2
4
8
8
2
5
7
4
6
7
5
6
4
4
6
3
6
4
8
4
7
6
3
4
10
5
4
5
4
3
6
6
5
6
8
4
8
12
3
1
5
3
8
8
5
3
7
6
7
8
4
8
4
5
6
4
5
6
5
12
3
9
6
42
8
10
15
12
16
4
9
6
7
3
7
6
8
6
11
7
10
7
8
28
14
23
34
19
17
7
19
62
13
9
14
24
10
4
13
23
20
11
9
14
7
14
4
7
4
4
18
6
7
7
13
11
12
12
23
12
13
11
5
13
5
13
7
26
3
4
9
16
6
13
9
12
4
8
7
6
22
7
14
10
14
18
8
12
11
11
14
10
10
20
9
8
11
17
14
10
14
11
14
15
6
16
16
10
12
13
15
14
14
11
9
15
15
17
7
9
18
16
20
16
9
12
19
25
18
26
23
14
12
7
22
4
14
9
12
5
16
11
7
10
17
8
10
10
29
17
16
17
13
12
11
10
13
11
7
19
17
31
33
38
17
15
28
26
20
12
21
13
12
37
19
25
29
14
19
12
17
24
9
15
13
16
18
17
26
20
17
18
23
31
27
28
28
19
18
25
85
23
13
20
39
20
14
16
19
16
8
27
20
28
16
12
12
16
23
14
15
25
11
20
17
7
23
26
26
21
31
18
32
25
21
17
22
13
33
32
30
19
15
36
26
12
24
12
16
16
23
18
36
51
50
34
44
21
129
43
11
17
22
15
139
10
44
31
13
25
21
28
29
139
137
138
137
42
148
38
40
36
44
40
139
32
119
17
38
136
46
71
19
25
67
15
89
27
65
11
19
30
8
60
25
13
20
10
11
26
23
15
34
20
15
21
17
18
26
39
15
23
43
36
34
15
25
24
22
28
43
29
27
30
78
137
24
17
23
35
14
16
32
37
22
23
35
25
25
30
46
27
12
23
20
20
24
19
31
23
21
19
24
16
30
19
17
18
18
27
15
23
48
17
17
22
20
16
19
32
20
18
15
33
15
14
26
11
27
19
15
18
20
12
16
18
17
11
58
20
23
19
15
20
28
21
10
15
17
24
15
19
28
24
13
23
21
21
21
17
15
17
15
16
16
19
17
24
14
14
19
25
17
25
33
14
10
19
14
13
13
18
15
19
24
12
16
9
16
21
13
16
17
19
16
17
7
17
14
13
25
27
18
26
22
21
11
11
11
10
15
11
7
9
10
16
13
23
11
16
8
22
6
23
13
12
11
14
11
12
10
10
10
12
27
7
9
10
10
15
10
13
13
10
9
11
14
15
13
9
12
8
8
13
21
22
26
11
16
35
13
51
20
22
15
24
15
16
20
15
12
22
29
18
12
16
16
15
15
19
27
18
13
19
16
17
22
13
14
18
20
14
26
18
12
14
19
14
21
11
17
11
16
33
13
13
21
11
18
27
19
27
19
12
21
30
24
21
14
11
18
13
18
15
21
21
19
9
17
17
14
19
26
23
19
10
20
18
16
13
20
27
16
17
21
16
26
49
33
63
23
22
19
62
27
36
16
29
28
29
26
22
29
28
32
28
37
55
43
31
29
22
17
18
20
8
12
13
14
22
24
16
58
47
39
23
18
35
20
21
15
12
23
39
20
19
18
14
31
22
13
24
26
18
13
16
46
27
32
32
30
31
33
25
34
59
10
22
24
25
42
15
17
47
16
18
28
26
24
26
20
20
19
26
20
25
22
26
20
25
28
13
27
18
27
15
23
25
16
31
22
19
17
17
17
15
15
21
22
25
22
26
17
28
19
18
22
16
15
27
14
20
20
20
10
20
27
10
14
17
20
23
16
23
27
26
17
21
11
26
22
20
27
13
14
31
12
15
21
32
15
18
12
27
23
26
17
9
18
28
16
17
17
30
22
23
13
18
21
18
24
15
19
32
12
12
35
22
15
20
19
18
20
15
17
11
34
17
22
15
20
18
18
25
13
22
14
12
13
15
23
22
15
10
9
15
16
16
12
