3
5
15
10
9
17
17
4
12
10
11
12
13
10
16
7
19
8
8
6
11
4
7
3
4
5
5
5
9
10
9
9
7
12
9
9
11
6
12
12
10
9
17
10
4
8
10
5
5
5
7
5
4
6
3
6
5
3
3
7
3
3
4
2
4
5
5
3
3
8
5
3
5
12
8
5
11
6
5
14
5
5
3
5
6
5
4
6
13
4
2
1
2
3
2
5
2
3
7
13
4
4
6
4
3
6
6
4
8
10
2
2
3
3
7
7
3
5
2
3
4
3
12
3
5
4
16
2
3
1
4
7
3
3
7
6
3
2
3
7
3
4
3
3
4
5
14
3
5
3
2
5
3
4
3
4
1
4
3
7
2
4
5
9
22
4
35
24
21
5
4
18
3
6
27
3
11
13
16
7
3
11
3
2
25
7
2
26
3
4
2
5
6
10
3
5
7
6
4
8
3
2
2
5
1
20
1
1
5
2
2
15
2
17
3
12
1
6
10
5
8
9
3
8
6
4
6
1
12
10
10
15
1
9
7
2
3
6
12
8
8
13
3
8
10
3
2
2
3
5
24
6
9
14
12
9
24
20
14
9
17
17
15
12
23
29
6
27
24
2
9
31
21
6
7
14
20
12
26
33
10
33
52
48
31
20
12
11
15
10
24
2
5
52
19
15
18
14
25
21
11
24
10
56
26
24
24
45
55
51
31
29
25
11
36
23
26
22
23
16
20
27
40
28
25
29
24
12
38
40
13
30
15
24
20
18
12
12
46
18
33
22
31
23
25
25
28
16
13
15
23
20
38
31
16
41
37
16
18
20
26
16
22
16
35
39
21
16
22
14
26
26
21
26
22
26
24
24
16
27
21
11
28
24
31
26
14
10
17
13
26
23
10
18
10
35
16
8
26
25
11
10
10
8
36
10
41
14
28
8
6
25
23
14
31
55
73
8
7
98
95
19
17
17
31
17
30
9
45
52
138
3
70
14
81
35
18
11
18
16
28
9
12
32
41
9
30
97
35
7
138
16
5
10
139
20
13
14
33
12
25
10
14
18
31
17
34
17
7
25
25
12
137
7
139
14
5
5
20
16
8
14
17
18
12
11
17
18
20
14
7
24
16
14
15
21
19
14
11
22
27
16
17
14
19
25
23
37
12
37
27
23
16
23
35
10
22
23
26
22
28
30
42
27
24
34
39
13
14
25
37
34
17
20
20
30
30
23
21
29
25
41
19
32
33
21
27
49
30
134
42
46
24
46
39
18
7
25
67
15
63
38
29
27
37
15
43
37
30
29
29
27
38
22
20
35
33
60
25
34
25
30
29
27
50
23
42
19
27
25
18
31
5
19
66
56
49
31
31
53
50
39
34
34
46
54
38
34
39
49
40
37
35
47
40
40
31
37
29
26
38
58
36
45
54
34
60
63
30
30
31
42
59
50
49
58
64
72
29
26
46
47
37
57
31
32
37
35
33
43
32
38
56
37
43
38
24
49
45
18
38
62
33
29
28
26
27
22
24
84
32
87
33
30
25
136
68
62
45
45
39
50
36
41
44
34
39
73
49
40
110
30
58
67
58
25
129
33
40
34
32
34
37
26
34
25
52
41
48
26
26
21
20
23
22
22
47
30
10
42
33
31
28
29
23
27
21
24
41
28
23
25
20
30
30
27
18
26
35
26
40
14
26
30
34
33
47
31
42
40
33
38
44
32
33
28
23
30
37
9
23
32
35
31
19
27
31
27
11
30
24
21
22
28
15
24
13
19
28
44
17
35
29
20
20
18
9
17
6
13
16
39
28
18
23
22
48
27
41
18
55
17
40
15
27
24
18
17
31
31
24
25
24
22
30
22
35
33
24
15
45
18
31
22
29
12
33
19
14
32
31
47
29
23
25
27
31
8
25
23
34
16
32
28
40
28
22
29
24
15
13
19
28
44
25
27
24
20
26
29
30
20
27
27
28
45
33
23
31
41
32
25
29
11
29
17
20
21
18
65
40
25
24
25
32
22
26
30
50
14
18
21
34
24
37
33
28
22
50
27
36
24
44
54
34
25
43
32
29
52
19
37
17
51
39
18
29
14
25
56
45
39
45
46
42
21
39
28
35
63
26
93
72
37
64
83
41
68
43
61
55
41
29
26
69
45
20
36
25
32
35
23
33
19
12
23
25
19
26
15
32
14
16
21
28
13
20
22
12
20
27
16
26
10
22
25
14
48
17
20
14
11
16
25
60
32
13
11
21
45
16
10
7
10
8
13
14
9
20
