5
5
9
7
13
12
8
7
14
11
16
4
11
9
7
22
14
4
7
8
11
10
4
16
5
4
3
6
8
7
6
7
5
5
4
5
6
6
10
8
10
8
9
3
17
11
6
6
6
3
5
6
4
5
5
4
12
2
7
7
20
22
19
20
8
18
10
21
18
25
12
29
13
30
28
17
35
23
15
24
44
14
17
24
18
20
24
27
18
18
45
22
32
19
28
17
21
8
28
14
32
20
26
19
28
30
30
42
34
30
23
55
36
29
34
41
40
43
64
28
33
53
56
30
30
40
72
65
65
35
61
77
49
36
72
70
76
75
53
73
33
36
84
78
50
58
74
81
30
66
59
85
81
82
57
105
100
59
97
56
91
83
68
107
102
81
109
96
108
109
103
85
78
87
109
98
95
78
82
111
109
93
125
105
87
137
112
81
99
109
103
129
82
103
96
92
103
105
116
105
82
38
82
84
87
90
101
107
100
97
112
84
72
87
121
68
104
108
84
104
121
99
123
125
128
131
112
45
97
130
50
84
91
71
68
82
119
96
88
106
86
132
77
98
81
124
50
88
90
124
91
100
61
87
79
98
77
88
52
103
30
76
107
96
130
117
120
109
65
116
87
81
116
115
135
97
107
89
128
74
126
87
78
52
123
85
90
110
109
95
111
85
76
93
91
93
98
97
65
116
108
50
118
83
84
139
130
73
101
62
60
95
78
74
94
78
103
106
87
105
88
97
91
97
73
116
109
136
89
106
97
107
126
86
102
69
110
94
83
47
121
77
119
105
57
54
125
90
69
80
105
85
79
68
80
51
67
78
98
67
93
118
93
73
126
95
110
106
84
122
73
87
100
110
116
123
106
124
91
103
43
87
105
101
103
99
94
54
100
110
79
80
95
69
54
130
108
112
116
83
54
133
139
100
80
83
89
82
63
80
97
143
112
78
82
88
95
137
127
97
82
99
117
71
137
81
123
84
124
64
100
115
63
44
84
56
62
118
102
119
93
62
84
123
72
122
91
80
93
102
75
134
114
114
90
98
112
120
114
70
88
118
123
99
146
113
105
103
77
96
90
105
83
122
93
132
85
135
84
97
88
131
106
130
122
106
58
48
73
50
65
54
103
96
92
38
100
79
80
59
92
88
114
102
114
104
93
124
41
128
142
110
73
86
46
123
91
51
66
104
86
62
70
101
42
114
66
110
82
107
70
63
98
85
108
103
89
136
66
89
83
117
122
46
95
107
99
129
33
76
55
100
100
54
41
63
92
87
81
67
107
79
45
94
74
105
107
66
96
81
53
124
79
51
69
118
77
108
79
85
119
68
112
109
76
95
87
58
133
75
124
116
109
26
102
58
54
121
92
101
87
67
75
44
84
121
84
139
65
59
104
94
87
69
62
72
65
57
55
92
117
84
62
44
53
136
79
75
114
61
73
57
104
132
70
121
73
139
94
106
89
82
87
103
63
52
79
124
111
53
82
63
56
68
94
99
98
93
69
82
93
47
75
95
71
100
57
40
84
74
59
144
75
120
128
86
121
85
64
57
73
44
110
78
46
80
100
60
100
106
69
97
121
89
60
67
81
79
63
89
55
65
100
58
47
72
94
71
95
52
93
88
63
56
90
56
96
122
121
129
39
51
82
87
62
80
100
109
103
102
127
122
92
86
51
133
96
88
105
59
117
93
55
125
64
113
54
53
99
130
114
85
61
96
47
74
70
73
55
60
102
105
66
113
105
68
105
53
77
41
53
94
84
70
108
125
73
144
81
62
61
134
108
102
60
67
151
141
76
98
78
127
91
100
71
140
62
96
81
76
120
96
77
58
73
69
101
114
58
76
102
108
116
95
110
110
94
95
70
89
64
57
62
70
93
92
62
62
77
89
108
106
62
76
94
95
97
63
131
92
98
87
128
130
81
101
56
112
73
101
87
85
104
78
133
74
54
140
72
74
93
153
95
84
82
87
92
104
115
76
121
91
81
74
86
93
86
61
91
57
139
63
103
66
58
93
137
109
123
90
108
37
69
42
70
93
117
72
95
100
44
80
81
126
67
101
89
63
62
109
58
105
60
113
140
96
90
48
113
95
81
91
66
73
83
74
92
114
65
80
70
105
99
131
110
75
79
129
134
62
92
119
74
71
73
110
82
81
143
69
79
89
77
80
96
106
81
99
89
77
100
125
146
81
118
86
65
84
60
86
120
94
97
92
111
56
76
83
125
67
53
50
93
74
119
93
88
127
110
162
122
115
78
121
110
87
91
71
115
