3
6
12
5
12
7
11
10
7
8
14
10
8
11
7
12
9
21
10
14
9
8
4
6
5
4
2
9
6
10
11
3
4
6
10
11
11
7
7
7
14
11
12
11
7
11
15
4
6
3
10
4
13
4
4
4
4
4
4
3
3
10
5
13
3
7
5
4
10
2
4
6
3
9
6
6
7
14
3
4
4
6
2
7
3
4
1
4
2
5
5
4
3
2
3
3
9
5
8
4
2
4
3
7
3
2
3
5
2
2
10
7
1
1
3
9
3
4
3
5
4
2
3
3
11
3
3
2
3
8
2
4
5
2
3
2
3
4
3
2
2
3
4
2
3
3
2
3
6
2
3
2
2
2
3
4
1
2
2
3
3
2
2
2
2
5
4
4
3
2
1
4
2
1
1
2
4
2
4
2
1
1
2
1
3
7
1
1
3
2
2
5
4
1
1
2
1
3
2
2
1
2
3
2
1
3
1
2
2
2
1
2
1
2
2
2
2
2
4
1
2
2
2
1
2
2
3
2
2
3
2
1
1
2
1
2
1
3
1
2
5
4
4
4
5
2
4
1
4
2
2
5
2
1
2
1
4
4
10
8
4
1
7
1
2
2
4
1
23
7
3
11
7
10
23
7
6
14
5
6
11
11
28
16
25
17
26
26
16
20
30
21
11
28
28
14
47
27
32
30
14
23
29
16
20
23
13
14
46
33
28
30
12
24
23
18
23
20
30
25
15
34
47
29
90
18
35
38
17
22
21
29
36
40
45
35
31
25
41
52
21
28
15
13
13
12
25
11
16
22
25
16
17
31
10
13
25
14
33
34
38
31
43
34
28
20
21
33
23
32
33
19
24
23
36
34
55
37
26
55
32
29
23
41
29
36
19
32
23
34
13
20
31
22
30
17
31
24
34
51
30
33
39
31
27
8
20
28
42
19
29
42
25
11
26
32
23
32
24
21
16
8
15
9
22
15
15
9
18
12
7
20
11
9
12
11
3
6
19
12
12
28
12
16
10
7
25
12
10
11
22
55
34
12
34
16
32
63
60
76
29
65
48
78
35
42
37
22
30
25
16
15
11
18
12
10
9
19
13
15
28
22
19
14
27
17
21
30
15
23
12
29
28
9
17
9
18
11
21
14
16
17
12
10
10
10
12
12
12
23
28
13
20
50
29
27
39
49
68
36
29
16
20
47
62
45
35
19
36
38
18
17
19
36
18
13
48
37
16
29
13
11
25
6
27
17
29
33
23
44
16
44
38
28
37
19
21
24
13
42
31
39
36
41
55
34
20
41
24
23
42
26
27
37
43
25
17
32
26
40
19
16
9
45
37
33
37
48
12
13
23
24
18
29
3
27
19
25
14
22
8
9
18
24
17
18
12
12
14
15
16
8
16
3
19
15
24
43
19
13
9
14
11
20
17
12
9
20
9
6
17
10
22
9
25
22
34
11
29
19
47
35
22
22
16
15
18
35
15
16
17
32
14
17
16
10
17
24
20
21
18
50
13
26
7
21
20
28
21
32
23
26
10
25
22
23
10
23
32
29
21
13
22
19
18
18
10
20
25
23
9
28
21
27
27
24
22
25
29
20
21
30
33
9
23
37
11
13
42
22
35
24
21
24
32
44
33
32
27
16
20
61
14
22
33
15
27
16
25
26
28
22
19
33
7
19
12
24
19
12
15
19
21
24
9
27
15
19
27
38
30
11
20
38
12
12
19
13
14
8
54
13
49
22
24
16
52
55
31
12
18
34
20
43
45
16
35
16
34
18
12
20
26
23
42
34
29
56
10
22
29
22
37
41
25
11
33
32
33
28
36
32
15
42
36
19
19
25
35
20
19
50
19
46
27
23
10
28
47
33
38
32
68
43
59
27
56
32
63
59
82
39
67
30
71
24
42
24
27
40
41
38
40
35
39
53
38
34
33
34
45
36
102
18
21
34
41
32
26
43
28
19
24
28
32
16
14
21
22
21
22
21
18
17
18
11
16
20
14
18
25
14
28
17
28
29
33
64
50
42
14
22
33
18
13
23
20
12
29
24
25
22
24
14
32
22
18
10
20
15
32
18
26
26
18
30
26
11
13
31
14
39
48
29
16
15
22
36
42
18
11
30
11
19
21
16
26
32
15
29
17
28
21
23
28
33
17
15
30
33
24
31
44
26
13
31
28
19
19
14
15
14
38
16
25
28
13
14
22
42
20
25
19
16
10
11
19
13
13
18
33
22
14
86
23
16
18
31
45
22
19
14
13
33
32
26
24
39
22
