4
2
11
23
16
13
4
7
3
7
8
6
15
9
8
5
11
7
14
13
5
5
7
7
6
4
6
8
4
5
5
3
14
7
13
7
8
5
6
19
13
6
15
9
12
10
6
12
7
8
34
10
18
13
5
8
17
20
20
33
7
20
31
22
16
26
21
34
27
13
9
18
31
19
15
17
15
14
23
32
14
23
25
29
27
28
27
21
20
15
34
13
28
21
27
31
28
34
26
24
31
20
33
22
45
23
67
57
34
32
37
36
30
30
51
40
84
67
53
48
61
65
56
55
21
75
61
71
62
50
45
55
77
32
68
54
77
60
48
64
43
82
105
57
64
62
63
41
59
82
86
57
68
73
86
106
83
103
94
92
90
68
117
83
132
88
85
82
52
111
138
135
142
90
144
131
146
67
118
69
121
109
99
125
116
82
122
145
150
97
120
133
89
91
136
101
128
78
58
113
78
142
118
159
130
135
145
151
145
117
151
134
101
153
140
92
121
132
89
72
141
115
130
57
89
101
74
118
100
134
89
90
156
90
94
90
99
129
123
56
91
114
117
122
105
109
85
160
93
123
121
126
92
71
92
132
163
125
98
135
143
133
140
127
167
165
126
147
69
119
107
108
98
65
84
122
75
114
105
69
88
132
102
86
110
82
139
99
116
133
129
68
119
111
121
50
57
96
71
98
100
117
55
58
57
42
126
136
132
132
120
142
107
124
89
159
50
111
72
52
74
83
67
64
77
69
122
72
105
117
79
76
91
102
69
68
109
84
66
99
54
69
102
117
148
132
131
62
70
53
73
102
114
122
118
83
145
93
38
117
79
120
38
113
64
98
77
84
112
111
97
103
96
103
108
112
118
107
124
124
123
131
73
125
95
56
84
67
99
64
111
133
109
111
125
65
68
84
64
89
72
69
126
124
83
55
75
106
48
62
41
84
58
53
55
68
39
48
101
88
100
120
93
90
73
107
111
117
70
95
45
103
88
96
58
60
82
63
44
77
73
54
58
55
46
65
47
48
81
60
49
42
64
92
77
84
115
70
75
74
81
79
96
75
123
95
59
72
56
39
75
50
44
18
40
40
85
39
58
33
103
35
50
33
75
107
61
32
31
29
54
58
62
41
45
47
43
40
43
58
61
65
73
52
58
69
80
77
49
54
58
100
80
115
69
114
70
83
44
31
27
62
41
38
39
88
34
60
38
39
38
37
47
55
72
93
65
93
73
81
67
49
65
39
68
71
35
59
34
100
42
57
99
59
48
80
96
88
79
64
79
102
64
67
81
73
62
81
99
79
59
74
62
39
65
46
42
50
28
74
65
39
63
50
81
72
89
78
71
50
84
79
49
48
41
59
58
78
72
57
71
40
43
47
58
50
41
61
65
33
41
62
82
78
57
47
53
37
27
53
62
74
81
70
77
72
76
79
96
100
77
75
119
77
52
62
54
62
41
74
38
48
109
84
62
78
65
76
77
76
81
103
70
75
84
94
90
127
100
124
123
115
98
143
125
129
95
84
62
49
56
60
55
41
72
38
55
51
78
81
68
59
68
53
71
43
83
59
56
63
69
76
64
70
71
81
70
94
67
54
60
46
62
83
108
75
91
119
57
91
78
70
81
124
130
100
122
112
98
94
62
58
45
64
73
81
110
72
106
59
76
130
72
109
99
118
107
123
95
81
110
46
87
68
61
55
47
99
79
92
46
43
59
54
72
74
108
127
125
119
110
65
95
130
101
110
85
100
87
78
81
76
68
47
64
64
69
78
71
94
81
62
75
81
126
83
58
92
68
62
49
61
83
94
73
78
59
74
55
71
104
67
61
45
122
65
51
103
100
34
52
58
63
56
72
60
61
105
99
105
37
51
26
63
43
45
116
71
44
53
112
83
86
82
87
80
88
66
69
61
121
62
60
68
64
76
81
128
73
69
105
104
97
73
71
71
57
72
61
56
63
67
96
91
109
112
76
125
106
76
94
56
82
137
140
145
63
62
89
44
42
83
60
63
97
98
92
67
53
129
63
70
144
61
38
23
39
43
65
68
69
59
58
62
98
70
93
74
81
92
132
103
123
83
110
76
101
69
82
77
82
52
109
89
75
82
69
66
114
137
91
60
81
49
131
41
42
62
49
113
98
109
80
121
120
125
119
149
56
88
79
51
70
44
36
86
83
89
75
72
66
69
66
77
69
77
71
93
107
77
65
47
73
63
115
131
136
134
50
56
74
85
67
51
39
69
68
50
49
54
57
87
68
51
41
57
91
113
128
