3
8
17
17
8
21
9
13
12
7
11
10
11
7
12
10
5
15
7
9
8
4
3
6
10
8
4
5
11
11
5
6
11
5
3
7
10
6
5
13
3
17
21
8
10
14
13
15
24
12
28
11
4
13
9
19
6
4
15
7
16
15
31
13
24
12
29
11
27
23
21
15
13
9
28
17
25
25
28
17
13
13
28
14
13
15
12
26
18
18
18
14
22
18
27
26
19
14
10
25
40
17
35
39
48
15
19
29
21
34
36
21
30
27
38
64
35
31
48
39
69
50
63
49
91
39
40
64
45
49
57
46
42
41
74
49
51
67
61
53
107
64
70
42
77
72
59
66
72
78
55
46
91
97
83
88
70
79
86
48
133
91
67
58
69
116
72
86
138
100
119
74
90
130
81
124
138
94
117
130
122
102
131
140
116
89
81
97
130
121
88
143
141
156
145
133
143
168
105
103
127
124
115
114
106
80
118
107
137
103
76
114
131
122
108
113
82
88
154
101
131
107
68
71
72
137
76
62
101
98
148
68
123
54
94
118
100
90
95
80
130
143
106
91
74
84
63
119
80
68
118
54
155
134
114
87
82
82
152
155
137
150
79
130
75
83
166
125
151
119
127
166
127
151
123
141
113
117
106
126
126
76
137
127
99
78
124
79
149
149
126
124
146
153
110
135
99
155
136
144
141
125
143
101
116
110
124
73
86
89
91
132
114
152
102
147
107
157
138
182
170
171
131
128
87
127
99
135
85
135
60
104
104
73
89
101
97
148
61
92
119
132
99
68
80
71
66
88
95
120
114
90
121
91
104
92
81
102
110
60
134
102
74
120
107
113
86
73
129
129
94
84
86
118
74
57
68
58
106
71
61
67
66
58
88
120
71
41
63
96
41
48
65
34
104
52
56
46
64
54
38
81
72
56
100
80
126
106
54
127
68
117
112
79
78
132
109
127
51
102
61
68
92
116
75
114
87
152
157
135
109
111
69
128
104
123
135
129
146
155
110
77
110
111
69
67
68
86
65
96
88
117
142
126
137
99
73
88
114
115
113
120
102
100
50
75
72
112
127
136
94
92
137
157
123
127
132
75
120
122
113
114
127
135
114
90
119
123
130
56
112
113
112
100
52
69
78
65
87
73
131
92
106
116
132
130
131
118
56
71
93
129
99
120
66
64
79
84
120
57
94
31
43
54
71
74
77
77
78
99
120
96
108
92
104
87
72
96
82
136
55
46
69
80
83
103
59
50
59
49
48
50
107
58
118
58
81
90
60
69
98
104
92
67
77
83
84
112
122
146
83
97
86
82
82
113
141
83
74
80
146
75
67
112
115
68
49
69
72
78
44
33
61
54
67
76
62
75
55
71
71
57
140
110
117
41
93
21
50
35
50
28
56
116
115
67
102
74
71
67
57
76
102
127
66
111
57
56
45
64
74
129
147
79
96
62
87
98
105
94
118
79
110
88
49
97
43
77
79
86
63
60
80
47
73
56
60
65
110
41
99
133
72
73
49
86
105
118
74
53
61
82
66
60
104
66
86
83
111
104
140
86
96
81
71
83
103
124
134
113
134
66
126
80
88
104
88
61
55
90
85
117
75
85
90
79
103
77
68
98
116
105
115
105
82
90
141
130
128
92
112
123
90
111
101
122
98
112
118
109
38
121
66
60
74
105
71
89
116
62
103
86
64
87
153
105
132
50
61
77
75
107
138
63
59
84
33
67
32
67
52
45
151
99
53
63
70
74
83
81
124
129
83
133
99
114
51
65
148
125
102
53
60
71
75
86
136
90
103
127
109
79
89
50
111
43
77
111
75
84
103
73
123
117
91
122
103
111
106
84
65
56
46
109
108
93
49
48
82
44
74
58
98
58
99
63
78
78
83
60
46
49
48
106
71
59
72
44
60
46
69
75
49
62
78
60
50
52
97
141
154
115
63
53
123
85
101
69
87
92
41
52
95
84
75
119
123
61
68
64
116
82
116
127
83
87
77
131
134
100
114
92
48
80
104
68
95
114
78
41
98
99
67
55
70
105
87
83
78
87
78
56
82
119
129
89
98
78
46
55
56
54
56
56
52
54
47
56
79
65
71
55
60
116
83
51
81
63
50
76
86
39
59
87
117
113
114
151
107
117
40
113
110
138
100
99
115
106
137
118
137
136
160
138
163
147
165
114
132
94
132
62
112
58
62
73
76
57
84
78
65
68
80
93
126
112
88
84
95
82
146
134
41
67
75
36
106
121
67
61
111
106
109
85
106
73
135
92
75
