4
3
6
9
4
6
18
7
4
9
10
3
7
6
16
8
7
16
14
11
12
7
9
5
7
12
3
4
8
12
4
12
8
5
11
5
13
9
11
9
4
10
12
9
7
6
24
10
4
4
18
5
9
9
7
4
12
28
11
9
17
9
22
10
14
30
21
26
9
28
17
29
8
14
18
13
16
18
18
30
32
29
39
17
25
15
9
12
19
10
10
24
37
11
21
15
12
25
22
17
15
22
23
28
15
22
29
39
26
15
30
23
35
23
20
29
43
13
28
22
18
63
22
45
40
41
26
51
28
51
69
52
131
70
73
38
48
31
39
51
41
67
43
60
104
95
69
40
42
34
84
133
78
40
89
40
72
77
50
137
127
72
26
48
36
64
124
66
75
57
122
98
68
59
53
66
80
80
70
82
70
117
59
70
69
70
78
133
86
46
111
129
119
77
96
45
85
130
92
122
110
69
75
91
90
118
66
59
92
129
73
77
121
138
148
122
117
72
139
72
146
70
77
165
125
156
89
134
86
140
139
144
87
64
69
117
119
82
149
113
102
182
94
67
160
123
137
132
168
146
154
144
101
113
87
126
61
134
92
82
138
159
98
126
162
138
159
141
149
121
135
161
82
101
69
98
83
116
123
57
47
65
88
143
121
135
56
84
142
104
96
109
126
103
117
112
120
117
81
97
138
95
58
90
95
80
158
86
60
105
124
83
133
122
126
152
129
94
116
153
76
67
73
80
128
73
109
43
61
75
74
75
101
129
111
67
80
100
95
74
102
78
60
74
94
83
96
55
35
75
82
60
66
81
97
91
113
68
83
101
84
95
97
121
87
121
121
74
81
83
84
126
86
94
100
139
133
118
166
126
112
158
114
142
134
175
129
158
153
67
98
85
131
123
122
140
120
130
148
122
138
148
65
70
78
127
115
131
134
133
158
75
81
85
65
147
87
128
126
124
112
105
135
116
75
125
135
89
80
105
67
65
69
89
55
61
71
71
96
75
67
79
69
60
61
91
121
135
63
68
79
141
78
66
91
68
66
97
42
96
126
81
68
82
100
138
74
58
45
40
48
50
50
66
18
21
31
34
68
50
88
69
52
62
70
77
107
71
64
125
67
85
71
97
71
60
116
119
76
73
91
128
93
82
58
59
65
68
56
65
48
35
44
79
107
82
93
63
65
99
106
125
41
38
55
50
56
128
62
46
55
60
141
119
56
64
57
37
112
110
87
26
46
56
67
61
60
71
54
73
101
73
67
125
79
158
47
117
41
120
103
86
56
59
100
53
70
64
126
72
134
125
107
139
61
120
131
119
76
67
140
77
75
122
134
58
87
66
58
73
119
136
144
81
83
64
81
80
96
83
100
83
86
152
114
100
133
105
100
128
87
147
60
128
125
75
90
61
131
121
118
152
151
116
127
136
133
62
84
62
132
132
139
65
58
58
124
168
72
58
62
119
112
117
45
50
75
62
53
115
43
51
88
37
45
60
118
122
50
60
125
116
118
76
61
124
65
115
82
87
83
145
55
81
127
44
115
125
115
151
47
56
100
61
121
127
76
101
144
126
121
94
75
108
98
42
46
45
66
51
59
66
114
56
120
115
114
151
152
133
159
169
68
122
53
83
79
140
100
167
106
64
128
140
78
91
143
117
119
53
63
70
88
116
65
76
56
60
123
82
82
144
88
98
87
84
126
91
98
79
161
130
125
103
169
67
118
143
68
120
83
72
119
112
100
67
50
66
85
121
131
135
121
122
114
106
29
53
54
106
126
37
60
74
100
54
106
85
66
54
111
135
98
95
118
88
62
112
113
75
111
63
77
107
128
158
118
83
82
65
84
65
83
61
115
62
57
92
71
75
92
49
51
84
84
73
84
83
111
127
79
105
76
54
73
73
112
54
59
60
65
123
100
68
78
70
84
100
110
78
135
111
120
143
105
98
80
58
118
96
103
85
106
144
70
106
89
102
158
65
111
81
109
123
84
57
82
64
80
139
132
72
63
78
70
67
70
102
97
80
139
95
109
95
85
111
62
74
72
64
55
75
97
69
133
79
67
79
122
69
118
58
54
93
96
56
83
58
54
107
115
54
67
119
77
61
59
75
76
87
76
69
60
66
71
94
69
86
101
126
148
137
80
55
71
62
57
72
85
66
91
97
54
109
69
45
66
110
74
121
121
73
92
57
44
76
40
83
87
150
91
51
53
63
118
58
52
54
61
125
61
81
124
60
69
70
70
54
56
71
67
50
51
63
90
75
93
56
63
