4
10
23
25
9
7
8
14
9
15
10
13
5
9
7
10
7
5
7
5
3
5
7
5
5
8
8
6
5
8
4
7
6
11
13
3
7
14
15
7
8
12
14
7
12
10
8
22
12
19
16
24
21
19
16
42
15
9
25
19
23
28
25
25
20
21
19
21
18
17
19
34
33
8
28
27
21
24
58
41
23
22
13
32
36
38
30
44
45
34
16
68
62
24
28
46
54
26
34
39
28
34
27
43
58
50
39
60
53
64
44
58
62
76
60
48
79
67
57
61
45
40
77
66
53
67
64
82
80
63
72
58
46
47
76
96
65
89
40
54
77
50
97
72
52
50
68
79
66
54
80
76
65
64
69
52
57
79
68
60
76
101
59
94
60
79
69
123
86
56
107
55
74
125
108
80
57
101
114
112
79
97
106
76
68
54
104
81
114
60
77
73
52
58
75
72
110
67
60
79
93
92
69
68
73
86
58
92
51
90
91
78
63
62
84
55
49
51
91
80
90
81
59
64
58
76
85
54
124
68
71
40
69
54
74
78
65
114
63
53
95
80
69
66
52
116
51
53
43
35
87
48
38
78
62
87
59
43
51
48
54
87
66
59
78
58
69
54
45
56
57
64
67
48
59
64
55
68
56
67
36
98
62
73
71
62
52
61
113
70
77
46
58
98
67
39
73
43
86
116
53
88
56
57
50
76
55
60
31
104
52
43
50
60
61
53
52
56
65
46
52
50
52
60
56
47
68
52
47
50
75
47
52
58
76
64
61
47
63
62
54
77
117
51
82
70
39
56
41
77
112
58
44
73
85
47
56
137
39
121
65
68
40
62
100
54
68
44
37
47
129
73
37
57
62
104
33
41
73
102
43
56
55
59
76
35
58
80
64
97
63
56
48
47
57
105
56
75
49
82
111
45
50
122
44
67
73
63
81
128
127
75
78
55
56
126
50
60
44
83
44
66
50
85
97
29
51
65
87
82
85
116
84
44
65
70
32
55
85
59
62
58
60
72
72
53
85
75
87
113
75
79
69
60
60
46
75
60
73
66
80
73
62
54
52
60
62
50
51
50
53
76
59
69
91
50
51
62
34
66
65
68
70
72
58
64
122
91
37
53
50
58
51
116
50
93
49
73
54
103
60
62
39
24
55
51
34
111
55
125
60
40
41
38
60
57
105
62
50
54
59
89
94
69
45
62
67
63
79
51
118
131
39
32
41
122
52
37
35
48
73
60
57
42
72
28
52
74
65
110
72
54
50
81
102
37
62
47
53
40
37
101
109
43
46
104
58
114
57
74
79
59
79
87
51
61
56
50
81
63
89
113
91
38
28
67
49
27
53
64
86
84
43
86
75
64
74
55
86
72
69
83
57
66
71
69
48
78
52
57
48
30
52
35
68
34
61
51
16
48
91
76
59
72
103
53
67
87
68
57
47
59
102
49
41
65
41
129
80
63
59
66
59
75
120
66
71
91
107
83
45
45
61
52
44
99
57
61
35
42
91
49
72
71
103
39
80
39
119
114
62
79
56
61
109
69
43
61
51
113
51
91
64
29
89
68
54
72
80
55
96
70
104
48
41
106
66
48
114
98
43
95
35
47
111
91
37
77
45
115
70
54
48
64
30
55
92
47
85
22
75
62
66
99
67
144
62
64
125
37
69
76
49
53
34
55
78
45
69
38
111
50
37
36
81
51
48
80
88
127
63
71
62
49
69
89
62
133
86
77
70
94
38
80
122
92
88
41
54
36
129
53
119
90
41
24
54
70
77
75
65
72
39
132
130
69
51
87
79
34
17
60
39
39
65
56
55
53
69
30
93
53
58
105
105
61
71
87
85
44
120
89
66
40
70
100
60
54
40
85
55
79
90
87
41
55
74
57
80
98
86
58
115
69
39
50
45
57
123
74
100
51
117
124
43
87
60
111
69
28
67
49
55
87
82
67
49
52
58
79
68
51
90
24
63
90
89
126
54
49
45
23
78
124
45
51
118
77
79
64
45
59
55
76
59
67
58
75
118
73
83
63
136
69
80
50
75
74
105
102
73
112
59
80
27
63
47
21
110
89
92
59
66
47
79
64
69
84
56
129
142
49
30
61
108
96
49
49
33
66
60
23
51
52
42
64
23
112
132
50
72
80
75
59
32
42
46
59
16
93
33
43
75
43
93
24
25
132
52
59
54
117
84
31
103
24
58
104
32
17
66
65
55
52
55
39
89
45
64
84
106
88
48
97
68
50
110
69
46
119
94
34
47
27
89
45
68
79
84
