4
4
25
7
4
8
6
8
14
5
18
11
12
12
7
12
6
8
3
7
14
7
3
4
5
7
4
4
3
10
4
7
5
13
10
4
7
11
4
9
13
6
4
8
4
5
10
3
6
8
8
12
7
10
10
7
11
11
18
22
13
14
6
8
7
4
5
7
11
30
13
11
8
10
15
24
13
15
15
16
14
12
21
15
11
9
24
16
24
20
27
15
26
14
13
24
15
19
30
58
13
22
12
8
19
41
23
17
17
29
20
14
12
18
38
10
12
17
16
29
10
25
24
22
21
22
36
65
39
34
43
87
39
18
27
50
25
45
63
134
58
84
42
85
31
34
37
42
21
97
91
40
49
73
115
71
86
113
92
63
55
71
64
34
36
71
91
39
45
80
70
45
68
65
159
65
53
58
119
89
57
47
139
63
112
116
130
130
77
65
79
99
83
79
107
82
108
81
105
71
117
89
77
70
125
67
97
91
72
69
100
88
106
90
133
134
120
173
140
131
62
138
138
156
132
167
165
140
151
101
108
91
149
152
104
141
178
166
180
131
96
101
135
139
87
73
104
112
129
129
151
145
188
140
65
142
110
139
173
128
153
121
141
128
107
104
133
84
94
82
110
129
139
104
82
103
84
131
177
162
61
68
70
88
134
110
131
86
120
105
72
96
60
89
55
92
96
62
109
86
97
98
139
110
57
114
77
73
142
60
118
77
146
60
175
167
155
127
139
77
94
114
91
121
141
135
133
91
76
83
167
69
164
182
77
60
78
147
114
108
179
153
131
94
149
65
141
69
59
56
137
70
102
114
115
158
158
118
58
128
55
58
34
59
74
128
125
157
131
82
81
126
62
73
67
111
72
94
79
67
147
176
151
108
100
105
122
100
131
123
69
64
129
79
119
46
135
140
127
127
113
118
82
150
164
160
156
96
174
114
118
61
119
135
71
88
142
138
129
91
158
81
74
71
76
62
125
54
98
80
65
54
121
55
116
75
74
68
54
68
74
87
69
113
94
86
79
87
93
121
89
81
92
86
53
34
81
103
78
82
132
76
97
122
83
149
74
72
99
102
89
77
100
69
76
139
72
125
96
119
143
87
121
86
118
114
37
79
116
129
54
52
55
63
123
58
58
121
89
72
73
114
113
121
134
73
64
126
124
90
68
126
62
99
117
117
129
154
131
159
108
35
119
149
53
128
127
53
65
96
88
145
72
124
103
72
73
136
121
130
131
131
158
152
120
62
75
119
74
74
83
58
70
128
116
109
109
73
150
122
54
50
45
42
41
71
65
120
117
70
173
155
100
97
127
104
41
50
43
38
82
113
49
60
18
121
56
92
26
24
52
36
42
105
78
108
67
83
67
131
81
100
144
62
84
87
95
83
55
91
58
64
161
56
85
54
85
59
66
60
70
73
47
52
107
50
66
63
49
44
30
24
69
51
90
106
52
54
116
38
69
47
45
61
92
89
74
63
128
34
65
110
57
81
83
77
112
54
89
78
76
63
91
56
60
50
51
41
52
150
54
49
117
48
35
46
66
103
69
73
61
67
66
61
130
76
114
81
139
74
87
70
51
66
92
116
61
104
132
118
69
61
56
47
81
90
124
86
70
63
79
160
132
90
74
90
85
135
76
117
113
80
137
69
65
51
59
58
60
61
66
86
67
65
127
57
63
76
63
80
79
146
142
132
133
86
87
51
44
75
126
115
35
57
35
38
81
109
62
51
64
59
84
101
78
117
65
83
66
84
123
69
45
46
101
151
121
45
47
53
33
53
36
55
55
50
24
16
60
30
45
57
70
73
62
109
77
152
111
105
51
117
81
60
44
97
122
69
121
47
58
63
81
79
67
118
31
52
47
33
81
57
64
24
27
32
55
86
79
70
57
122
43
48
50
45
59
71
128
103
46
101
40
46
52
113
101
90
66
62
65
46
44
128
122
54
57
42
49
58
72
65
90
69
119
71
59
57
115
83
117
88
111
102
92
129
57
48
52
63
48
93
56
49
52
111
81
55
62
61
46
45
50
56
50
51
73
50
47
57
130
76
47
134
63
52
50
55
55
75
51
56
92
95
129
151
85
66
66
62
51
53
66
105
71
70
149
130
82
58
54
77
73
87
55
88
74
100
129
96
102
134
146
102
105
71
123
57
70
59
72
101
60
80
65
120
60
82
83
64
133
90
88
124
86
122
57
92
56
60
51
67
56
49
53
52
51
58
51
44
49
43
44
55
62
55
58
57
54
146
85
137
147
62
83
130
75
67
51
