5
11
18
12
10
6
12
3
8
10
10
13
10
15
7
11
4
12
10
14
7
8
10
3
9
5
6
5
22
5
6
3
12
5
15
8
9
6
15
8
8
10
6
10
11
5
8
13
3
6
15
22
3
15
6
19
24
12
8
15
13
22
31
26
13
22
19
11
14
17
19
19
23
16
15
13
30
14
20
36
25
10
27
26
43
29
36
18
33
19
32
23
23
15
49
31
44
23
34
30
33
34
25
28
36
21
35
43
20
30
23
22
41
46
27
46
25
43
60
44
33
36
36
57
44
28
51
56
25
43
51
55
39
61
41
67
52
31
96
51
49
64
52
26
49
62
32
84
87
65
78
45
85
62
54
62
50
71
50
47
107
57
57
54
77
47
40
102
32
57
93
65
53
90
62
89
65
65
48
61
72
127
59
49
120
89
67
98
50
134
92
99
63
106
68
61
51
168
53
60
55
54
42
91
66
65
78
58
72
74
142
115
77
37
94
102
92
62
142
93
60
90
68
92
70
163
101
103
44
48
138
48
138
103
92
133
76
43
111
140
131
63
149
137
168
130
174
109
146
71
77
139
118
136
64
202
148
48
170
137
86
70
112
149
154
129
145
164
141
183
114
151
160
171
114
76
136
81
47
105
78
85
106
81
69
42
105
143
81
137
96
71
55
133
136
61
96
61
133
136
145
89
41
60
61
67
127
145
132
98
169
89
133
79
36
137
160
150
131
71
108
81
58
56
91
55
134
141
54
175
128
84
49
58
91
89
65
48
86
47
46
99
97
66
92
162
108
50
65
87
60
132
97
74
72
49
134
129
83
43
162
88
153
107
75
80
91
72
125
72
73
98
127
123
93
87
124
113
76
80
54
56
74
121
63
42
69
104
53
63
40
82
62
117
95
132
138
59
59
116
135
164
83
130
124
60
50
166
113
104
70
55
93
153
129
127
130
84
134
63
69
128
48
67
50
36
59
133
137
63
73
87
150
164
64
49
53
60
78
56
60
60
135
53
60
143
49
52
71
43
107
74
81
112
117
70
60
38
86
59
39
62
126
88
53
54
146
77
74
62
88
38
49
59
124
96
82
82
133
54
45
93
41
75
45
82
108
47
46
47
45
55
60
51
49
62
127
80
39
59
146
130
141
150
114
138
60
56
57
60
48
70
157
76
56
87
54
50
99
64
44
35
55
61
160
107
80
132
59
66
138
139
40
51
68
126
84
77
125
141
46
54
56
36
69
126
73
165
159
131
82
46
129
128
134
76
78
77
49
132
126
62
145
71
94
78
103
112
56
135
111
46
132
119
136
73
132
53
57
57
134
104
79
55
126
71
81
55
142
63
129
61
59
72
55
54
126
41
131
82
95
57
145
126
132
85
52
86
173
55
46
132
46
54
52
145
66
167
43
60
122
44
131
83
79
136
31
30
130
69
47
166
52
58
115
132
51
84
113
142
158
137
91
41
32
71
110
43
50
126
92
120
38
130
60
73
54
62
60
125
86
129
144
122
58
50
95
67
65
120
58
72
33
96
90
108
62
61
74
141
50
128
52
33
62
78
170
99
135
57
52
88
115
53
42
50
60
75
43
138
133
63
102
63
108
128
74
43
52
72
42
67
70
63
133
120
82
68
67
41
67
137
51
76
74
65
89
137
136
89
144
104
54
133
51
57
73
58
58
127
52
134
52
76
65
140
30
91
135
127
71
40
139
41
133
44
54
58
137
139
134
56
59
102
67
55
111
151
49
49
137
90
41
99
35
61
72
41
37
125
71
49
53
64
56
117
70
83
78
87
71
82
49
129
57
71
64
74
85
72
100
104
110
58
55
131
133
127
48
38
45
60
158
80
58
62
128
161
40
55
72
62
64
121
59
45
42
135
54
132
53
78
132
65
100
136
135
72
167
50
137
132
86
130
77
112
73
72
63
100
48
37
57
131
54
130
132
109
102
99
134
38
71
42
58
64
57
48
139
43
44
50
49
49
61
41
44
30
58
39
50
52
108
75
128
148
80
49
52
129
30
45
70
41
132
38
123
110
122
78
142
78
53
48
64
36
38
43
130
53
140
48
45
49
42
48
134
54
64
43
49
73
49
45
54
52
134
103
66
130
64
44
64
71
64
50
61
116
50
44
132
54
101
57
140
87
43
79
77
61
76
124
108
43
47
62
83
131
91
58
78
58
107
49
73
55
55
147
54
127
164
58
38
53
52
49
64
53
71
55
179
59
40
52
60
49
45
77
51
54
124
105
98
59
115
51
50
119
58
