5
3
14
5
6
6
4
8
15
4
10
25
15
11
11
25
7
8
6
6
7
7
7
5
4
4
5
5
7
9
3
11
7
14
6
16
6
9
9
8
5
10
7
6
5
2
7
5
5
8
6
8
4
10
10
11
6
7
7
15
17
11
7
18
20
6
23
10
23
16
13
12
25
11
18
18
16
18
15
13
18
19
62
26
15
17
13
30
19
17
35
8
16
20
10
24
22
23
16
25
29
13
18
30
22
21
20
18
28
24
21
26
25
27
27
29
20
20
26
19
22
35
11
17
36
50
32
28
15
41
62
47
46
48
49
42
58
51
59
111
77
38
87
96
63
66
66
52
50
93
33
47
63
41
88
65
82
53
66
46
90
53
90
76
88
56
84
113
74
103
117
43
66
89
128
114
64
95
55
116
73
75
71
102
91
70
96
103
107
66
140
83
80
106
107
88
93
110
94
79
115
88
60
45
124
85
60
71
89
103
56
86
108
76
89
91
101
83
48
68
75
126
58
93
83
82
60
79
75
129
104
95
90
115
96
41
66
85
110
73
51
83
52
49
68
78
89
117
77
110
88
81
86
96
55
83
64
79
80
70
97
64
72
54
109
49
86
85
46
97
78
97
62
104
121
118
66
89
71
138
82
76
83
103
79
98
96
76
100
74
44
88
54
75
69
100
103
65
84
52
62
88
50
113
54
60
52
50
109
97
72
91
95
130
89
127
100
103
96
98
66
112
79
111
80
69
89
84
98
54
45
103
108
102
80
64
77
68
72
71
89
86
79
49
81
117
77
130
111
72
92
88
104
92
58
48
108
57
69
76
82
96
62
59
66
64
30
73
85
56
66
65
85
68
48
70
53
113
62
69
73
102
91
54
28
80
93
89
90
94
106
51
106
97
62
51
60
118
80
107
53
35
58
77
58
64
85
96
117
107
61
96
66
73
95
77
50
101
83
101
67
56
77
73
75
75
101
93
55
62
88
54
64
84
121
78
66
66
73
68
124
98
84
61
48
64
57
74
92
78
115
79
90
94
57
56
77
95
108
80
92
80
93
46
60
116
81
107
44
51
59
53
92
110
30
115
65
120
74
77
93
55
57
59
84
82
85
61
133
89
74
26
42
99
56
77
52
54
64
60
114
83
65
58
54
51
81
69
97
57
82
64
103
111
61
87
114
85
67
48
81
83
63
77
90
89
95
99
53
40
56
90
55
88
83
105
79
107
63
104
107
110
84
48
102
66
96
66
78
57
89
51
84
113
93
86
95
78
51
84
52
112
97
99
75
66
70
69
91
67
64
62
68
48
74
38
62
51
88
77
38
117
74
51
72
61
65
63
55
69
32
46
77
60
83
61
65
71
56
44
98
63
83
61
45
56
63
41
88
38
66
45
56
61
94
74
46
110
55
124
37
46
113
54
54
81
55
61
63
67
49
72
44
66
43
74
56
87
41
90
104
114
95
62
58
83
102
98
32
57
35
116
127
53
119
95
71
65
117
57
75
97
57
68
82
44
142
76
89
105
56
89
75
96
81
91
67
84
138
96
87
87
100
107
67
86
82
104
117
76
50
58
104
107
67
60
52
38
66
69
35
50
109
45
49
80
32
80
114
46
104
54
74
95
58
116
117
86
82
73
92
53
53
44
78
45
110
94
53
109
55
78
112
46
27
57
40
86
71
71
90
73
55
56
41
101
46
115
71
104
79
90
59
28
96
76
72
55
105
63
42
118
108
56
54
111
112
64
49
62
42
47
65
99
77
63
49
65
77
102
68
107
83
77
93
62
84
62
36
82
74
47
129
36
88
84
80
94
66
95
82
63
78
60
74
95
90
74
119
46
87
131
82
46
86
105
104
108
66
72
60
95
72
71
53
54
98
109
52
57
92
52
124
110
54
43
106
63
95
63
105
97
82
91
34
53
52
99
152
69
36
73
121
65
60
111
75
58
50
95
97
77
59
30
95
97
141
62
73
70
100
123
87
99
104
48
116
68
68
38
87
77
74
66
81
46
121
63
64
56
89
55
74
89
55
73
53
116
80
51
54
57
77
51
40
67
123
120
64
58
99
53
106
41
59
67
116
92
57
78
126
55
55
94
93
71
53
86
70
58
70
65
54
55
58
76
91
100
88
112
72
100
85
119
62
48
77
47
90
100
111
75
70
55
86
98
95
100
67
57
99
99
109
81
113
107
62
54
118
51
53
109
35
46
60
96
100
81
52
82
55
118
99
88
92
64
39
74
79
51
65
57
75
71
38
96
123
113
65
