2
18
15
6
6
14
6
9
10
13
23
6
8
7
10
9
9
6
6
11
5
6
9
7
6
9
5
6
6
5
5
9
8
3
9
6
17
6
3
8
15
6
6
8
12
14
12
16
12
20
5
16
14
17
12
21
15
13
13
35
14
26
17
12
30
23
18
17
26
11
13
21
19
13
13
14
18
18
18
27
22
23
27
43
20
15
35
37
19
16
15
28
36
38
22
18
18
25
24
13
35
25
28
20
29
38
47
21
61
31
20
34
21
28
34
53
45
45
47
66
49
40
36
30
42
27
81
48
78
65
65
33
92
103
48
65
107
68
69
59
50
98
92
102
55
105
53
93
59
48
89
65
110
85
83
85
75
91
144
115
82
127
88
119
77
84
123
110
92
112
90
109
112
108
86
78
115
138
115
127
105
70
136
109
97
120
87
98
120
95
153
95
126
96
106
117
141
88
100
83
87
131
144
111
116
111
88
108
108
143
91
101
82
132
121
90
110
127
134
99
160
126
104
151
150
114
69
142
111
117
107
122
131
104
152
96
62
94
123
102
130
127
139
143
76
132
125
122
143
101
122
125
83
121
128
109
110
104
100
130
112
80
112
101
128
102
134
138
96
89
124
148
122
116
137
98
88
109
102
90
100
121
109
102
120
118
112
90
112
91
84
109
92
62
92
98
94
91
105
91
79
95
106
94
112
119
124
102
80
114
94
91
142
114
79
98
117
64
80
136
112
66
101
126
52
114
149
57
103
91
121
103
109
73
145
133
119
141
103
113
60
101
111
132
129
91
91
113
139
87
107
119
99
80
113
67
112
112
75
94
80
90
103
62
112
63
94
81
98
56
88
112
58
92
120
77
105
125
110
144
126
89
142
92
101
108
117
99
116
113
103
70
101
63
57
59
85
124
132
65
103
93
115
69
86
119
131
94
135
111
69
99
96
99
117
100
113
114
99
98
59
48
97
81
82
109
55
102
107
99
60
123
92
122
78
92
44
128
112
73
70
69
77
87
72
89
57
93
44
49
113
99
119
74
82
61
114
103
65
59
101
79
70
101
69
55
70
92
65
65
68
85
68
58
86
66
73
68
84
99
48
68
79
72
73
64
102
77
74
124
71
71
107
108
69
38
64
77
111
85
117
85
53
87
98
66
66
95
77
105
86
81
103
99
87
52
66
113
113
103
47
100
93
98
100
41
60
65
70
69
104
71
86
92
35
90
95
72
62
96
58
50
90
95
117
100
87
108
33
77
86
64
77
55
72
134
92
106
94
96
114
64
77
87
62
78
52
116
126
115
98
130
118
116
89
113
66
67
69
63
97
62
65
54
79
110
137
130
72
81
68
109
109
64
111
95
120
59
128
100
99
107
79
99
109
96
43
111
78
136
113
111
89
77
105
47
86
52
65
103
102
44
89
43
100
51
102
90
102
114
150
127
93
62
83
95
92
112
45
65
53
57
73
64
47
73
63
86
56
45
69
115
57
60
106
45
61
43
82
64
115
60
69
71
38
67
142
60
92
43
85
71
83
113
72
73
63
88
97
83
116
99
48
96
107
97
88
80
96
93
84
75
69
109
64
95
127
95
129
83
69
89
121
123
118
90
88
54
93
84
77
52
85
88
108
77
90
69
94
93
103
98
126
79
60
133
59
91
88
116
99
86
96
73
131
93
81
127
42
63
135
124
106
98
94
116
97
94
87
70
104
74
109
24
112
134
93
105
132
116
110
124
115
108
109
117
108
157
110
123
144
120
114
77
83
117
112
132
125
158
110
87
109
69
132
112
61
82
126
119
97
101
72
135
94
136
123
119
116
73
74
98
101
130
95
107
68
77
78
99
121
57
51
98
75
88
95
98
93
100
81
62
123
119
144
123
94
68
111
122
93
128
103
143
116
129
124
73
104
61
82
49
72
82
124
116
119
77
94
89
81
71
72
61
127
86
75
68
118
108
119
77
110
49
100
118
112
108
54
61
63
103
59
118
104
71
50
61
110
118
127
71
71
55
80
76
94
105
92
83
97
149
123
105
126
116
134
137
130
103
58
111
72
66
159
148
105
76
108
79
39
99
84
87
49
119
84
77
43
77
70
63
64
67
114
86
117
94
119
76
100
113
92
123
100
75
153
117
83
132
102
57
111
94
104
162
96
131
101
122
89
66
77
83
89
115
108
110
65
60
41
118
107
122
90
66
115
96
108
124
55
88
141
102
110
40
80
78
56
53
91
32
83
26
74
64
92
70
35
60
105
68
44
71
64
105
88
90
109
