4
12
16
2
7
15
13
16
7
7
15
15
14
10
15
9
10
8
8
5
11
15
7
6
3
4
12
11
6
6
12
15
5
8
9
5
14
9
17
6
4
4
5
6
6
8
6
7
8
4
4
6
6
3
8
8
10
15
4
6
6
4
5
2
4
5
4
6
7
4
6
4
6
5
7
4
8
5
3
7
6
3
4
4
6
8
3
3
6
3
6
4
2
3
5
4
6
9
10
2
19
14
4
11
8
11
3
5
7
7
4
6
9
11
10
13
9
7
29
15
2
25
12
6
12
5
6
6
24
14
8
7
11
21
7
10
42
27
34
16
6
37
86
17
5
12
7
22
6
8
8
11
7
12
8
7
12
17
16
6
8
5
8
6
22
14
12
10
36
8
30
53
78
35
12
39
17
32
13
30
26
14
19
31
9
45
19
38
22
12
21
8
31
88
20
27
12
45
16
8
23
20
11
16
27
23
13
17
27
9
50
46
34
14
15
42
14
14
25
22
14
24
26
11
28
49
17
18
30
16
21
16
41
52
22
11
9
12
9
21
7
15
14
4
14
29
3
4
11
9
6
12
18
6
6
5
3
2
8
4
7
6
4
14
10
4
3
9
6
4
5
5
6
10
13
16
12
22
18
6
9
13
15
4
18
4
11
12
2
13
14
14
8
16
13
18
15
16
4
15
12
4
14
13
9
14
9
4
3
5
7
3
13
12
9
9
10
14
12
15
3
13
17
15
15
15
12
9
9
7
16
15
16
21
5
16
10
20
5
17
6
12
14
21
14
15
5
12
18
15
12
7
6
8
14
13
3
7
12
17
3
5
14
10
23
6
5
14
13
7
27
12
41
23
25
28
16
13
13
22
15
12
21
14
10
12
13
19
12
20
6
8
9
9
10
18
23
23
9
12
13
6
6
8
7
9
5
4
4
9
3
6
4
8
5
10
2
22
6
18
4
5
4
11
6
3
3
2
6
7
10
6
6
2
7
7
6
20
11
7
10
5
10
12
6
15
10
8
15
6
5
9
5
4
6
4
5
6
9
6
6
4
11
3
5
8
8
6
6
11
12
10
10
6
5
1
8
5
8
8
3
1
2
3
3
4
2
6
17
4
6
5
5
2
5
9
5
10
5
3
8
2
4
2
5
7
3
5
12
5
8
3
8
7
2
6
5
9
1
4
6
3
4
4
7
5
5
6
9
10
5
6
19
8
5
5
4
7
5
5
5
7
10
17
21
23
7
26
15
6
4
5
21
4
10
14
6
16
18
45
43
8
10
7
47
44
5
37
40
6
35
17
13
13
14
32
41
39
15
56
44
14
50
41
39
11
10
7
16
31
18
14
20
14
20
6
29
18
19
55
21
16
18
15
22
41
29
23
23
10
19
20
36
33
22
26
29
14
20
23
12
46
29
27
11
24
32
19
31
25
19
15
35
23
33
22
9
22
21
23
20
27
27
38
13
140
88
28
26
14
17
23
24
27
31
13
47
20
20
6
33
19
38
7
9
13
11
14
18
16
20
12
14
11
12
29
44
18
22
11
8
27
11
65
22
39
31
12
35
11
33
13
13
21
14
24
27
14
10
29
15
24
38
19
48
20
25
22
25
38
33
17
7
13
18
21
30
10
15
12
11
10
13
11
22
15
14
15
11
11
12
13
11
14
12
17
9
13
21
20
16
17
10
19
12
13
13
13
11
11
16
27
21
12
10
22
11
16
11
9
10
18
11
8
12
9
11
12
9
10
7
18
11
35
22
33
11
40
14
20
17
17
17
12
34
10
10
14
10
12
17
12
11
21
18
12
9
9
17
11
14
12
12
38
18
14
15
15
10
7
21
11
14
27
10
18
17
6
16
16
20
19
18
16
11
11
12
18
15
12
14
27
10
8
11
13
14
16
15
10
11
15
6
9
18
13
8
7
10
9
11
9
11
9
8
9
9
13
5
17
7
8
6
12
8
9
7
9
11
11
10
8
13
9
11
9
18
9
5
10
11
9
11
13
12
8
14
11
9
17
7
8
7
6
10
10
12
5
28
8
9
10
8
20
10
19
17
8
7
11
8
11
12
11
12
7
20
12
14
20
10
12
9
10
9
11
12
12
10
8
16
22
9
12
12
20
11
15
10
12
19
13
14
9
25
23
11
15
19
55
21
23
26
39
20
34
16
34
24
15
52
18
17
59
14
40
29
13
11
12
19
5
19
18
20
10
23
12
22
21
11
78
22
37
30
21
9
21
18
16
15
35
37
19
31
23
23
14
23
