4
11
5
34
13
12
9
2
6
5
6
3
7
9
10
18
5
19
15
5
28
7
5
6
5
8
15
7
6
6
8
2
9
9
9
6
9
8
10
11
10
8
10
14
8
13
15
26
18
19
27
23
43
21
37
20
13
37
26
29
23
21
29
25
26
27
19
15
29
23
23
32
39
37
28
32
17
32
29
22
34
22
31
39
29
36
48
35
33
30
67
24
39
57
51
50
52
27
78
42
37
31
27
48
57
66
70
49
96
94
49
53
50
42
45
74
53
76
46
53
40
33
54
40
71
60
56
46
72
33
60
56
57
75
87
86
42
74
64
58
40
59
70
96
110
69
39
36
83
64
94
69
107
85
61
91
79
77
51
66
60
82
76
114
84
115
84
106
67
51
86
97
137
63
67
87
55
87
44
117
90
88
68
42
71
118
74
119
88
58
125
82
36
87
74
137
109
79
115
52
60
47
76
160
60
60
58
84
48
72
58
61
67
50
55
78
53
53
63
52
61
49
51
97
58
78
48
65
43
46
93
50
33
77
120
46
39
52
48
44
48
54
58
46
67
51
56
88
61
30
40
50
47
54
59
45
49
72
123
56
38
62
57
90
39
105
137
44
132
130
84
129
42
91
69
59
63
88
52
70
57
72
61
50
99
45
44
30
48
37
40
50
63
37
103
54
45
41
51
53
110
66
35
61
63
120
44
71
54
66
51
33
54
41
50
44
101
61
47
48
54
53
52
52
65
45
54
41
36
34
56
90
68
101
77
76
45
50
43
33
41
59
52
56
69
86
69
55
34
51
79
58
45
87
47
110
53
45
77
42
133
131
50
49
91
29
48
123
51
71
46
49
70
88
104
112
58
62
73
93
67
49
70
31
71
73
103
40
64
57
82
125
42
91
91
67
41
60
57
75
45
50
57
64
48
36
43
86
32
80
35
66
47
59
74
60
45
80
48
52
52
61
133
98
32
46
48
50
132
77
75
59
68
75
52
78
37
78
87
62
65
67
77
67
62
61
40
80
62
51
61
69
55
107
68
57
48
86
56
94
102
48
45
54
95
45
51
53
46
62
94
45
35
34
128
127
124
52
63
50
50
39
46
33
37
61
69
40
106
56
68
52
39
101
70
59
50
40
43
123
96
123
61
44
36
40
25
37
51
41
39
65
47
67
45
36
48
54
93
64
67
103
94
72
50
50
94
66
131
75
31
93
51
90
92
123
111
78
71
59
42
64
58
71
57
63
52
79
124
41
128
33
44
69
59
36
109
85
78
103
73
66
60
29
40
63
78
21
124
64
96
87
44
50
122
126
44
70
81
41
61
113
50
64
83
72
48
44
60
62
44
116
45
133
66
50
36
133
123
43
32
107
122
66
47
44
47
57
45
159
125
122
121
62
65
72
45
56
45
88
58
35
34
62
39
41
71
52
105
47
33
45
47
49
72
46
62
88
44
91
47
46
99
54
48
56
65
63
50
76
56
71
57
94
70
65
45
64
53
30
37
77
77
77
100
85
54
53
71
48
84
62
60
86
55
28
60
98
86
49
80
46
55
61
71
46
51
78
68
57
109
92
121
70
59
55
62
50
115
67
50
57
60
52
38
34
58
46
79
71
46
45
62
52
62
78
99
61
58
67
64
68
44
40
114
48
44
52
54
123
94
61
73
83
75
55
119
58
97
85
96
51
56
87
41
68
56
119
52
91
121
132
52
83
49
50
56
73
140
106
88
114
83
72
83
38
58
81
45
121
71
119
101
32
73
47
129
54
109
62
77
63
65
109
50
80
68
57
53
95
116
168
120
64
30
77
68
110
116
82
61
65
129
52
39
41
73
71
55
79
59
54
77
80
73
64
74
61
65
55
123
45
21
50
39
67
69
52
71
56
76
71
91
148
131
46
34
49
46
49
29
66
60
35
42
58
61
66
44
46
45
109
45
90
44
46
53
52
71
63
47
49
61
65
71
58
52
72
57
52
51
100
109
115
54
58
54
49
27
46
33
81
110
49
59
120
74
45
50
66
117
36
44
107
57
43
57
71
65
64
70
35
30
49
35
54
78
43
50
57
86
66
96
61
71
74
61
132
66
47
42
94
137
67
95
93
61
103
59
51
77
95
56
97
59
128
98
78
126
52
44
78
43
32
49
51
76
62
126
82
134
90
102
113
40
75
79
73
126
98
130
113
93
149
121
51
142
49
131
50
52
68
57
47
76
61
44
69
116
84
74
80
102
46
51
61
48
63
92
40
61
67
69
80
46
119
131
74
124
