5
7
7
18
6
13
5
6
21
10
7
9
8
2
9
8
6
7
5
9
10
9
8
4
6
12
4
4
6
10
11
6
8
11
9
3
5
4
8
8
3
6
9
7
6
11
7
13
11
20
11
15
24
16
16
19
15
14
33
22
23
35
16
24
26
20
26
31
20
31
20
12
18
29
15
35
30
22
17
13
23
24
22
16
30
12
17
17
20
28
19
19
27
24
21
19
24
18
21
24
41
32
24
27
29
29
25
29
31
22
22
24
42
31
33
45
32
41
32
41
58
49
65
58
36
51
81
43
60
40
47
55
47
46
54
54
89
53
71
66
46
45
86
75
63
77
58
88
74
102
47
74
87
49
110
70
77
117
67
115
87
68
55
80
90
105
74
111
129
85
108
65
76
88
93
78
110
117
56
74
86
85
89
99
91
95
61
110
48
90
91
90
119
60
74
85
53
81
93
76
87
97
101
99
84
96
79
89
108
70
46
58
90
101
99
100
88
85
100
83
95
74
110
88
89
71
101
93
103
87
41
96
112
72
85
101
78
91
85
113
80
128
69
49
70
108
113
63
71
90
103
76
91
76
56
94
105
96
82
86
61
88
87
140
102
53
91
108
86
89
110
97
89
77
109
83
97
110
82
94
81
114
74
88
90
47
101
135
70
39
105
54
108
81
71
107
50
77
84
121
90
95
69
71
88
97
126
111
75
83
41
82
131
105
57
61
71
75
92
97
82
48
97
86
74
79
60
91
111
92
77
77
75
65
90
82
106
95
85
76
123
133
119
99
28
140
126
104
67
85
122
125
93
98
118
93
93
100
109
87
124
96
135
60
78
49
107
108
82
102
54
50
101
122
50
59
93
109
105
68
78
72
90
104
104
124
100
115
117
94
90
69
89
83
82
85
83
110
104
55
99
108
40
92
101
65
82
93
86
65
70
101
32
87
64
109
47
82
71
66
68
110
110
78
126
117
48
108
111
140
73
104
92
123
81
96
121
66
131
101
91
95
118
89
63
125
115
90
114
107
119
69
55
105
110
120
145
78
101
74
139
138
119
127
100
128
105
124
41
119
108
139
67
147
148
133
39
141
140
59
117
85
47
108
113
99
60
89
133
93
86
75
48
59
113
86
122
127
105
65
108
82
137
55
107
109
57
52
125
56
114
90
106
69
101
106
48
120
149
107
93
53
88
116
129
91
162
90
88
90
90
107
96
75
83
106
111
118
100
96
53
88
99
90
83
96
105
126
102
86
97
113
30
62
100
92
69
55
76
70
110
116
99
98
104
100
58
90
128
75
114
76
102
63
126
83
88
35
49
100
121
135
111
118
107
126
84
62
101
128
53
57
138
105
46
99
75
121
138
111
74
95
106
105
123
98
73
77
115
70
80
134
87
123
88
115
64
129
66
95
97
68
122
67
119
112
84
110
104
101
128
71
70
105
67
87
72
95
72
126
87
101
100
104
106
66
73
41
75
89
119
65
118
94
69
93
90
110
116
97
45
113
60
89
73
101
58
78
121
97
108
105
49
118
91
64
113
68
36
92
86
53
78
84
70
74
58
124
40
83
84
127
52
66
67
116
97
103
77
36
89
67
74
74
71
106
131
118
70
108
54
72
123
56
86
75
79
74
93
118
105
82
83
77
69
93
83
86
87
103
120
47
109
74
98
123
115
139
143
101
141
99
62
109
81
43
51
57
72
53
91
77
64
59
61
126
67
108
83
45
81
50
112
84
56
74
68
70
71
87
68
40
76
58
81
96
69
83
96
136
62
81
83
74
99
84
28
82
95
58
64
96
59
29
80
82
113
112
70
76
41
73
70
100
133
114
76
118
87
65
106
95
87
107
61
57
115
82
59
34
78
40
74
73
123
82
79
93
68
81
60
88
96
95
63
58
79
99
119
111
63
50
71
77
76
61
68
59
72
78
89
97
98
112
102
112
59
79
101
94
60
92
105
88
73
73
91
55
53
65
50
108
114
97
55
43
113
72
61
61
92
72
82
104
119
99
88
101
102
117
75
90
41
91
77
82
87
83
57
71
60
71
111
151
46
71
137
85
65
86
67
81
99
52
118
73
112
89
65
82
62
102
76
80
103
87
75
61
76
131
149
157
106
70
91
132
101
120
102
92
72
117
65
72
104
84
57
124
98
79
123
119
74
68
122
108
70
83
94
98
65
121
97
57
120
104
90
150
52
121
63
72
79
87
148
98
159
119
115
50
118
128
156
104
108
129
77
160
116
127
104
141
113
126
176
144
138
112
65
