-89
-79
-85
-30
-34
-56
-84
-53
-68
-93
-44
-47
-69
-66
-20
-88
-51
-43
-52
-43
-33
-27
-47
-39
-50
-47
-4
-41
7
-9
-19
-38
-51
-2
-40
-27
-66
-44
-14
9
-32
-8
-12
14
-16
-17
10
-23
2
9
9
-26
-2
-5
-16
-3
-2
10
28
2
-4
-7
-30
-17
5
1
-14
7
0
-21
-7
-20
-4
-7
12
13
21
-22
5
9
28
-24
19
7
-3
22
14
0
0
24
-5
17
39
12
7
2
-9
23
27
5
4
8
-5
-5
20
-11
15
24
9
18
22
-35
-24
-30
36
4
5
-7
23
18
45
48
-4
41
5
0
26
18
8
25
-2
-42
23
-17
-23
75
-25
-16
-2
13
-51
48
33
30
6
-16
24
29
5
13
23
-37
19
6
41
-6
7
26
-77
-7
41
29
47
22
4
42
27
7
-25
-20
28
15
13
27
13
9
37
17
20
-22
36
-4
-70
35
-11
25
29
-41
-12
-27
50
21
22
59
39
-22
6
30
-5
36
-149
-11
24
20
59
41
14
-1
-10
61
-15
28
23
32
-4
31
31
37
16
73
27
38
41
56
30
13
-128
76
-43
8
8
-47
-26
42
39
-54
-29
57
4
29
-60
-55
55
12
93
-21
41
-12
-67
-18
-45
0
-20
-34
-19
-17
18
-56
-46
-22
-5
-31
-9
-51
-27
-51
-43
-102
10
-80
-2
-7
-67
-54
-67
-49
-18
-131
-211
-95
-19
-4
-19
50
41
13
-31
-39
48
-4
-55
-58
0
28
-34
0
-19
-31
1
-14
-47
-176
-24
-154
-107
-22
3
-69
-40
-52
-23
-80
-9
-36
-72
-47
25
-19
-53
-17
-44
2
-50
-166
-87
-124
-55
-194
39
-19
-3
-10
-59
-151
-116
-12
26
-284
-105
2
-83
-14
0
-149
-82
-51
-65
-53
-94
-147
-129
-74
-102
8
-99
-38
-13
-59
-5
-143
-5
10
-115
1
-61
-221
-112
-88
-191
-120
-77
-42
-86
-125
-63
-192
-169
-215
-137
-97
-146
-114
-56
-30
-129
-120
-26
-124
-69
-189
56
-54
-128
-70
-45
-46
-83
-39
-151
-103
-81
-63
-188
-260
-76
-94
-88
-98
-125
-82
-199
22
-1
-42
-44
-26
-120
-68
-16
-7
5
-24
-67
-53
-63
-108
-44
-237
-63
-17
-182
-3
-93
-46
-84
-79
-141
-134
-38
-101
-77
-158
-200
-54
-43
-94
-60
-86
-50
-52
-139
-251
-88
-36
-48
-110
-25
-92
-156
-66
-123
-145
-153
-144
-59
-79
-114
-123
-131
-160
-116
-97
-85
-142
-95
-113
-127
-40
-162
-103
-141
-200
-138
-167
-145
-59
-11
-45
-75
-81
-48
-78
-31
-98
-97
-137
-161
-81
-27
-57
-11
-69
-130
-46
-71
-59
-80
-156
-111
-91
-89
-61
-41
-14
-154
-24
-104
-78
-23
-75
-20
-173
-140
-173
-137
-151
-370
-57
-173
-124
-102
-197
-123
-68
-78
-148
-10
-92
-63
-91
-131
-63
-203
-158
-40
-64
-31
-74
-81
-226
-103
-124
-86
-76
-266
-114
-131
-124
-171
-210
-239
-88
-70
-138
-108
-164
-93
-158
-88
-116
-100
-64
-156
-138
-86
-100
-274
-159
-106
-157
-133
-109
-92
-99
-121
-145
-125
-152
-280
-97
-192
-273
-174
-70
-150
-153
-175
-348
-189
-97
-53
-232
-63
-64
-189
-148
-117
-140
-207
-151
-141
-117
-87
-158
-180
-159
-110
-118
-104
-140
-150
-142
-225
-134
-144
-211
-75
-97
-185
-127
-150
-134
-206
-130
-95
-187
-229
-186
-103
-158
-152
-145
-103
-133
-160
-210
-202
-135
-163
-119
-182
-59
-65
-226
-296
-147
-106
-117
-168
-108
-147
-104
-163
-135
-161
-189
-112
-177
-140
-173
-290
-174
-152
-176
-177
-175
-307
-214
-183
-158
-255
-93
-158
-106
-292
-96
-130
-136
-91
-154
-269
-152
-162
-225
-149
-143
-224
-146
-76
-178
-123
-162
-157
-165
-183
-202
-179
-271
-81
-216
-92
-246
-219
-179
-114
-120
-168
-92
-168
-178
-165
-195
-310
-326
-204
-163
-143
-114
-65
-164
-108
-159
-115
-112
-121
-147
-167
-204
-137
-134
-188
-144
-95
-131
-118
-180
-184
-298
-203
-146
-196
-180
-179
-307
-129
-201
-199
-109
-218
-170
-141
-181
-137
-290
-377
-270
-245
-221
-159
-236
-302
-361
-237
-415
-207
-222
-248
-257
-217
-563
-465
-152
-186
-184
-229
-169
-244
-231
-154
-194
-302
-142
-141
-173
-208
-152
-180
-185
-203
-150
-128
-154
-137
-124
-131
-148
-124
-172
-114
-155
-146
-157
-136
-241
-135
-340
-106
-143
-151
-148
-170
-54
-150
-219
-142
-140
-188
-98
-172
-116
-126
-150
-400
-133
-149
-172
-143
-128
-256
-175
-84
-81
-93
-178
-113
-163
-265
-161
-376
-233
-121
-193
-118
-238
-267
-305
-250
-326
-170
-249
-168
-213
-172
-162
-99
-93
-160
-75
-174
-206
-94
-171
-175
-83
-88
-284
-105
-141
-177
-165
-185
-112
-124
-97
-140
-230
-146
-138
-169
-197
-198
-164
-197
-180
-211
-236
-139
-242
-137
-175
-249
-167
-209
-130
-133
-159
-137
-209
-150
-247
-189
-166
-146
-222
-344
-177
-160
-205
-111
-226
-237
-224
-237
-130
-225
-259
-200
-138
-93
-240
-87
-163
-150
-68
-143
-170
-123
-131
-92
-321
-122
-175
-96
-192
-178
-142
-192
-229
-250
-198
-363
-106
-162
-208
-208
-267
-232
-106
-141
-229
-125
-176
-145
-85
-71
-142
-81
-152
-131
-166
-268
-257
-254
-469
-224
-236
-249
-179
-139
-424
-191
-249
-350
-403
-119
-313
-94
-141
-89
-99
-115
-130
-75
-176
-94
-66
-70
-169
-154
