-35
-51
-83
-60
-45
-15
-54
-79
-67
-51
-30
-76
-64
-66
-149
-143
-25
-53
-60
-84
-28
-75
-52
-118
-9
-89
-69
-54
-44
-69
-38
-16
-71
-56
-96
-118
-63
-67
-8
-71
-33
-37
-83
-49
-23
-50
-53
-31
-39
-91
-84
-79
-113
-41
-78
-116
-114
-46
0
-117
-130
-84
-98
-30
-92
-19
-43
-43
-52
-104
-92
-52
-125
-29
-48
-48
-72
-45
-53
-31
-37
-34
-140
-80
-56
-154
-96
-126
-107
-123
-72
-120
-97
-123
-75
-98
-95
-75
-119
-128
-144
-153
-83
-99
-70
-93
-104
-106
-155
-98
-108
-102
-80
-175
-176
-129
-112
-101
-124
-85
-100
-98
-91
-80
-129
-136
-103
-114
-134
-213
-117
-116
-142
-63
-136
-214
-64
-91
-111
-141
-143
-189
-155
-118
-152
-185
-139
-100
-155
-165
-154
-191
-102
-59
-192
-138
-178
-138
-109
-182
-111
-195
-262
-119
-198
-175
-241
-227
-224
-285
-221
-250
-349
-309
-217
-210
-273
-188
-273
-203
-156
-206
-315
-262
-266
-320
-273
-207
-192
-323
-319
-250
-300
-362
-317
-290
-286
-201
-255
-266
-223
-385
-258
-294
-295
-286
-333
-247
-304
-234
-194
-258
-316
-297
-300
-367
-314
-286
-223
-200
-306
-291
-355
-264
-310
-338
-437
-317
-352
-315
-301
-426
-317
-302
-395
-474
-363
-301
-382
-300
-231
-353
-413
-275
-327
-243
-325
-356
-346
-303
-352
-406
-501
-419
-413
-309
-273
-323
-412
-378
-325
-258
-381
-468
-318
-477
-473
-406
-402
-448
-409
-459
-420
-472
-373
-433
-443
-674
-484
-432
-363
-513
-593
-495
-453
-412
-294
-385
-327
-536
-346
-472
-480
-531
-395
-535
-529
-434
-540
-363
-401
-437
-316
-583
-348
-486
-458
-596
-414
-517
-403
-441
-459
-508
-373
-377
-373
-413
-369
-448
-449
-471
-358
-508
-405
-439
-419
-430
-359
-426
-505
-467
-612
-504
-444
-441
-335
-481
-458
-407
-466
-447
-460
-440
-440
-507
-565
-503
-453
-432
-561
-742
-486
-533
-640
-391
-357
-370
-469
-397
-530
-524
-397
-516
-533
-444
-403
-471
-352
-465
-395
-650
-583
-369
-488
-553
-421
-491
-481
-431
-465
-433
-667
-469
-444
-400
-479
-516
-398
-396
-395
-435
-406
-445
-395
-446
-575
-442
-506
-410
-539
-429
-455
-550
-478
-458
-551
-495
-358
-416
-659
-389
-543
-588
-444
-398
-493
-456
-730
-450
-437
-487
-602
-362
-526
-414
-483
-431
-398
-359
-543
-399
-590
-451
-416
-419
-426
-499
-425
-468
-513
-517
-479
-399
-566
-551
-397
-437
-586
-510
-502
-425
-410
-495
-470
-399
-505
-483
-474
-453
-734
-521
-448
-661
-557
-473
-698
-679
-408
-513
-541
-579
-524
-519
-487
-424
-412
-642
-418
-556
-588
-607
-599
-648
-406
-444
-390
-404
-433
-467
-386
-440
-338
-431
-403
-361
-491
-474
-489
-458
-464
-424
-463
-427
-428
-537
-343
-362
-447
-419
-436
-504
-457
-434
-500
-475
-418
-436
-487
-424
-482
-450
-501
-467
-468
-375
-471
-476
-457
-375
-454
-520
-479
-414
-531
-527
-449
-381
-489
-447
-486
-576
-399
-462
-500
-404
-377
-483
-530
-444
-506
-407
-407
-482
-421
-456
-457
-557
-482
-428
-422
-486
-436
-450
-436
-441
-502
-385
-439
-474
-430
-460
-452
-391
-457
-447
-447
-455
-424
-438
-483
-532
-566
-430
-476
-459
-507
-432
-427
-505
-480
-495
-549
-435
-433
-452
-468
-468
-534
-456
-533
-475
-507
-468
-488
-433
-445
-485
-529
-488
-497
-504
-447
-436
-403
-539
-432
-464
-485
-466
-555
-506
-423
-479
-497
-528
-456
-460
-375
-505
-496
-457
-491
-373
-420
-441
-490
-475
-468
-465
-344
-473
-472
-464
-464
-466
-485
-520
-448
-518
-379
-473
-489
-479
-395
-516
-472
-455
-418
-433
-495
-482
-493
-552
-482
-527
-466
-402
-539
-575
-488
-540
-441
-504
-425
-472
-401
-352
-457
-437
-430
-602
-471
-489
-413
-458
-497
-557
-412
-486
-445
-413
-434
-418
-551
-448
-475
-421
-493
-470
-457
-553
-478
-479
-496
-569
-512
-432
-466
-549
-393
-478
-479
-437
-537
-502
-444
-500
-452
-482
-493
-481
-443
-510
-380
-444
-502
-475
-536
-471
-499
-472
-440
-386
-496
-435
-511
-478
-508
-465
-513
-445
-498
-420
-559
-536
-488
-457
-529
-556
-386
-437
-540
-458
-481
-398
-548
-541
-400
-447
-505
-597
-471
-553
-469
-456
-455
-438
-533
-408
-503
-443
-533
-480
-413
-455
-552
-519
-447
-402
-486
-369
-591
-492
-593
-465
-578
-426
-502
-446
-511
-439
-462
-569
-483
-446
-390
-465
-500
-508
-440
-629
-543
-467
-523
-388
-479
-482
-481
-586
-528
-572
-521
-413
-410
-582
-425
-512
-490
-471
-445
-483
-445
-544
-410
-533
-530
-444
-583
-430
-514
-465
-410
-489
-421
-487
-550
-537
-505
-533
-483
-623
-423
-501
-480
-431
-471
-500
-519
-463
-468
-473
-430
-490
-463
-493
-465
-520
-457
-430
-451
-492
-439
-426
-501
-400
-424
-570
-624
-569
-462
-585
-458
-399
-391
-505
-457
-488
-535
-467
-468
-465
-517
-501
-451
-495
-549
-485
-436
-429
-433
-462
-520
-478
-417
-372
-459
-554
-417
-520
-443
-447
-496
-481
-336
-521
-489
-491
-478
-455
-506
-440
-548
-523
-480
-522
-571
-416
-470
-540
-492
-497
-430
-479
-522
-555
-497
-523
-444
-529
-445
-494
-383
-478
-476
-540
-537
-505
-468
-385
-507
-468
-420
-460
-612
-401
-520
-515
-451
-437
-617
-381
-448
-501
-486
-421
-522
-471
-504
-485
-489
-514
-540
-432
-461
-452
-438
-423
-467
-517
-434
-432
-399
-429
-471
-446
-406
-463
-471
-450
-459
-536
-481
-459
-548
-567
-429
-509
-476
-518
-469
-435
-486
-471
-502
-402
-369
-409
-555
