-56
-8
-35
-74
-11
-7
-82
-120
-96
-68
-36
-37
-101
-162
-148
-90
-95
-71
-69
-89
-34
-10
-47
-43
-16
-102
-58
-14
-81
-29
-58
7
-40
-63
-74
-50
-44
-71
-56
-35
-6
-25
12
-32
-12
0
0
-21
-26
16
-2
22
-32
3
7
-9
7
8
-12
18
3
29
0
0
5
8
-8
7
1
0
-13
-23
35
19
17
12
9
4
16
14
33
15
9
0
21
27
7
33
19
24
4
27
19
39
54
19
27
17
13
37
25
5
-2
21
14
-18
10
44
22
21
36
55
29
30
8
26
-20
50
-23
56
31
3
23
23
40
-3
48
30
30
34
15
45
-6
53
32
51
49
5
73
33
54
35
34
29
4
-2
44
44
34
78
53
-16
13
12
16
27
17
33
24
35
36
9
26
11
13
22
-19
19
53
22
45
54
60
10
33
45
32
70
20
55
68
36
61
51
38
48
84
43
16
43
24
21
48
28
83
57
58
86
48
55
64
57
88
84
99
65
62
73
65
89
55
72
67
57
83
65
83
53
65
10
55
43
69
37
69
110
51
22
97
53
18
53
63
61
75
56
66
22
33
59
67
72
22
88
20
-11
-4
40
51
85
71
87
89
82
65
114
101
97
106
54
27
56
83
45
36
48
55
71
63
14
46
97
86
67
62
48
43
-2
22
43
9
48
58
71
96
31
67
86
76
86
62
18
81
30
1
52
46
9
46
9
35
74
47
81
67
76
60
58
83
56
57
36
23
32
87
56
92
21
38
69
105
35
85
57
67
79
94
85
46
15
32
91
83
109
76
107
110
105
99
59
22
75
53
80
59
4
18
72
75
35
8
20
54
77
95
98
78
13
81
63
76
65
44
82
81
26
49
81
83
82
97
95
84
-29
80
41
93
98
88
58
62
35
19
72
96
41
67
55
47
-83
67
74
58
10
45
78
66
16
64
48
75
67
57
102
-28
25
37
47
-13
80
37
51
83
5
45
86
72
73
83
53
101
78
82
69
91
61
83
56
24
76
57
42
21
59
23
54
87
66
57
39
62
47
-19
13
-6
-52
0
-1
36
-9
-9
9
-13
32
45
49
78
23
52
-40
18
44
16
33
59
-7
12
-48
22
28
-18
-44
34
22
65
52
-71
46
-8
6
44
52
43
63
14
51
27
48
34
46
-44
-3
53
25
10
-27
12
6
-5
-11
9
21
29
24
-57
35
9
8
0
0
41
51
2
31
38
33
29
-19
30
57
13
20
26
4
23
37
46
6
34
-109
9
34
-82
-41
-4
-79
-15
31
9
12
12
-1
30
13
24
39
33
23
-66
-67
-45
-3
17
29
50
44
-27
12
20
10
1
3
37
58
-66
21
32
15
43
66
66
-16
-4
17
22
30
33
65
47
-30
22
12
11
18
10
-41
-58
-14
-36
0
-13
-29
11
-28
-27
36
-45
30
58
-32
32
42
-14
-7
25
23
23
20
8
38
-60
57
8
20
-19
-18
-3
33
43
18
52
-5
10
-6
26
6
20
-22
-14
51
26
4
-21
-1
42
-9
10
0
38
22
37
0
-27
21
0
28
32
-18
-38
-25
57
20
12
21
51
17
49
50
50
39
14
8
30
21
25
17
54
41
35
-10
25
-33
45
40
24
-6
7
24
-21
36
26
3
2
28
30
44
61
28
-30
-27
18
0
-13
-11
-22
16
25
-156
-34
-9
16
48
-23
-38
-7
14
31
7
-38
6
-25
20
-32
-42
-54
-10
-28
-37
-55
-66
-13
-21
0
5
-29
26
15
43
29
16
7
14
-28
32
-92
36
-52
-78
33
-6
0
-8
22
-34
52
30
3
10
-59
-12
23
43
-26
-19
0
32
36
22
26
63
14
43
80
17
-1
50
90
59
34
-24
70
58
38
38
36
59
20
66
16
30
54
17
-58
-30
-47
-104
-112
-17
-36
45
8
9
47
49
39
69
61
-4
51
39
38
34
39
56
-103
0
-6
-16
-74
-69
3
-60
-58
-58
-81
-68
-65
-47
-66
-53
-47
-2
-7
-16
-22
-3
3
-13
17
-48
-37
-3
-54
-1
-31
3
-15
-78
-69
-2
-4
19
-18
-8
-15
-5
6
-20
-54
5
0
18
-63
-43
-85
-27
-81
-64
-80
-117
-59
-58
-39
-20
-23
-76
-50
-29
-40
-57
-133
-18
-113
-42
13
-28
-75
-131
-49
-83
-128
-92
-125
-115
5
-2
0
27
-12
-72
45
24
48
-33
-7
-28
-52
-27
-73
-42
-51
-3
-69
-119
-83
-51
-22
-23
-26
-5
-76
-123
-39
-3
-51
-12
-30
-29
-30
-71
-5
-27
-45
-56
-73
-74
-59
-59
-45
-71
-37
-88
-43
-97
-78
-49
-97
-121
-103
-81
-106
-185
-92
-32
-52
-69
-92
-80
-79
-76
-103
-108
-54
-263
-94
-129
-86
-76
-50
-65
-47
-71
-78
-111
-73
-85
-106
-39
-113
-54
-80
-82
-63
-77
-46
-64
-65
-37
-93
-87
-95
-99
-60
-113
-130
-87
-92
-21
-97
-55
-111
-123
-52
-94
-197
-61
-155
-64
-163
