-60
-82
9
-108
-66
-91
-86
-59
-95
-82
-91
-54
-59
-44
-114
-141
-57
-36
-57
-39
-57
-38
-11
-80
-41
-27
-25
-73
-33
-34
-41
-36
-30
-30
-82
-33
-56
-40
-48
4
-29
-11
-28
-15
3
-11
-66
9
12
-10
11
12
-19
9
-17
5
-9
8
29
14
16
26
12
-13
18
19
14
27
-10
1
33
10
40
39
-19
-6
-15
35
34
-13
31
11
23
21
7
23
27
7
-16
18
23
12
17
27
3
30
1
34
37
26
16
-1
-9
36
20
38
15
40
45
13
26
-12
25
30
21
27
16
52
35
62
28
-17
-9
53
16
53
29
6
41
12
62
28
56
42
56
11
45
33
3
-11
-25
8
30
43
60
9
-8
13
43
41
29
63
-12
55
24
35
47
38
35
34
45
-37
17
31
30
18
36
38
12
16
23
44
15
33
0
63
45
52
58
44
54
27
46
30
77
71
43
56
28
37
46
65
60
84
93
56
68
45
78
65
55
80
47
-16
40
97
20
31
57
62
42
73
79
72
45
101
70
75
37
99
63
20
70
101
92
93
40
71
65
90
54
94
40
51
51
68
73
85
64
62
63
82
99
92
21
80
110
81
80
67
61
80
88
98
61
78
34
84
89
52
83
84
44
91
92
75
55
56
63
111
79
58
49
76
70
78
94
60
98
50
108
73
109
79
89
76
83
76
82
110
117
100
103
92
90
70
77
82
31
48
104
113
117
63
47
88
109
93
106
73
90
85
84
123
92
69
95
91
107
56
58
53
62
54
80
49
36
52
60
49
56
25
58
69
65
90
93
74
90
68
95
63
80
78
73
67
30
30
54
62
46
74
69
75
77
64
80
81
38
75
66
86
100
109
68
90
83
87
38
80
69
85
61
71
105
90
100
96
94
70
80
74
50
104
72
56
119
45
89
68
70
78
119
121
109
112
110
109
81
122
62
72
103
110
124
129
89
105
46
97
27
90
69
79
115
124
97
73
96
65
110
126
130
109
106
95
77
119
128
93
114
91
92
91
99
116
118
104
129
133
147
116
127
122
131
111
87
116
100
104
106
95
59
114
97
106
98
111
119
102
117
80
118
98
108
123
143
121
118
121
109
81
80
122
123
93
81
71
86
105
69
75
121
76
124
90
145
66
117
79
39
46
95
107
102
106
119
103
122
64
120
84
93
111
95
50
83
107
95
96
87
58
94
88
105
87
86
94
98
109
69
87
103
94
52
98
89
100
105
113
121
122
124
105
102
120
115
137
124
129
141
116
136
130
126
131
122
108
96
139
139
149
137
102
98
107
105
101
93
118
121
122
137
110
100
88
82
99
84
120
113
121
111
123
102
121
130
123
114
97
120
112
96
123
122
126
115
99
111
121
112
131
96
119
116
77
114
117
117
78
89
77
113
98
93
41
49
56
91
95
78
123
98
116
115
57
111
106
99
83
49
114
95
112
35
111
111
115
75
97
89
90
111
117
125
45
116
95
65
92
17
105
113
95
57
85
85
111
101
63
70
92
70
79
77
103
86
29
65
77
98
103
75
100
56
46
65
92
88
123
50
80
77
79
99
60
82
65
76
84
81
64
76
98
61
104
112
83
96
94
57
26
44
72
30
112
104
62
23
61
41
94
71
80
71
107
66
70
75
50
45
88
78
78
46
25
31
63
90
101
81
77
8
66
17
68
94
-24
-46
3
58
10
27
-28
34
33
63
66
31
62
60
45
70
54
10
28
53
54
27
109
27
78
54
55
60
68
59
91
69
77
37
46
20
-10
22
54
45
67
80
64
81
32
63
56
45
25
27
-1
72
52
39
10
0
2
46
45
69
41
74
31
29
66
56
16
24
42
27
89
23
33
8
34
37
94
34
48
5
45
23
10
44
33
26
48
29
45
53
30
52
48
45
15
39
59
58
66
61
50
46
78
42
8
12
5
43
65
49
26
26
33
29
6
35
60
21
35
43
57
63
37
49
53
51
57
53
49
37
60
40
53
49
49
48
47
69
71
63
26
8
54
40
50
67
38
25
37
51
59
72
75
55
74
84
81
67
23
10
63
63
76
76
65
57
60
49
80
59
58
77
72
17
7
71
69
53
70
89
48
55
60
37
41
58
54
47
67
55
48
8
63
31
37
67
46
47
48
25
9
24
47
29
41
52
20
58
48
65
28
46
34
50
57
40
29
76
66
64
71
37
42
12
84
79
32
47
52
40
46
67
32
29
56
46
63
34
58
62
47
73
55
63
33
-14
46
70
24
26
4
9
33
22
14
-12
47
-22
28
4
21
46
10
16
41
28
35
18
21
22
21
33
