81
62
18
90
88
99
119
76
152
71
120
87
65
73
108
141
74
81
57
80
80
80
41
106
55
84
46
114
63
81
61
61
72
74
127
60
91
59
36
47
72
55
84
76
79
24
88
39
26
60
32
48
61
54
66
53
39
40
27
22
45
41
30
42
42
50
49
33
65
54
25
52
33
37
69
66
51
26
39
58
12
36
31
41
61
33
40
29
61
77
33
99
37
71
43
39
58
38
52
46
70
74
74
36
31
75
52
28
51
75
46
82
82
77
62
57
61
37
36
23
106
64
134
37
106
49
70
63
63
78
66
27
63
44
37
77
34
39
76
93
97
99
63
63
35
55
121
81
55
53
50
60
44
30
80
36
41
48
35
71
61
92
72
91
26
77
56
91
102
108
74
52
83
65
87
58
39
69
47
71
45
60
63
81
41
33
79
56
93
101
44
53
41
41
33
66
52
64
33
91
62
37
97
135
87
39
150
117
68
56
89
46
44
27
87
48
60
44
102
28
71
111
68
22
74
66
137
66
84
51
73
51
96
122
75
63
48
58
83
73
93
36
30
97
129
73
23
64
84
87
44
62
28
47
105
54
61
36
38
171
47
56
79
57
58
65
92
61
58
34
126
64
94
80
56
52
66
68
63
90
22
85
54
85
51
63
91
77
84
59
41
46
39
59
83
101
72
97
108
102
43
67
51
117
132
56
48
65
72
73
60
30
69
42
50
82
53
85
28
76
67
76
75
68
51
91
83
68
99
92
78
141
85
58
57
42
47
64
65
80
61
100
84
75
78
81
111
91
91
72
104
90
81
73
52
62
113
82
139
78
106
48
51
39
78
64
94
51
109
46
78
69
119
55
72
54
38
58
59
81
73
66
88
54
76
87
57
83
82
76
127
88
47
27
43
59
89
50
108
71
56
93
42
48
34
40
68
53
106
71
93
73
112
71
40
36
78
104
71
71
50
53
57
30
50
91
85
41
43
48
68
64
72
68
67
39
35
41
37
29
30
58
43
57
22
41
71
39
64
41
77
61
117
51
39
65
72
48
52
63
46
118
41
98
86
31
36
42
36
59
79
98
85
49
67
81
120
97
92
82
111
89
71
139
70
70
36
118
56
89
188
223
142
68
59
66
25
73
45
137
40
91
96
50
85
88
51
36
116
96
71
75
75
58
51
77
92
99
76
34
121
58
38
71
129
84
56
63
28
45
57
34
30
55
56
39
44
43
52
27
22
44
41
34
29
31
16
90
81
40
31
28
32
63
42
56
99
86
92
39
42
48
30
20
92
99
107
61
71
44
57
24
67
35
66
64
42
56
78
75
47
46
57
32
65
28
43
57
52
42
50
36
61
79
77
86
53
40
43
99
71
116
58
65
90
180
112
103
61
83
85
71
78
45
57
130
78
81
91
91
114
94
71
86
106
53
109
79
119
91
114
100
70
45
55
128
67
56
113
55
259
50
70
69
120
75
64
53
70
98
59
88
89
90
88
64
70
142
99
96
100
81
77
76
75
147
114
78
60
54
91
143
63
86
54
137
94
104
94
82
84
83
85
79
106
53
62
62
49
59
121
149
147
115
161
65
54
109
150
97
126
84
100
92
122
69
82
101
117
113
111
69
93
64
89
97
80
75
70
44
70
92
122
71
136
88
79
253
163
95
71
136
112
171
124
104
84
99
121
100
116
118
71
87
113
101
111
91
109
57
110
84
76
102
109
78
96
80
89
61
134
80
91
112
116
100
88
104
86
94
74
98
101
101
112
121
188
251
87
112
131
133
179
104
115
96
94
99
102
142
111
97
107
136
146
118
100
103
140
139
166
90
100
83
152
148
159
124
146
152
118
99
105
111
126
87
107
129
82
108
102
147
108
101
97
93
65
98
94
104
139
129
127
191
104
100
116
134
120
95
123
112
150
140
128
138
123
106
97
117
114
106
102
100
108
82
128
101
151
113
118
137
112
97
91
99
108
122
168
103
103
115
103
106
131
110
114
117
95
102
105
99
95
106
129
127
181
103
96
114
104
129
116
90
113
104
69
119
109
100
134
170
124
96
134
112
87
102
112
113
113
140
110
107
105
123
91
118
145
111
114
112
95
98
126
110
118
111
119
112
106
109
96
125
107
111
111
123
95
118
109
139
145
127
96
98
117
103
111
115
134
92
95
144
104
94
121
96
97
114
143
116
97
100
104
97
99
120
99
101
109
106
168
106
111
102
118
127
128
119
118
113
111
104
159
96
135
144
134
122
121
117
135
115
185
114
124
116
118
