88
38
49
130
62
40
82
61
88
88
79
87
99
92
128
153
130
120
93
81
47
52
96
79
78
92
81
50
119
68
93
29
68
45
105
85
85
97
107
65
68
53
41
64
43
39
40
67
74
49
52
43
93
33
32
60
53
20
77
26
52
46
32
61
63
38
54
37
40
33
74
84
45
53
46
36
38
39
39
37
43
34
30
54
41
35
59
34
29
40
44
47
55
49
35
76
46
46
64
44
48
47
57
43
71
62
51
54
48
53
92
27
57
55
78
74
118
33
101
59
36
102
61
69
62
104
76
97
76
88
104
72
58
38
56
43
51
91
55
73
67
65
43
90
74
111
66
53
90
51
61
116
54
62
70
58
61
75
71
63
55
71
43
92
79
66
104
98
36
70
37
51
68
85
52
81
93
62
153
42
50
58
36
53
46
55
30
74
37
47
97
70
73
89
41
67
58
34
62
66
32
101
43
36
33
73
35
70
49
32
51
75
44
102
37
99
51
94
60
125
90
61
64
68
69
21
121
108
19
94
170
85
85
91
42
61
73
63
78
91
59
52
104
35
127
171
106
92
50
49
60
63
54
85
105
42
39
52
47
101
125
92
71
93
126
87
90
83
86
119
87
75
73
53
67
117
132
115
80
69
118
74
65
56
27
120
66
44
54
54
101
89
66
93
106
86
91
87
81
126
82
52
44
52
39
39
65
61
29
64
94
85
128
134
48
118
39
108
101
56
57
145
41
59
95
74
46
60
115
71
81
66
40
56
61
57
28
59
75
102
104
88
118
59
92
163
120
63
67
76
177
103
78
45
51
44
46
194
49
162
74
96
84
26
50
82
77
49
42
60
47
47
41
200
68
75
40
58
59
86
101
132
182
78
65
153
55
110
131
245
93
86
83
120
124
77
89
274
91
138
75
74
79
58
142
140
110
96
106
53
104
117
57
142
105
72
79
82
49
82
57
70
64
63
54
75
54
89
156
110
62
99
205
104
171
114
61
103
114
118
97
74
169
73
160
189
139
178
104
130
147
119
142
104
93
84
94
83
103
85
90
73
111
125
91
102
95
157
95
91
153
108
104
93
75
93
181
75
186
129
89
109
95
83
99
92
132
102
116
105
251
141
88
119
133
126
73
114
127
156
137
88
105
116
164
85
103
93
108
73
93
83
118
117
90
87
101
232
91
89
147
110
130
177
84
96
136
150
145
260
123
116
136
132
126
308
119
117
165
93
108
116
102
123
83
87
92
118
206
131
138
131
89
100
106
76
137
89
81
101
118
96
77
93
235
100
106
133
123
113
81
98
123
149
151
123
105
81
111
146
148
117
102
163
127
137
139
156
155
157
115
201
100
104
102
112
145
115
111
128
128
112
128
122
107
106
98
86
129
78
169
62
123
88
137
208
118
100
70
118
82
130
135
164
110
101
125
150
181
90
107
117
142
144
99
116
102
95
87
69
88
96
114
97
80
86
82
201
149
93
88
70
121
93
81
126
79
105
81
76
86
110
75
90
102
94
86
96
94
128
104
227
99
95
86
91
119
145
132
103
113
114
118
105
96
102
93
105
76
118
96
106
145
88
117
107
96
222
123
122
118
105
123
193
62
91
126
125
133
97
117
118
96
160
130
115
131
101
177
136
122
125
118
101
171
88
109
78
93
93
127
97
90
99
351
103
166
344
107
135
115
139
121
121
66
100
119
113
158
70
118
108
141
163
107
78
87
102
129
65
106
93
99
177
139
82
74
98
88
128
86
81
107
95
86
100
123
86
98
98
147
111
138
125
186
222
180
143
195
139
116
154
130
110
98
53
94
134
93
110
104
114
101
111
347
119
141
102
136
222
98
197
154
142
102
111
165
118
157
126
152
96
127
119
129
122
122
107
106
168
145
109
168
138
142
121
143
140
191
118
80
94
153
82
110
91
113
143
137
86
128
98
177
125
181
128
244
159
231
197
183
143
100
104
131
118
162
116
122
144
214
115
168
131
70
160
217
251
125
194
245
162
211
161
117
153
111
111
93
161
94
127
74
120
121
152
98
126
240
150
123
107
189
167
170
144
123
118
136
116
159
154
134
76
108
145
107
134
58
137
104
112
128
116
86
122
104
141
117
116
101
118
122
141
112
94
98
100
146
101
134
221
147
123
113
157
168
109
96
98
144
236
107
500
104
174
132
91
98
99
97
112
65
102
122
137
161
114
111
121
143
96
107
128
66
97
120
105
133
123
126
153
124
133
140
90
139
116
177
186
172
223
134
130
341
130
232
149
225
