154
106
141
40
61
90
87
69
72
95
58
86
100
91
63
102
102
73
62
33
51
36
60
48
89
80
41
87
46
57
71
75
66
47
56
83
68
96
44
36
134
45
69
32
58
34
61
77
39
37
39
85
32
38
75
92
97
42
40
40
48
78
106
81
31
30
117
66
43
79
113
135
91
69
98
93
27
160
80
110
76
137
100
76
97
48
86
107
128
91
61
50
22
98
85
145
80
117
39
92
69
48
144
95
106
151
78
64
142
139
129
113
123
154
61
109
144
191
80
110
72
69
64
73
143
128
87
192
171
158
120
170
115
142
253
36
169
201
126
127
268
79
60
84
116
170
132
136
144
110
107
158
111
162
129
195
138
82
134
152
126
95
86
131
178
85
149
118
146
327
178
98
181
121
135
186
113
120
135
212
139
199
428
103
196
142
190
171
110
222
93
162
103
63
136
165
150
116
157
95
620
137
141
98
84
91
130
154
192
79
113
114
136
109
181
127
150
106
143
78
121
125
106
137
180
119
535
65
315
237
138
312
363
139
153
377
224
148
192
222
319
288
121
177
89
292
147
177
302
200
170
156
236
190
201
129
135
201
150
136
188
220
153
187
153
229
191
174
168
217
185
129
149
210
300
172
190
214
715
192
129
188
194
132
162
161
222
211
133
233
249
223
230
164
282
270
145
180
178
177
201
340
147
507
212
152
150
232
200
213
238
293
222
146
205
148
143
184
277
159
215
131
199
219
278
408
269
838
167
184
128
159
297
498
533
145
149
847
210
162
333
153
125
502
287
222
350
177
324
337
340
210
245
120
304
189
182
314
161
302
143
142
337
140
182
398
172
213
355
282
284
172
163
322
173
327
166
338
227
224
300
412
245
134
281
198
111
339
310
571
127
184
324
204
210
150
159
153
330
291
245
290
349
577
243
175
236
272
222
191
356
99
96
134
205
114
203
177
107
160
120
202
160
147
140
204
173
505
187
233
272
146
311
185
201
241
277
243
135
145
172
236
229
115
146
175
143
155
146
139
241
478
174
139
145
237
165
175
253
182
174
256
279
205
98
156
253
233
203
184
198
172
130
185
179
196
270
164
251
224
266
331
197
259
333
240
142
236
139
362
158
176
94
194
204
206
170
171
151
163
132
185
242
205
153
140
121
290
164
112
133
152
142
111
243
139
147
180
136
171
107
287
268
213
249
198
910
235
223
287
189
239
259
150
205
275
128
126
164
170
216
94
429
224
121
112
96
162
152
346
162
142
156
149
229
194
208
157
242
220
303
143
166
147
157
178
155
148
129
124
134
151
190
148
149
157
419
271
167
287
182
122
162
133
152
188
187
175
327
195
323
631
379
181
168
164
185
517
272
228
117
300
184
126
431
194
175
218
318
250
251
173
218
198
209
177
145
155
190
186
289
229
439
227
234
293
151
225
384
190
225
191
268
130
154
294
264
207
182
182
170
193
184
264
159
283
260
243
236
228
270
226
158
377
459
196
148
208
204
143
124
108
153
157
176
186
209
201
140
158
303
182
166
183
165
158
299
217
195
184
192
97
191
140
658
145
209
157
131
220
178
210
190
272
170
248
254
189
116
244
143
263
251
145
168
184
178
387
180
383
116
564
256
234
191
226
227
175
164
196
179
282
364
424
244
194
171
197
148
204
204
200
165
248
151
207
247
227
161
127
216
296
115
240
62
324
205
348
379
143
168
151
171
409
114
294
188
119
206
192
161
121
121
276
424
262
353
156
236
290
224
300
190
321
230
172
228
216
167
753
1070
93
177
205
162
122
137
324
108
176
534
234
155
313
168
139
182
207
198
150
122
170
45
115
126
139
138
173
210
118
146
196
177
369
260
252
128
141
189
222
97
126
100
156
163
98
105
155
166
159
53
116
639
115
202
159
124
125
165
206
116
93
111
163
75
133
168
99
278
246
112
116
144
203
234
215
270
170
100
171
129
247
181
166
129
134
99
142
211
208
108
117
194
73
191
216
109
139
221
164
167
171
215
162
137
382
125
145
126
362
296
163
164
140
173
302
105
286
108
215
255
196
334
201
256
258
212
278
219
316
212
151
152
272
513
253
244
251
116
219
285
246
184
115
171
243
219
200
169
283
95
292
422
150
140
251
166
122
150
494
142
218
143
170
119
301
359
445
252
170
428
182
131
222
171
306
260
143
133
253
121
160
189
65
125
201
128
130
201
238
312
227
245
507
193
217
226
146
92
524
225
262
293
759
156
269
149
120
148
105
184
102
101
176
204
120
80
201
124
