88
85
106
93
79
70
100
73
73
99
71
89
92
97
126
117
69
77
66
134
94
125
54
201
85
142
89
112
113
88
45
49
98
93
130
132
88
118
72
147
81
105
130
88
78
66
91
65
134
142
124
125
145
78
134
136
184
108
97
117
217
133
165
85
162
87
63
79
113
153
159
96
119
57
123
112
156
96
80
91
88
111
100
135
117
172
144
172
198
158
149
177
134
191
169
162
195
134
177
171
188
210
123
165
133
142
145
187
176
199
130
189
170
218
191
175
192
165
152
121
188
207
196
171
175
171
163
172
201
212
135
175
158
112
167
268
139
157
192
136
167
216
199
164
206
191
155
196
181
182
213
198
172
122
188
162
190
183
212
321
154
213
284
174
196
204
287
212
207
250
271
191
549
205
203
205
279
168
155
131
204
167
231
171
201
330
160
174
147
206
405
158
154
309
272
231
179
215
161
208
157
271
249
236
202
201
152
177
261
186
138
172
128
132
171
194
270
168
150
146
229
190
235
182
166
189
403
217
170
181
259
219
226
176
234
443
214
181
233
164
181
146
311
178
236
194
187
161
175
158
168
138
238
121
177
161
171
157
261
114
133
126
117
275
121
354
202
168
184
186
184
376
160
216
129
186
269
560
248
104
133
313
665
219
117
140
102
68
95
174
176
147
161
328
125
184
275
162
417
178
148
194
103
417
97
359
185
486
186
377
321
236
186
233
117
98
120
86
133
90
159
140
138
272
57
109
156
72
88
155
119
140
275
255
198
150
122
171
276
164
150
111
191
239
192
181
116
333
139
141
408
945
246
246
686
158
84
126
166
127
187
278
164
193
381
125
150
153
109
157
129
690
291
110
151
229
119
213
206
103
181
146
388
244
106
113
138
182
123
150
95
189
92
101
80
157
107
181
294
108
227
208
211
138
116
117
322
183
86
121
364
159
226
229
131
68
184
195
838
102
199
143
306
85
219
117
138
82
75
99
213
102
262
117
115
151
92
128
96
221
150
195
166
165
153
211
176
123
204
228
143
113
185
138
197
123
126
80
114
225
618
340
132
510
328
126
711
273
108
194
421
275
143
207
346
83
132
531
127
274
303
198
357
595
137
66
133
160
140
191
127
110
96
139
91
137
182
162
172
179
134
138
113
154
181
148
88
91
140
81
152
227
124
159
133
110
130
129
169
137
219
131
145
116
149
87
162
125
178
62
111
112
190
128
217
121
143
110
119
155
193
169
152
112
160
146
69
218
209
179
175
120
101
154
104
163
218
126
160
137
86
140
171
74
140
183
136
158
126
139
167
168
172
70
203
110
108
119
98
131
178
161
229
151
172
157
183
145
146
175
123
176
258
173
163
114
145
117
197
97
137
136
177
169
107
125
101
153
154
240
185
179
134
99
122
197
201
163
173
117
165
201
198
166
296
223
105
145
116
132
171
179
124
122
88
119
155
195
145
150
61
142
174
142
177
122
164
159
138
161
47
122
185
109
125
163
124
147
150
124
182
160
106
196
141
224
99
150
161
205
191
169
112
140
114
184
113
98
177
147
123
135
166
130
141
90
131
155
117
132
221
172
52
120
146
176
158
99
166
150
133
249
195
159
166
144
187
175
137
201
64
229
159
154
183
142
142
229
188
159
106
197
133
186
210
153
147
126
148
197
136
150
154
103
166
158
154
155
127
131
154
201
155
105
201
204
184
130
146
216
118
146
212
132
209
84
181
140
163
181
172
200
163
157
103
117
113
117
204
108
189
164
181
153
155
175
204
187
167
118
90
113
181
149
175
166
129
134
147
151
194
197
199
183
157
186
69
145
139
186
104
191
213
127
199
112
149
115
140
152
184
110
182
120
152
152
124
204
169
137
134
127
100
187
149
221
237
126
198
98
177
173
132
149
167
127
190
114
144
142
177
87
89
138
150
114
145
158
219
165
156
167
204
167
146
144
96
175
98
138
161
202
108
128
180
62
79
181
160
183
160
211
122
90
95
107
143
134
171
118
142
143
142
118
178
152
228
110
98
112
179
90
263
163
142
66
146
173
108
186
126
80
133
167
48
182
147
121
251
138
196
128
175
136
171
190
180
118
126
195
92
208
208
131
156
193
195
188
141
156
156
153
86
159
150
179
228
199
158
129
126
173
174
212
132
46
135
184
164
65
197
94
109
110
156
131
137
177
218
153
159
135
194
173
142
142
185
170
170
222
127
115
71
137
212
124
191
190
118
131
132
193
117
147
150
174
133
135
124
186
207
57
160
186
162
119
146
145
203
