200
200
200
200
200
200
200
200
200
200
200
200
200
200
200
200
200
200
200
200
200
200
200
200
200
200
200
200
200
200
200
200
200
200
200
200
200
200
200
200
200
200
200
200
200
200
200
200
200
200
200
200
200
200
200
200
200
200
200
200
200
200
200
200
200
200
200
200
200
200
200
200
200
200
200
200
200
200
200
200
200
200
200
200
200
200
200
200
200
200
200
200
200
200
200
200
200
200
200
200
200
200
200
200
200
200
200
200
200
200
200
200
200
200
200
200
200
200
200
200
200
200
200
200
200
200
200
200
200
200
200
200
200
200
200
200
200
200
200
200
200
200
200
200
200
200
200
200
200
200
200
200
200
200
200
200
200
200
200
200
200
200
200
200
200
200
200
200
200
200
200
200
200
200
200
200
200
200
200
200
200
200
200
200
200
200
200
200
200
200
200
200
200
200
200
200
200
200
200
200
200
200
200
200
200
200
200
200
200
200
200
200
200
200
200
200
200
200
200
200
200
200
200
200
200
200
200
200
200
200
200
200
200
200
200
200
200
200
200
200
200
200
196
200
196
200
200
200
200
200
200
200
200
200
200
200
200
200
200
200
200
200
200
200
200
200
200
200
200
200
200
200
200
200
199
200
200
200
200
200
200
200
200
200
200
200
200
200
200
200
200
200
200
199
200
200
200
200
196
200
197
200
200
200
200
200
200
200
200
200
200
200
200
200
200
200
200
200
200
200
200
200
200
200
198
198
200
200
200
196
198
200
192
190
200
194
200
196
200
197
194
200
200
198
191
192
196
200
197
194
197
192
191
197
194
193
197
192
186
196
194
195
196
195
194
188
195
187
194
189
199
195
195
191
189
193
194
185
187
190
192
192
194
193
190
194
196
188
186
192
185
190
182
184
200
194
191
184
187
190
192
189
190
193
179
190
196
187
182
191
186
185
183
190
172
179
181
190
177
179
171
188
196
181
177
180
179
175
177
180
178
179
172
169
178
164
179
175
165
177
172
164
181
179
158
181
171
152
186
163
170
169
162
173
178
168
164
165
166
176
168
166
157
168
172
171
169
172
160
165
149
156
171
163
150
169
156
163
172
165
167
167
157
170
167
171
176
156
156
155
160
161
155
158
161
169
171
163
145
160
156
154
160
140
149
179
163
147
182
150
161
163
149
160
166
149
152
153
148
162
151
152
160
144
160
161
174
160
151
172
162
165
152
166
159
153
160
165
158
153
152
150
149
155
153
148
152
151
154
142
171
158
139
152
148
160
170
158
145
151
143
144
155
165
153
155
167
153
148
159
149
148
152
155
138
139
151
152
157
152
149
163
144
160
139
129
149
139
148
140
140
142
139
143
132
136
142
137
130
136
135
156
144
142
153
144
153
140
137
151
148
143
147
147
141
146
135
143
126
147
133
141
130
156
148
143
154
137
135
164
143
147
131
136
153
146
131
121
143
154
144
158
140
129
144
147
139
133
144
140
144
149
153
131
136
138
137
148
149
141
136
148
154
148
148
154
145
148
147
161
144
147
168
146
141
144
140
139
136
159
143
147
134
131
148
143
137
131
151
141
133
130
145
113
130
147
143
136
139
141
129
147
127
144
140
120
132
131
124
135
119
138
132
146
130
143
131
136
130
145
122
129
134
141
128
133
149
142
162
143
152
125
137
134
136
143
126
133
152
136
143
133
114
128
139
143
124
133
130
139
137
139
142
147
135
149
129
152
138
144
132
131
152
145
146
132
128
133
134
152
141
131
154
145
125
149
127
135
130
140
113
138
125
125
143
137
133
136
131
133
140
148
127
138
135
137
130
119
140
135
132
134
128
135
139
128
146
127
140
136
142
131
139
143
130
125
148
137
126
121
131
122
146
138
134
151
129
121
125
154
146
138
141
137
141
128
140
117
137
113
144
117
134
127
123
123
123
152
135
124
119
141
108
129
127
142
121
117
135
132
129
131
133
134
155
142
149
121
147
126
147
141
124
143
141
132
132
130
124
132
131
128
111
126
134
126
132
123
156
137
131
146
134
136
136
123
153
138
144
139
118
132
132
141
126
129
137
137
134
134
139
136
129
130
128
119
136
135
126
136
119
138
142
135
117
151
134
144
129
135
119
148
137
123
124
134
119
131
142
132
134
137
124
141
150
120
135
151
125
128
135
126
136
145
130
147
125
128
141
124
136
141
133
135
151
125
134
139
139
142
134
132
148
114
138
136
130
151
130
143
131
119
142
130
137
134
132
126
127
133
150
133
130
149
144
140
145
126
130
