0
0
0
0
0
0
0
0
0
0
0
0
0
0
0
0
0
0
0
0
0
0
0
0
0
0
0
0
0
0
0
0
0
0
0
0
0
0
0
0
0
0
0
0
0
0
0
0
0
0
0
0
0
0
0
0
0
0
0
0
0
0
0
0
0
0
0
0
0
0
0
0
0
0
0
0
0
0
0
0
0
0
0
0
0
0
0
0
0
0
0
0
0
0
0
0
0
0
0
0
0
0
0
0
0
0
0
0
0
0
0
0
0
0
0
0
0
0
0
0
0
0
0
0
0
0
0
0
0
0
0
0
0
0
0
0
0
0
0
0
0
0
0
0
0
0
0
0
0
0
0
0
0
0
0
0
0
0
0
0
0
0
0
0
0
0
0
0
0
0
0
0
0
0
0
0
0
0
0
0
0
0
0
0
0
0
0
0
0
0
0
0
0
0
0
0
0
0
0
0
0
0
0
0
0
0
0
0
0
0
0
0
0
0
0
0
0
0
0
0
0
0
0
0
0
0
0
0
0
0
0
0
0
0
0
0
0
0
0
0
0
0
9
0
10
0
0
0
0
0
0
0
0
0
0
0
0
0
0
0
0
0
0
0
0
0
0
0
0
0
0
0
0
0
1
0
0
0
0
0
0
0
0
0
0
0
0
0
0
0
0
0
0
2
0
0
0
0
11
0
8
0
0
0
0
0
0
0
0
0
0
0
0
0
0
0
0
0
0
0
0
0
0
0
5
4
0
0
0
10
4
0
21
20
0
11
0
10
0
7
15
0
0
4
17
14
10
0
6
13
7
23
20
7
10
19
7
14
27
9
15
13
11
13
16
22
13
32
14
18
1
15
13
17
15
17
11
18
20
19
15
17
13
19
14
12
8
21
22
14
20
19
21
18
0
11
14
24
20
23
15
22
18
13
26
16
9
18
35
16
21
20
22
19
36
22
21
18
29
24
38
15
8
27
21
26
25
25
25
19
26
27
25
35
23
38
29
22
21
22
24
31
23
24
22
20
29
36
21
26
33
27
30
23
26
28
29
33
27
20
30
28
35
28
22
27
34
32
29
20
38
36
27
38
37
24
31
32
26
34
28
23
27
30
25
28
23
27
32
27
30
32
32
24
30
21
30
32
36
32
23
26
31
32
24
21
29
24
21
29
32
32
37
29
29
28
37
30
31
28
36
28
30
41
34
30
25
30
31
22
33
28
41
32
29
34
32
18
31
32
27
29
30
32
24
19
29
34
27
32
19
34
21
37
36
32
24
19
34
35
25
24
33
31
22
38
33
32
31
21
37
34
26
33
18
35
24
26
31
23
33
27
32
27
38
29
34
27
31
28
31
28
26
28
32
23
26
22
28
23
30
31
34
28
17
26
29
20
25
20
20
20
47
22
22
20
19
18
19
26
20
20
23
28
17
25
30
19
20
22
29
33
25
20
22
38
31
24
27
18
25
33
15
27
17
25
19
24
16
24
27
16
30
29
19
11
21
23
27
27
26
23
31
36
27
25
26
27
32
27
25
25
31
26
26
28
21
27
27
27
31
33
30
20
33
32
30
24
31
15
29
27
34
24
22
32
28
25
30
18
26
40
19
38
28
22
24
31
26
32
24
32
28
18
28
28
31
22
22
23
22
31
36
26
27
36
34
34
27
27
22
30
31
26
23
27
32
20
31
21
31
38
22
31
32
29
29
30
25
32
20
32
25
21
21
27
20
40
33
37
24
30
35
27
27
32
23
24
23
23
26
28
28
34
26
22
29
35
31
27
24
28
25
29
44
35
35
26
29
31
34
20
25
33
29
33
20
23
14
29
21
24
29
26
32
38
33
23
28
29
31
37
29
19
27
26
16
25
21
28
28
27
21
30
27
21
28
32
31
19
33
31
33
34
26
38
30
24
22
21
28
26
23
39
23
33
19
35
36
37
27
25
23
28
31
34
24
31
39
29
39
33
32
38
28
35
32
33
33
37
30
37
25
34
31
27
24
31
27
34
39
26
29
26
27
25
27
26
35
28
32
29
29
35
34
35
25
33
31
33
31
23
26
36
39
36
25
27
32
33
29
26
23
31
34
37
22
30
29
19
31
30
30
26
36
35
28
34
28
33
22
35
33
35
25
25
23
29
27
32
34
38
22
19
33
27
31
33
32
28
30
32
36
30
25
35
20
30
26
27
27
18
34
40
41
26
31
29
35
23
34
33
34
24
34
29
35
27
33
25
42
20
31
34
21
23
35
27
22
30
26
33
38
30
28
32
24
24
21
