25
10
15
78
15
16
10
13
13
19
35
35
15
23
40
19
19
15
15
10
17
29
19
31
22
16
14
40
37
14
16
30
11
16
19
11
24
30
15
18
12
39
17
15
13
18
14
20
38
15
20
13
17
16
12
34
13
19
11
22
14
8
16
37
17
14
8
10
11
16
21
16
10
19
54
11
11
16
20
13
8
12
15
17
15
13
8
16
9
11
21
14
19
10
10
8
24
11
14
9
9
13
13
8
14
17
9
11
17
13
16
17
11
22
10
15
10
13
13
12
12
20
10
14
9
9
9
14
9
8
9
14
14
9
10
14
24
18
12
11
10
13
8
13
11
12
18
19
9
8
8
12
8
13
21
10
25
24
12
10
14
15
35
9
13
7
25
14
8
11
9
10
9
14
9
8
11
13
25
18
17
30
10
9
26
13
22
10
10
12
40
19
22
13
25
11
9
26
37
17
40
8
31
18
11
32
28
28
11
9
27
27
41
13
19
30
13
21
43
28
40
38
36
40
25
15
10
7
15
11
8
12
15
11
12
13
32
9
16
15
16
24
16
19
11
12
18
11
16
10
8
9
13
11
14
21
12
11
14
9
12
21
10
8
9
9
10
9
17
12
8
11
8
11
8
12
22
14
10
10
9
9
18
9
15
10
9
11
8
8
11
11
29
22
22
16
11
11
16
18
9
10
24
12
8
9
20
9
11
11
9
11
8
9
25
22
10
24
24
20
27
9
12
8
16
31
15
17
18
13
11
12
10
19
8
11
8
9
9
35
10
22
17
17
18
23
10
9
8
8
9
7
11
9
22
10
7
9
10
8
12
9
11
9
12
9
7
15
9
19
9
9
8
11
10
8
9
8
23
16
9
8
8
8
13
8
40
9
10
12
11
9
11
10
8
9
8
9
10
8
10
23
10
17
9
8
10
9
34
7
9
10
9
9
8
8
8
7
8
9
7
7
7
10
9
9
9
10
8
11
9
8
8
9
8
10
11
9
35
8
9
8
8
10
9
9
17
7
8
9
7
8
9
11
17
8
8
9
9
8
7
9
10
8
9
14
9
8
9
9
8
9
9
8
10
10
8
7
11
9
11
8
9
11
9
15
12
8
11
9
7
8
14
9
9
7
7
8
8
7
8
9
9
8
9
9
8
8
8
9
9
10
8
9
9
8
9
9
19
9
9
7
9
7
15
14
8
9
8
15
8
10
8
16
10
9
8
10
9
9
13
9
11
10
9
10
9
14
9
19
25
48
46
49
50
47
27
35
38
46
26
17
21
28
54
15
25
23
49
37
56
24
60
23
33
28
51
23
64
63
46
50
44
22
49
57
27
57
53
65
52
71
33
93
54
68
58
59
24
46
51
35
49
38
28
25
57
33
33
40
42
37
34
28
70
25
27
42
19
21
24
31
22
32
53
39
31
30
22
32
26
52
40
32
56
21
22
32
32
25
32
33
43
58
39
46
39
40
26
32
37
37
30
33
26
44
41
30
27
50
33
58
28
27
45
39
31
31
47
39
26
32
30
53
29
30
29
41
33
25
27
26
43
37
36
34
40
32
41
32
29
30
23
32
27
50
34
28
19
40
33
36
33
41
31
30
26
41
40
47
34
24
24
28
48
24
60
49
29
24
49
37
43
32
62
32
41
26
37
29
28
45
26
26
32
43
35
41
26
32
46
30
25
27
34
23
37
27
29
28
27
38
38
38
39
32
45
33
32
32
33
39
35
42
49
39
29
23
40
34
33
28
26
35
32
31
33
23
31
34
36
27
28
36
34
29
31
26
30
33
36
39
35
33
39
38
36
37
32
31
41
29
34
43
34
39
30
38
27
28
33
25
41
29
27
33
34
36
36
29
28
32
29
37
21
34
36
40
39
23
26
28
40
44
33
46
42
23
32
25
25
32
22
30
29
26
25
28
35
34
35
39
22
26
21
39
30
38
27
39
44
27
31
28
35
34
27
43
26
25
34
28
25
28
27
32
32
21
30
29
30
28
27
26
31
34
31
35
32
22
32
30
36
37
30
34
35
40
38
38
37
21
32
31
32
37
41
22
32
42
22
34
40
36
32
32
27
30
36
30
28
21
38
47
34
39
33
25
30
40
51
36
41
37
43
35
44
39
51
42
47
45
37
31
80
59
58
37
50
57
57
68
46
31
43
31
28
34
71
38
63
39
80
109
33
51
28
44
33
28
33
40
32
47
30
29
77
65
88
48
25
34
26
45
33
36
40
24
40
51
38
31
20
30
33
34
33
42
24
20
