23
15
18
15
24
24
18
17
16
13
16
18
21
17
21
23
14
11
10
33
11
33
18
14
20
13
14
10
12
13
14
9
9
9
9
20
20
11
12
13
15
11
11
13
34
18
12
14
15
10
25
20
11
15
21
18
15
8
21
18
14
14
12
11
20
42
16
18
27
44
27
54
39
31
42
67
118
16
27
16
29
55
41
24
25
35
80
21
42
25
35
15
42
15
37
24
32
84
29
40
31
32
42
13
26
14
122
32
48
21
19
12
42
58
16
22
88
40
29
58
38
34
49
30
72
70
67
59
52
123
47
69
52
115
63
115
67
31
136
51
135
65
34
68
179
122
73
92
27
311
175
199
218
43
157
106
151
238
44
128
226
245
125
100
257
304
191
154
226
118
300
206
61
263
31
233
274
247
223
99
182
12
64
107
342
157
222
226
300
234
349
467
266
313
192
124
174
268
270
365
314
192
286
169
259
66
372
134
162
280
296
288
42
289
160
305
236
223
140
45
18
262
162
38
44
253
367
373
201
77
256
356
226
106
219
156
289
67
67
35
246
234
178
277
234
249
260
77
252
264
209
238
236
221
224
231
199
217
213
203
234
241
14
109
207
201
201
74
192
199
34
215
213
236
235
187
94
238
231
210
224
200
227
261
12
237
259
265
293
233
252
241
250
218
298
211
214
248
234
274
279
324
224
136
225
261
334
290
283
218
220
260
206
299
256
97
249
285
276
253
256
234
281
380
238
214
249
219
217
228
104
240
218
201
259
117
228
209
238
241
260
218
238
178
209
220
194
196
170
234
208
214
135
189
222
223
246
225
237
215
33
181
190
170
248
183
192
197
198
71
199
204
212
94
192
190
207
147
169
164
65
151
162
143
148
13
157
144
130
165
165
154
66
155
156
168
143
149
178
165
156
163
157
166
174
152
196
178
151
30
155
150
180
146
163
144
194
149
168
154
182
13
158
150
150
142
163
143
159
151
151
158
166
188
138
143
71
112
174
154
149
180
139
151
181
162
157
153
157
157
166
224
176
152
56
69
114
158
138
174
167
165
155
186
144
199
150
174
187
140
160
161
161
159
177
197
178
149
163
182
156
185
163
181
171
189
172
168
172
151
156
165
168
170
164
165
174
173
164
169
91
194
171
165
153
161
183
168
108
192
189
152
209
204
171
175
174
159
194
168
171
158
173
132
87
235
175
398
381
219
155
183
185
220
172
163
270
203
203
284
275
169
172
173
389
407
172
187
271
268
192
237
205
68
219
205
182
227
188
205
186
52
36
212
219
192
236
196
349
175
184
143
33
179
37
199
68
173
244
182
179
167
175
184
175
286
183
185
161
157
193
160
161
177
235
263
217
189
147
182
171
180
222
165
167
160
165
265
168
152
191
244
172
180
179
171
162
499
168
69
282
255
289
195
72
237
316
172
194
84
499
235
51
493
226
21
204
499
237
458
348
73
204
105
499
214
231
96
100
68
499
227
376
349
129
147
240
349
393
205
223
384
115
231
65
150
254
341
442
228
200
209
186
194
197
188
163
42
198
136
151
173
144
196
165
151
162
158
166
39
57
216
152
183
182
175
168
153
190
176
174
201
173
150
121
128
157
147
137
179
184
183
162
134
147
145
165
159
130
11
155
141
159
160
147
171
179
163
294
202
182
187
160
151
232
157
166
206
155
143
117
181
228
134
155
149
152
192
201
187
150
167
159
183
148
175
219
499
255
286
211
178
242
193
154
36
30
45
138
91
140
244
209
200
227
188
161
120
144
145
139
165
143
339
139
120
136
182
124
133
140
144
177
131
140
147
128
133
126
139
152
128
122
165
70
130
136
130
134
122
232
137
170
132
143
49
163
129
125
162
114
151
170
160
137
124
133
168
139
139
129
135
143
132
129
151
158
149
135
148
142
145
131
122
143
125
143
142
145
133
151
119
121
124
135
114
137
139
142
137
140
156
146
155
155
113
173
131
171
112
157
213
141
405
140
271
178
199
174
203
201
160
145
164
96
140
108
111
140
98
131
123
141
119
113
146
40
119
113
199
68
124
180
131
175
170
26
157
163
122
169
128
138
139
134
134
122
146
154
132
183
164
227
49
124
160
159
167
151
158
170
71
121
174
157
146
155
165
125
151
107
189
73
320
149
134
141
146
163
126
141
115
124
117
130
154
126
149
107
127
132
130
113
110
142
126
191
152
149
141
158
134
122
122
113
133
127
175
138
117
104
110
131
102
151
108
122
12
110
34
142
145
118
476
112
141
179
156
126
168
