34
14
78
16
33
12
31
13
11
14
26
19
13
19
36
13
19
12
9
40
15
28
14
9
30
19
25
21
20
18
14
33
27
24
16
22
25
21
17
44
21
74
88
12
18
33
22
34
14
40
20
18
23
58
41
24
14
17
53
33
23
17
27
26
23
23
20
12
12
21
15
31
41
27
34
16
20
18
45
25
11
17
13
13
12
22
29
23
25
17
23
23
26
24
36
28
41
37
24
18
18
69
24
16
39
43
28
34
17
40
26
68
20
44
124
124
78
79
84
137
99
62
87
89
73
124
101
223
205
195
167
151
97
126
19
127
92
112
23
62
206
128
70
94
78
23
20
147
101
165
33
107
37
154
52
131
249
347
170
127
215
294
245
126
63
150
222
40
499
226
147
86
296
499
236
152
26
323
281
499
113
57
32
188
96
19
108
404
318
224
230
259
19
183
202
98
229
439
464
187
220
169
129
99
165
195
160
100
197
129
97
73
107
237
236
284
55
197
139
25
408
384
283
245
203
164
193
173
151
159
145
177
123
149
129
94
163
149
296
201
371
253
192
227
135
313
219
110
78
21
51
102
19
437
287
131
360
303
234
306
206
310
258
66
57
203
92
248
297
347
378
484
398
391
359
236
77
499
171
195
16
16
19
144
137
207
208
177
230
263
232
194
233
359
147
256
43
181
188
199
195
168
178
77
164
184
256
211
43
172
222
189
134
157
125
122
169
134
134
153
153
85
148
37
36
69
62
14
184
126
163
69
368
286
252
254
239
411
145
185
207
58
192
176
181
206
204
227
192
193
32
122
217
204
333
259
127
249
182
198
157
162
171
148
152
126
150
177
132
135
142
126
137
131
129
117
127
143
12
8
102
10
48
44
88
159
194
174
159
147
158
130
147
140
138
122
119
110
112
99
114
104
109
115
34
11
110
50
238
203
226
205
150
150
142
136
152
136
153
133
126
126
122
120
113
121
119
115
125
112
115
136
15
121
135
141
139
134
158
193
160
185
242
183
173
196
207
224
235
275
308
271
34
251
152
186
206
214
163
166
156
49
177
22
102
180
199
146
203
250
303
357
179
499
56
27
26
212
223
214
184
231
330
406
200
193
165
138
13
217
395
290
287
285
233
208
262
187
207
187
253
159
129
171
186
200
130
88
119
12
184
36
134
138
151
150
143
139
145
149
134
132
133
147
141
63
114
191
194
179
211
14
263
305
259
248
246
258
246
243
193
188
358
302
315
31
82
124
33
129
161
163
201
237
169
171
163
194
173
180
162
179
157
181
178
215
197
195
79
143
216
159
176
186
156
180
139
139
168
137
133
11
150
175
72
92
160
180
192
187
174
171
182
160
177
150
177
181
177
185
176
181
214
199
210
227
239
143
27
72
109
191
246
253
245
236
254
213
274
279
270
342
237
286
147
485
176
60
212
343
274
72
499
164
133
127
123
143
175
154
150
195
69
11
71
388
198
163
180
155
142
133
142
175
235
197
176
193
190
222
222
317
361
255
235
360
276
499
287
191
151
178
183
161
179
170
111
167
318
370
360
352
363
383
65
32
76
46
36
38
44
96
120
293
323
255
288
293
260
264
287
266
304
284
323
286
328
358
335
343
326
344
290
33
33
10
9
9
88
213
197
224
278
214
273
294
269
313
255
269
201
364
259
294
326
499
305
329
241
259
252
18
43
31
29
328
499
136
126
183
148
143
130
150
166
216
211
351
178
170
139
204
77
160
40
129
147
154
179
147
194
145
196
184
200
180
167
198
36
9
221
190
162
137
173
168
128
136
137
129
121
123
115
124
130
107
112
108
64
180
167
177
177
175
328
137
163
153
127
113
24
13
141
238
244
165
74
184
76
129
60
198
390
191
189
153
151
139
122
139
145
152
132
140
129
311
275
182
226
148
135
101
188
162
117
11
109
147
208
194
185
166
144
99
166
154
168
213
182
149
150
143
110
197
129
15
80
33
168
114
323
177
140
176
206
245
196
196
176
185
131
157
225
225
181
150
218
499
177
185
193
189
44
83
136
9
10
98
410
242
319
208
167
129
160
154
198
177
254
247
183
188
244
296
176
216
237
147
187
240
315
224
182
214
78
206
62
136
95
89
313
217
243
364
216
179
335
157
220
210
212
267
287
162
245
153
119
113
112
118
119
105
99
96
76
9
9
136
126
150
146
174
235
230
144
148
147
200
157
134
157
133
134
155
127
127
189
141
153
189
127
156
171
151
143
125
127
129
9
10
242
186
130
203
253
189
185
155
159
186
