33
15
34
12
11
13
14
12
17
39
15
24
18
50
22
22
34
14
14
60
13
17
11
22
19
10
16
39
11
21
13
10
15
11
46
7
15
10
20
15
32
47
52
44
13
17
56
20
20
17
13
10
15
18
9
18
8
19
11
12
18
30
30
9
8
12
9
11
13
14
15
17
12
16
9
29
14
11
20
16
20
9
13
18
9
9
11
13
10
9
10
21
17
11
14
7
8
25
15
10
16
8
16
11
13
10
17
11
14
14
10
16
11
9
21
9
9
14
9
10
13
9
9
11
12
12
19
7
10
11
16
9
9
10
9
13
7
9
9
12
8
15
12
8
8
11
10
7
9
7
9
10
8
17
8
9
10
12
12
10
17
13
17
9
14
9
10
11
9
10
12
19
13
13
9
8
8
13
11
8
13
14
11
10
11
35
11
9
8
18
10
25
10
9
9
10
10
10
9
10
13
11
8
15
11
7
8
12
12
13
9
9
14
11
8
11
7
8
10
8
8
10
15
13
8
10
7
8
16
12
10
12
9
16
9
8
10
9
10
10
11
25
18
10
8
10
9
12
9
8
14
9
13
10
10
13
9
10
9
7
10
13
11
9
9
10
9
14
10
8
8
9
10
9
11
7
9
12
10
10
11
13
53
57
36
60
36
29
28
28
25
17
13
11
22
25
11
14
45
27
26
29
20
22
10
24
19
8
32
27
34
54
12
22
23
31
14
40
49
25
46
131
61
94
326
33
79
27
45
65
31
36
42
35
40
39
27
29
28
25
28
44
38
29
30
32
43
29
28
34
31
39
24
42
35
23
35
35
40
33
34
29
23
29
28
30
26
29
30
40
26
28
38
28
29
28
30
28
27
24
30
31
45
32
21
32
31
26
28
44
26
29
27
20
34
32
22
28
53
27
26
22
15
36
23
31
26
24
26
31
29
20
32
25
24
41
27
46
25
33
33
26
33
29
68
26
31
26
27
42
30
32
31
25
27
40
11
29
12
27
28
9
31
27
31
28
11
32
33
9
9
66
10
33
37
31
34
36
120
45
81
38
71
108
55
65
59
31
93
71
38
63
51
63
44
46
38
61
15
63
65
68
77
60
74
63
56
65
54
60
49
65
44
15
72
37
35
12
34
58
57
48
13
45
38
29
39
42
30
33
68
47
32
11
66
58
73
173
255
125
56
61
16
165
21
44
125
62
45
83
57
66
28
11
45
16
165
11
60
106
32
30
97
26
72
33
113
22
47
49
50
70
70
19
38
36
30
38
30
41
38
24
18
146
12
22
28
132
52
45
38
35
24
21
27
20
30
91
18
30
29
37
31
47
18
36
19
20
19
48
55
33
19
15
11
88
80
46
30
54
26
24
57
42
21
13
16
23
22
18
20
26
25
18
22
20
18
18
35
28
17
26
21
19
22
16
16
80
15
17
13
24
20
22
25
37
55
15
27
13
23
24
15
19
18
32
17
26
14
15
13
110
25
26
15
26
19
35
21
18
35
17
15
15
24
85
30
19
17
53
21
15
13
26
24
17
26
80
26
20
19
21
17
25
16
17
19
17
33
15
19
21
23
47
26
25
19
29
24
42
44
15
104
30
36
22
18
54
27
19
31
26
33
32
25
68
16
70
33
26
43
44
26
48
19
25
41
49
53
25
50
30
42
21
22
36
41
60
39
33
58
52
45
31
28
31
21
27
95
24
48
26
17
31
36
26
54
32
23
24
42
36
59
26
23
46
20
18
47
23
31
78
52
39
43
47
29
35
25
19
25
84
52
21
32
26
33
22
13
27
27
39
19
36
24
33
39
24
26
41
20
89
28
22
39
56
28
74
75
51
40
21
50
73
49
27
23
83
19
21
24
32
15
48
28
69
34
90
10
68
66
109
12
37
58
18
23
26
60
24
45
78
39
78
35
67
13
61
22
28
57
63
44
18
24
19
11
43
70
53
18
17
66
71
36
37
18
16
61
26
34
53
35
50
41
12
30
28
19
61
102
50
92
14
89
73
31
99
91
22
54
81
49
25
9
23
24
20
19
98
17
25
70
52
126
62
53
27
68
16
85
45
108
96
59
104
16
38
56
124
24
31
145
110
21
55
66
143
138
10
18
87
21
26
39
13
110
71
34
87
63
73
81
88
49
100
57
20
108
110
84
123
135
43
42
81
87
83
82
49
58
15
39
39
76
110
10
51
77
86
81
33
41
64
23
34
58
13
29
71
14
23
47
315
75
37
28
117
170
38
71
57
38
111
117
95
84
125
86
60
