31
21
31
17
36
12
15
11
16
17
15
52
49
20
15
21
18
25
10
21
12
14
19
24
11
14
9
25
12
14
23
30
15
17
11
38
12
20
16
10
14
19
18
33
44
17
24
15
11
18
10
14
18
14
23
10
20
15
12
25
8
17
23
11
12
21
17
16
16
57
50
40
12
17
26
19
47
18
38
36
24
19
50
18
50
56
14
17
17
89
48
23
29
12
13
23
38
19
26
40
32
79
39
89
19
48
67
39
22
42
44
35
96
27
29
78
70
104
51
148
245
25
85
29
12
109
93
89
117
136
71
94
73
45
25
76
63
28
70
35
51
118
204
95
122
100
139
186
285
172
193
107
143
101
67
19
153
132
138
103
152
149
251
56
165
185
155
199
300
85
136
115
133
114
16
22
127
184
96
120
98
79
172
158
158
90
48
145
17
123
16
164
162
147
26
177
184
193
163
23
215
136
191
200
127
181
189
248
15
232
235
191
276
22
169
389
266
396
391
320
222
226
129
207
105
16
241
145
134
145
128
148
189
139
139
163
161
157
178
155
142
109
9
141
29
17
113
29
46
172
46
108
94
112
60
131
158
97
201
182
150
172
189
191
191
209
193
182
180
22
191
163
161
172
195
23
189
224
184
213
197
168
191
163
71
156
177
94
202
48
148
164
224
138
181
19
166
192
341
182
41
112
94
98
226
211
207
236
187
234
200
239
243
213
200
188
168
172
183
16
72
198
176
224
180
174
205
190
203
190
177
159
152
148
151
142
132
155
194
235
207
41
177
161
168
255
235
367
213
249
247
230
290
225
296
294
298
421
391
139
500
273
209
161
434
500
124
84
17
20
25
14
15
17
27
34
60
19
98
87
199
303
253
259
303
302
317
288
318
427
227
186
209
253
275
228
204
202
216
178
159
154
195
166
168
144
153
161
171
145
144
144
172
138
146
122
128
133
129
150
122
10
152
181
255
260
316
303
500
312
174
198
206
255
388
323
306
309
500
500
230
364
267
292
187
162
167
166
43
317
320
207
191
500
470
463
294
272
234
270
272
387
304
403
148
32
367
221
298
22
261
276
488
500
500
500
500
13
500
500
500
470
500
500
500
268
500
141
17
130
20
149
112
131
141
159
157
179
176
187
218
294
500
500
500
500
500
500
53
27
10
134
370
373
265
211
148
233
114
126
211
147
114
153
169
143
167
10
10
10
446
304
261
219
227
300
300
157
357
356
194
76
113
209
157
141
144
148
133
142
167
171
239
179
189
168
156
138
120
191
143
56
138
126
118
163
204
130
45
20
126
385
310
201
176
170
149
134
134
141
146
164
175
124
144
246
141
247
170
185
219
214
17
41
15
12
31
138
125
197
170
214
205
208
206
200
182
169
123
103
114
143
168
267
130
193
203
158
115
114
171
22
13
13
142
73
141
182
225
215
184
351
281
312
218
161
126
436
386
388
500
364
43
203
187
149
125
118
192
120
110
123
127
135
107
122
203
273
209
152
203
500
136
231
110
111
500
329
276
184
117
259
227
153
500
170
115
11
13
100
88
43
119
142
237
239
146
99
126
226
332
278
236
33
12
129
82
208
270
306
230
278
278
246
253
240
297
267
276
275
205
307
246
55
92
174
200
197
272
132
159
176
201
199
226
248
166
135
154
114
145
22
11
112
52
81
29
301
86
152
138
137
148
166
189
188
173
182
165
162
148
177
166
150
149
151
160
152
137
147
146
149
151
140
139
157
144
145
130
131
13
55
171
160
201
192
305
259
118
160
125
138
159
129
122
334
159
281
134
199
33
142
159
141
133
114
164
144
141
106
51
151
140
124
129
172
173
191
161
160
167
142
237
214
153
12
125
160
79
129
125
124
115
117
135
110
111
116
114
117
105
113
117
122
148
107
105
124
130
104
106
152
163
133
182
133
128
140
160
207
147
192
154
136
123
201
197
263
313
299
173
204
130
133
177
123
113
138
153
126
154
131
142
172
259
211
176
209
186
249
126
27
178
138
136
166
172
174
249
215
201
217
207
182
69
24
232
25
195
12
240
238
292
175
189
193
485
404
232
71
109
177
150
133
123
133
140
121
113
140
157
192
213
190
385
237
366
175
212
225
390
226
321
11
84
33
136
105
100
120
141
146
131
101
163
154
79
218
500
90
500
500
500
500
500
500
500
266
191
221
455
250
167
101
260
301
349
271
340
300
262
295
152
27
11
500
285
281
271
342
500
500
106
339
372
174
290
249
221
259
500
500
481
298
218
163
500
403
355
293
