40
31
16
15
19
32
12
11
15
21
22
41
13
19
13
18
13
29
16
17
15
22
12
19
31
10
13
15
11
27
12
11
26
28
26
24
53
25
12
17
12
11
18
15
13
14
21
28
63
14
31
68
46
50
28
22
31
25
65
15
17
16
89
39
15
63
16
59
127
15
68
35
177
21
22
79
16
68
64
61
80
56
103
100
13
170
105
15
138
31
77
32
44
72
113
52
122
57
63
56
253
30
38
56
20
223
22
151
230
50
171
77
109
156
100
124
84
70
57
90
165
96
66
144
29
18
127
24
209
110
178
16
302
59
91
62
76
31
147
192
176
142
197
59
43
166
64
86
125
201
51
130
32
46
107
63
85
140
121
59
172
31
191
96
88
121
106
161
174
221
120
141
224
16
18
205
183
156
327
147
242
83
55
67
92
461
391
41
173
130
160
67
272
137
31
266
124
243
105
35
126
11
136
100
172
53
224
73
39
193
87
87
18
76
120
76
67
78
48
17
45
62
56
197
22
141
181
44
69
109
30
144
74
116
45
33
56
57
60
36
73
183
184
79
11
135
202
175
38
50
140
54
13
64
192
22
19
99
33
109
43
81
158
267
94
245
34
55
52
40
21
200
81
24
27
112
73
13
32
37
50
25
49
157
104
64
44
68
85
48
59
88
83
77
139
123
94
34
209
230
250
71
137
168
55
93
124
124
43
37
146
193
92
21
351
125
142
134
77
22
237
28
127
237
12
68
78
123
109
165
153
12
97
34
11
225
25
56
32
131
78
79
171
141
26
82
35
113
253
50
360
81
22
63
218
51
147
30
119
266
105
80
131
64
203
111
69
132
118
19
137
126
60
99
57
257
103
121
172
89
81
151
283
59
135
110
71
37
44
158
42
118
58
13
92
50
147
130
262
74
116
45
133
135
133
121
194
135
129
298
147
18
104
85
126
44
88
71
61
144
131
94
117
111
131
89
38
30
179
58
94
154
148
44
58
51
131
125
89
257
199
173
56
309
242
126
157
299
129
80
60
85
173
93
102
264
111
194
98
129
306
218
152
128
182
197
183
116
69
315
107
30
114
273
150
150
72
148
48
256
97
121
214
206
172
36
116
181
125
238
68
224
182
206
173
59
32
19
122
218
12
286
75
140
165
149
95
377
129
98
46
98
159
44
42
118
236
125
403
122
81
95
29
130
222
64
184
136
114
146
18
48
120
118
96
225
26
69
91
126
21
126
146
295
281
125
137
121
181
32
167
108
66
164
131
104
143
101
108
76
139
176
133
126
164
113
55
286
265
161
61
119
111
212
90
64
84
102
134
189
104
134
80
155
241
146
74
75
203
125
42
16
131
315
149
191
125
197
95
112
120
168
168
245
171
55
121
95
105
154
185
47
208
104
190
366
93
34
140
123
43
56
245
95
211
77
227
85
140
160
120
40
92
179
202
109
65
144
160
149
118
92
108
154
187
300
93
191
176
49
148
138
128
149
118
72
125
132
73
66
97
107
129
101
175
62
117
229
156
100
107
187
91
126
140
276
41
47
158
120
228
165
114
235
109
187
28
32
197
222
124
115
178
109
211
324
117
156
301
111
82
137
219
65
257
86
61
145
141
211
82
181
146
108
29
216
118
109
118
178
112
132
222
155
125
163
77
137
91
58
177
219
162
157
117
159
164
412
165
217
123
256
173
47
177
313
158
101
135
112
219
41
200
166
271
68
113
108
144
106
266
145
173
258
161
199
91
130
211
160
150
305
108
147
168
142
248
177
113
138
147
278
97
145
194
162
106
121
121
178
126
246
122
154
243
122
144
276
148
172
117
205
146
147
201
17
117
151
91
183
209
141
74
187
147
148
106
59
448
182
125
129
201
136
109
197
124
138
325
115
41
146
244
459
100
333
185
44
101
237
95
229
81
222
105
126
91
286
139
73
217
101
104
117
116
114
174
138
144
234
104
152
218
159
145
122
115
188
315
194
236
135
150
118
223
123
91
258
177
87
34
265
111
110
196
144
110
184
118
121
164
141
98
176
114
19
21
255
274
184
59
188
180
132
105
78
170
217
111
26
362
212
162
189
110
101
219
15
209
123
143
78
193
115
137
102
209
140
359
216
180
101
121
96
119
155
161
107
246
102
139
99
161
188
131
143
135
130
162
102
114
137
96
147
129
163
238
109
150
160
103
256
98
119
109
96
127
110
118
99
307
125
156
95
180
164
13
150
253
217
205
81
119
92
281
176
224
108
149
204
100
187
141
166
139
99
147
121
201
103
