25
17
48
27
12
23
27
14
17
28
12
14
11
15
27
16
10
17
35
34
24
11
21
15
18
22
31
13
18
13
14
19
14
11
13
12
12
16
15
77
26
14
12
22
11
18
15
12
24
13
17
37
28
21
17
26
25
10
15
15
16
18
10
18
17
9
12
14
19
16
19
24
10
33
21
22
54
45
64
31
17
14
85
81
93
53
10
54
20
60
33
41
29
50
70
40
60
34
27
73
117
61
20
25
82
32
43
33
48
88
39
50
125
53
32
33
61
179
100
33
76
38
32
41
68
116
40
51
137
62
169
62
30
56
128
138
145
127
104
233
35
173
94
65
11
72
167
187
19
288
211
37
271
66
226
279
93
174
42
121
95
84
128
92
327
217
345
47
56
288
281
263
210
63
177
168
53
71
128
155
271
123
283
314
434
115
155
420
316
270
330
47
131
95
124
100
486
58
59
150
270
108
358
83
346
500
280
93
471
75
63
62
226
228
168
197
175
400
169
241
197
56
355
178
167
198
268
217
136
133
185
204
83
125
17
149
159
165
129
188
253
421
446
410
313
294
62
500
111
203
327
117
299
261
311
106
496
66
120
298
215
263
316
423
231
340
189
200
120
130
169
203
146
190
210
192
63
161
190
151
16
20
185
140
173
157
19
156
316
326
242
235
216
231
95
231
208
180
130
106
147
147
319
146
127
138
138
129
129
135
150
126
119
128
164
174
139
133
166
140
141
137
125
140
143
134
125
120
131
117
128
131
122
158
130
145
137
87
56
150
109
33
405
233
181
197
181
56
48
103
192
221
11
161
199
186
167
197
163
203
268
170
201
248
297
266
149
243
227
179
167
177
179
171
184
155
186
161
56
190
157
81
252
280
249
206
317
226
462
222
237
202
218
200
228
235
196
242
272
292
202
172
161
181
193
158
196
202
51
271
195
354
269
258
263
249
230
276
308
317
317
61
56
34
49
114
216
219
80
99
209
204
231
199
191
181
162
162
177
165
162
172
193
167
32
148
177
189
164
150
156
162
133
150
173
155
155
139
141
129
131
145
129
130
126
116
126
117
129
119
123
97
144
153
143
134
153
144
166
164
150
206
183
193
190
500
143
186
181
172
161
183
216
188
148
172
165
170
146
223
218
158
178
158
180
169
167
165
214
229
260
438
270
391
337
488
281
287
246
189
131
166
195
145
211
259
166
158
162
170
163
146
127
140
144
155
128
127
156
108
208
129
121
133
146
147
157
138
124
130
126
130
122
124
125
130
131
129
137
138
122
128
129
124
129
16
127
15
154
159
196
205
172
240
321
186
207
254
131
340
224
194
154
62
22
23
37
30
57
229
240
68
192
162
123
207
197
124
159
170
175
176
171
159
155
158
148
169
172
167
164
163
169
159
142
149
156
153
156
141
145
142
144
119
112
161
158
181
222
213
215
178
261
222
184
228
188
170
205
210
197
204
165
44
163
19
24
12
63
258
203
230
181
193
218
356
271
213
274
241
270
219
290
126
184
154
163
148
172
155
160
156
152
161
167
165
168
151
168
153
156
157
168
143
166
203
68
283
254
41
27
48
136
176
276
317
231
233
226
225
201
182
193
197
242
314
358
302
231
256
352
256
338
238
253
23
28
21
28
170
122
142
222
303
211
298
230
201
248
200
225
270
252
255
191
244
213
212
247
220
275
210
440
185
25
20
40
137
165
166
149
148
162
125
133
151
131
145
149
139
136
138
145
145
135
145
140
142
148
142
158
157
141
141
172
253
319
203
289
244
227
139
20
151
135
24
167
154
257
208
219
248
127
174
153
258
211
170
135
190
204
151
174
166
131
177
114
106
126
166
181
58
26
29
60
141
81
94
190
94
195
237
188
193
189
170
191
217
199
257
346
373
106
79
106
227
286
187
185
179
194
203
175
215
202
205
198
265
278
332
31
231
69
250
234
222
189
222
243
238
203
208
363
366
139
208
191
135
235
177
146
181
104
36
26
61
112
127
132
124
131
101
118
132
106
102
113
109
112
121
121
125
125
144
121
137
129
129
130
137
136
133
127
126
134
141
128
128
132
130
129
133
130
139
127
131
121
133
139
134
130
142
131
130
135
146
137
145
147
138
204
153
161
174
182
190
163
160
181
191
275
430
85
176
186
52
283
233
192
214
167
158
185
167
182
26
228
269
269
257
108
69
180
198
198
132
153
155
123
147
145
140
132
138
143
148
135
136
143
164
149
165
149
160
155
162
177
170
214
266
249
212
197
204
123
186
193
186
176
196
