37
23
24
15
27
15
16
10
11
51
18
15
26
10
28
12
19
16
10
11
13
27
13
10
26
39
11
19
9
15
17
21
14
9
23
16
11
11
14
27
19
15
21
16
16
44
24
12
18
11
32
15
16
12
24
15
34
18
110
15
27
97
9
17
14
71
33
28
71
120
29
31
20
18
42
60
75
30
21
18
50
93
30
32
22
32
33
28
57
46
34
38
39
37
10
25
55
25
16
48
50
42
39
43
27
26
54
121
68
76
85
70
111
102
29
26
89
82
13
152
139
99
85
135
168
179
244
184
96
143
200
210
154
72
87
142
19
167
22
231
102
189
300
48
156
189
64
368
80
357
130
117
96
88
272
91
260
54
241
16
50
233
219
46
205
48
192
66
330
35
257
204
192
72
277
202
116
280
274
243
50
219
239
149
161
277
221
14
287
251
245
232
198
293
333
321
221
156
182
107
130
80
69
236
216
186
248
100
279
242
180
198
164
138
190
206
193
222
125
147
109
244
342
356
255
323
170
264
124
265
230
211
312
309
213
259
197
114
268
245
343
266
194
212
216
215
76
216
58
197
192
219
220
75
295
215
280
241
150
238
238
236
247
379
220
179
205
197
252
215
187
93
184
259
248
188
244
432
350
346
344
328
186
307
283
297
205
216
148
252
192
298
196
319
273
194
285
129
241
250
215
294
229
306
197
258
223
345
317
172
260
32
22
41
190
215
201
219
216
202
208
228
206
282
217
271
232
274
42
253
211
226
258
231
306
250
196
257
175
210
254
212
179
215
264
207
308
217
249
135
251
189
176
214
276
170
198
228
364
327
121
196
157
163
123
236
277
209
110
147
168
179
324
223
192
265
176
197
262
255
292
268
192
218
227
270
243
212
127
256
229
223
210
247
251
64
214
278
316
212
32
194
186
172
231
235
114
182
201
178
232
212
205
198
190
209
193
175
183
258
197
186
179
196
231
223
220
201
197
208
303
165
198
190
224
161
304
187
180
194
215
190
208
216
226
223
261
247
202
273
248
216
240
205
217
231
194
129
213
246
263
217
91
260
241
216
182
251
157
220
145
216
143
87
106
149
96
37
55
179
85
241
125
109
244
226
293
215
215
275
225
288
223
203
209
338
216
287
201
239
230
214
255
305
209
400
207
247
193
243
210
259
267
291
216
289
268
218
435
286
318
257
274
290
282
295
432
257
243
326
226
245
265
169
170
276
145
31
40
195
168
206
368
154
210
188
160
215
184
44
163
126
221
203
235
172
280
298
145
140
152
164
224
306
127
139
332
147
178
244
164
161
144
223
157
145
166
145
139
156
167
183
224
170
153
225
199
134
132
140
70
160
147
155
130
175
141
170
142
121
121
160
134
131
136
161
122
174
137
133
116
143
181
18
157
175
164
156
157
124
158
199
130
226
124
275
206
134
141
83
100
214
79
136
78
151
122
180
176
223
205
210
230
143
167
228
188
185
142
379
330
220
155
170
341
129
192
304
186
269
196
167
238
220
196
276
199
253
305
209
76
226
244
424
265
263
143
231
254
360
211
209
294
233
219
255
110
239
221
173
306
43
224
230
223
172
161
119
255
246
251
188
48
34
183
221
220
167
207
207
170
192
166
190
167
193
176
158
177
228
166
204
155
205
219
164
185
138
198
184
186
160
180
176
162
143
137
166
200
225
177
177
168
151
178
169
176
176
172
164
153
183
124
156
177
204
149
152
178
222
175
190
205
334
278
278
248
273
348
204
150
177
171
127
17
140
161
35
102
43
202
145
176
280
400
270
218
409
216
196
199
260
212
220
207
235
200
255
238
233
174
182
255
237
248
205
179
281
232
233
216
207
204
234
203
202
498
172
185
173
177
164
189
308
120
153
323
331
140
132
105
171
154
148
311
170
29
54
43
143
128
158
161
126
101
152
354
221
244
280
205
217
272
175
235
195
204
157
219
156
154
130
128
146
149
162
168
180
266
157
134
143
181
308
241
171
194
118
65
195
173
255
146
119
242
168
43
38
142
123
130
41
214
164
124
225
188
173
222
291
150
174
177
141
145
130
208
177
159
146
177
120
214
134
255
140
190
128
170
190
191
282
168
282
194
194
205
174
126
212
112
119
221
288
187
242
141
238
211
143
207
100
219
168
223
133
166
241
179
230
204
310
134
87
215
139
270
188
189
195
163
180
218
190
140
175
284
237
247
124
196
204
210
189
499
351
499
65
235
221
212
250
472
196
244
220
143
174
122
199
133
364
208
244
322
179
499
235
164
201
