26
13
57
14
14
15
15
9
12
14
27
12
57
28
50
31
31
11
12
15
19
17
17
15
14
12
25
12
14
47
15
26
15
19
22
30
17
11
21
18
31
29
14
16
21
13
22
11
14
16
18
17
12
10
23
28
11
9
14
15
12
17
14
10
24
15
20
12
11
15
13
14
25
10
16
28
28
17
9
41
12
11
11
15
24
15
9
18
58
15
12
16
10
23
11
19
10
8
11
56
12
12
14
13
18
11
21
16
15
10
11
18
18
14
11
34
8
10
15
10
24
19
23
10
13
10
71
15
20
12
20
9
12
21
17
10
11
14
11
32
12
11
23
12
22
24
61
21
27
23
16
13
20
20
23
20
12
13
9
35
14
24
30
45
91
26
137
98
86
31
18
75
19
32
106
18
50
59
68
34
21
49
16
17
101
37
11
104
18
27
12
30
30
47
16
30
37
34
26
39
14
10
19
30
11
82
13
13
30
21
10
65
12
72
19
53
12
31
48
29
41
44
17
38
32
24
32
12
53
48
46
64
10
42
32
14
20
33
53
41
39
34
13
31
25
21
15
12
12
10
13
32
22
12
22
12
10
35
18
9
17
17
22
26
12
40
29
18
33
16
19
15
19
31
35
14
16
31
13
11
42
34
20
10
29
39
25
22
13
26
25
13
16
18
13
45
12
16
39
13
34
9
39
20
21
30
11
23
48
13
28
39
12
26
33
10
33
10
33
48
10
13
14
25
27
21
14
11
27
12
31
14
33
38
35
29
35
19
38
15
60
43
113
47
65
58
45
64
28
29
58
10
50
35
63
50
47
65
61
47
52
19
28
58
61
53
39
27
46
45
30
45
27
58
67
31
29
17
11
67
14
18
28
13
31
36
14
27
12
31
25
33
11
12
13
50
14
19
16
22
23
11
36
26
16
10
13
16
14
12
13
18
21
19
18
15
17
22
18
13
11
16
18
13
54
17
16
15
13
29
36
18
10
13
15
23
22
18
16
16
14
16
13
14
14
18
21
18
18
13
16
10
12
18
25
19
12
25
14
24
16
12
43
30
20
17
21
21
25
14
30
14
14
14
17
15
13
14
19
18
26
20
12
13
15
17
18
17
12
12
17
21
13
9
19
16
52
24
43
15
16
14
15
18
13
26
35
21
9
13
16
15
22
34
10
44
14
60
110
34
43
115
81
12
99
133
155
30
15
101
16
123
64
27
33
89
54
24
51
71
45
130
36
42
47
30
84
28
17
80
145
174
47
138
138
50
24
24
195
50
230
75
81
43
109
45
166
42
19
69
52
105
52
67
55
132
48
172
56
130
99
77
14
66
188
43
92
57
99
11
28
100
12
62
49
43
50
12
32
37
134
78
96
11
49
121
50
60
76
158
90
102
63
157
11
11
12
10
14
12
13
9
10
12
15
11
15
11
13
17
23
20
15
21
16
16
23
17
23
19
25
22
23
29
21
18
30
29
24
26
22
23
26
31
31
24
23
25
23
35
34
35
27
29
40
46
40
54
39
39
30
86
46
52
69
56
48
62
103
67
52
57
79
71
56
69
105
63
65
61
59
63
81
70
96
59
83
80
129
100
88
57
125
64
116
69
193
138
180
87
109
85
84
60
85
69
182
41
40
41
99
101
81
106
67
103
83
87
134
92
75
76
74
109
89
71
72
68
72
87
81
12
106
123
129
118
109
112
154
129
128
152
167
121
133
24
21
116
145
23
23
125
120
17
39
109
126
109
20
112
45
18
12
95
18
96
20
75
91
81
80
121
23
11
16
12
11
16
14
39
12
85
76
69
18
86
75
17
46
15
16
18
14
29
68
67
13
12
20
13
28
38
92
75
77
79
78
65
11
12
83
75
16
76
83
12
81
48
12
74
21
163
73
88
43
76
31
12
41
41
38
37
52
23
159
76
11
36
36
26
36
73
27
170
77
31
67
51
9
121
30
48
47
99
23
157
73
39
38
76
29
9
63
35
35
29
24
54
27
36
108
29
49
26
27
49
14
24
18
47
11
12
12
24
9
120
14
12
37
33
38
27
36
10
89
34
24
31
28
12
32
26
13
27
39
19
39
31
12
12
10
31
24
28
54
35
33
30
45
37
29
13
25
30
12
23
59
30
34
27
29
11
25
23
83
44
35
11
32
89
124
51
29
29
20
93
9
11
17
12
14
32
34
11
32
38
12
81
32
12
30
30
14
29
29
11
27
100
11
15
11
18
28
30
14
29
47
25
9
46
34
34
29
31
11
31
29
26
15
13
