26
12
28
13
15
14
31
15
30
18
25
15
12
15
32
49
35
30
17
11
16
21
18
17
18
20
11
26
12
39
8
13
12
11
11
13
26
61
26
38
18
46
38
17
45
24
34
93
40
26
23
52
13
11
31
101
19
12
42
54
48
30
89
11
62
33
70
22
35
38
21
15
61
35
106
99
55
44
10
29
46
30
58
123
96
92
12
119
51
31
32
145
141
31
45
65
106
27
112
83
85
88
53
52
176
14
24
39
37
26
33
103
141
250
205
74
49
45
49
151
59
65
197
44
169
86
17
185
72
177
85
159
19
120
76
27
208
88
47
187
12
231
94
29
195
174
112
63
57
166
13
17
115
66
156
142
165
54
132
32
90
44
71
32
126
66
52
236
108
59
31
208
13
114
102
101
66
200
145
150
162
86
139
53
230
156
274
57
168
196
92
132
145
71
245
47
37
140
81
184
354
135
44
190
247
181
172
49
12
262
51
62
204
24
208
93
36
142
196
35
128
84
173
159
23
9
143
19
223
184
40
116
220
143
47
67
154
194
42
91
125
111
73
61
28
386
116
63
79
66
195
93
137
137
51
204
120
83
19
121
59
97
125
100
111
128
114
140
180
125
119
36
114
101
157
123
144
9
122
64
112
104
101
113
109
96
109
117
104
96
105
20
98
21
106
100
103
48
199
60
32
28
112
108
99
22
46
12
107
11
96
93
102
15
97
119
100
25
29
107
117
102
153
30
123
16
138
98
104
99
33
114
97
111
97
19
103
97
108
194
99
112
151
31
45
113
135
60
148
44
104
68
48
110
86
15
177
60
158
62
80
95
99
40
202
116
92
95
151
37
15
131
180
118
101
97
62
152
120
91
101
149
114
31
13
109
131
103
164
114
28
201
106
118
107
122
35
113
101
182
51
106
103
124
112
167
109
104
69
283
128
88
112
118
86
115
101
99
134
107
151
92
101
239
33
114
34
139
116
112
252
135
185
145
15
166
98
148
16
242
74
154
220
51
307
151
79
160
62
12
233
39
215
111
124
89
119
152
33
156
223
18
119
185
154
24
216
116
99
95
170
112
38
119
47
133
93
68
159
94
117
59
43
65
37
77
29
106
97
57
145
114
113
52
99
42
61
90
41
71
18
119
102
147
173
109
136
111
213
138
198
111
135
181
44
110
143
122
117
109
73
135
241
104
112
101
127
82
119
118
106
57
72
108
97
103
146
48
109
162
110
110
39
109
97
98
104
138
55
106
119
103
102
96
130
56
160
168
113
99
20
98
161
113
100
105
90
66
104
97
113
289
105
114
50
127
120
104
112
110
135
148
134
89
115
22
58
115
102
172
57
39
129
153
109
57
277
156
112
128
99
48
127
100
114
88
93
72
109
56
122
134
139
135
106
107
124
95
116
182
17
123
146
123
95
119
142
166
144
104
129
120
115
147
109
137
102
123
107
70
298
127
107
110
68
142
104
177
173
136
113
130
164
113
35
136
22
108
106
73
105
106
23
158
113
44
109
117
102
95
108
138
71
115
41
137
49
118
158
148
120
129
175
130
108
107
118
156
112
130
16
104
117
145
144
141
11
100
33
274
44
49
32
78
129
101
100
142
49
151
61
118
114
106
151
212
103
191
135
121
57
89
112
79
129
102
132
136
132
117
98
52
60
221
87
108
134
130
118
122
123
149
104
107
106
138
151
129
215
130
155
85
132
129
134
136
151
179
38
109
110
133
107
182
111
386
199
123
151
149
117
118
149
82
145
114
269
147
105
103
92
134
99
57
178
210
156
245
54
135
150
152
153
97
144
109
229
216
184
131
289
120
158
137
295
143
220
108
109
171
102
158
247
204
158
91
95
197
109
242
92
231
291
212
221
103
168
104
125
378
139
254
187
182
61
157
142
254
191
297
268
195
142
65
112
271
151
64
305
158
186
129
172
309
143
233
117
186
166
201
152
177
115
146
245
189
228
134
139
160
112
148
268
206
235
137
125
297
126
99
130
215
211
98
107
78
104
113
130
269
155
139
157
57
267
150
87
147
227
226
350
150
242
320
124
202
95
166
499
135
361
263
182
153
202
164
240
254
40
425
497
113
126
166
287
246
136
128
115
115
116
126
119
212
114
117
127
499
113
119
165
334
135
107
206
104
107
118
142
188
148
154
110
124
133
113
106
132
136
148
109
102
140
116
407
73
164
40
114
104
147
212
123
268
228
75
41
129
272
241
100
129
206
177
191
109
116
162
138
132
171
131
133
109
235
188
198
148
205
107
