27
14
14
15
30
21
15
15
41
48
11
22
27
28
10
38
11
15
12
31
19
18
18
14
18
23
12
12
25
18
10
44
10
10
14
16
10
16
12
14
54
9
8
28
18
22
10
15
55
10
18
24
11
28
16
10
17
16
14
16
32
78
25
40
29
29
67
10
25
41
39
58
68
66
15
20
40
37
22
24
54
67
32
68
37
60
97
29
74
35
74
16
48
27
51
23
22
59
31
29
17
61
26
99
80
117
46
11
43
58
48
29
33
63
85
33
51
86
74
103
82
133
22
10
156
111
191
137
17
272
245
25
341
58
15
290
90
201
40
10
147
32
288
61
185
70
86
139
82
146
357
177
359
238
258
121
10
287
287
276
100
190
229
184
182
321
409
235
272
142
222
176
208
234
231
179
422
402
201
349
223
272
358
226
336
416
345
104
452
93
361
247
121
397
84
357
445
401
219
265
154
499
20
499
301
401
231
159
499
90
499
390
209
317
17
267
277
466
422
67
71
281
95
260
286
241
243
264
398
374
275
275
103
133
65
350
308
290
352
429
390
377
286
338
278
21
283
295
259
48
360
260
237
343
271
258
196
163
81
345
287
305
242
84
391
244
353
339
256
289
330
80
35
13
10
264
254
223
305
160
254
100
121
230
355
231
287
343
206
278
262
316
193
321
185
393
271
219
196
223
103
201
200
215
203
218
240
220
192
196
197
242
35
120
163
171
83
219
194
388
218
206
190
204
205
158
187
186
143
177
172
164
150
161
149
204
148
41
175
166
151
231
113
196
136
181
136
139
137
204
41
135
153
162
191
223
138
499
161
206
195
159
140
146
166
131
175
82
170
229
159
158
144
167
161
58
148
136
173
146
157
156
142
163
216
149
157
152
140
17
163
166
139
146
173
153
150
16
178
134
117
164
141
135
138
151
136
134
136
145
80
128
208
156
145
135
125
139
129
153
155
134
145
169
74
213
150
134
198
148
140
29
126
177
142
122
171
17
153
159
126
195
124
122
162
133
15
499
186
142
112
186
144
249
155
144
198
139
158
163
170
142
17
151
123
54
167
239
84
154
171
137
171
232
149
171
135
189
71
174
200
148
171
151
230
78
212
267
152
226
220
194
211
199
135
177
191
150
160
136
312
243
136
106
292
118
35
131
207
163
243
162
176
476
191
227
192
259
200
147
113
176
279
237
191
191
220
100
229
183
274
217
181
491
168
214
291
49
256
213
300
257
85
198
358
257
198
449
198
196
248
175
201
288
182
197
53
189
230
271
179
242
185
175
207
218
225
144
179
236
263
277
159
168
282
158
138
156
158
216
130
145
158
197
190
156
98
181
138
354
131
162
164
187
113
107
166
176
123
156
128
179
122
128
111
127
244
135
118
339
199
213
149
48
266
218
139
165
172
167
155
128
188
220
101
186
173
189
19
77
146
138
31
170
19
126
173
141
212
120
187
200
137
114
134
156
186
54
173
200
162
155
150
169
224
157
197
142
162
165
177
241
203
245
192
164
126
187
224
179
187
179
234
160
159
165
210
180
197
173
13
152
132
173
135
151
159
158
180
149
166
164
166
119
145
176
173
78
265
226
190
187
499
181
310
210
211
190
271
203
281
258
131
197
121
325
126
150
180
120
257
187
495
234
178
156
218
216
156
434
312
31
225
192
153
57
243
303
226
164
271
322
244
262
308
360
392
268
162
245
232
195
159
165
189
163
150
319
177
137
259
328
382
143
150
307
150
56
136
151
189
188
189
225
274
112
246
248
200
44
228
186
240
388
178
229
224
137
118
210
170
172
160
205
287
170
140
186
169
337
146
195
192
246
250
219
291
294
269
267
321
244
228
398
226
289
236
254
253
336
200
204
93
206
146
376
161
201
177
72
236
400
241
159
230
207
214
295
499
144
377
229
338
161
57
108
335
59
431
239
233
288
210
298
154
324
147
268
272
303
214
208
190
211
369
183
138
202
183
269
143
161
266
140
153
201
181
283
197
31
190
113
199
255
271
172
264
320
259
331
171
499
236
257
404
257
275
161
333
379
189
199
318
304
245
485
223
156
499
161
265
499
305
284
54
80
54
156
153
90
234
236
150
179
420
207
499
35
51
193
499
204
11
338
79
284
133
429
111
455
384
131
251
57
294
62
269
455
499
82
24
255
54
58
68
52
362
280
230
272
232
471
162
203
184
112
174
164
140
138
160
136
144
153
174
148
144
104
168
121
147
155
148
148
156
125
134
158
155
142
159
122
155
125
125
132
142
114
149
141
