37
15
19
31
22
26
14
23
60
15
19
15
10
24
51
14
17
17
11
18
32
16
15
11
20
13
11
18
49
10
14
15
11
21
15
23
27
33
14
12
9
14
10
10
12
29
10
13
17
34
17
9
14
21
17
14
14
13
9
12
16
28
26
42
65
33
24
51
22
17
25
27
47
35
100
43
16
32
20
56
9
21
73
24
50
13
26
50
77
41
23
53
53
80
110
18
14
45
22
40
10
58
40
70
194
70
63
33
82
83
62
53
48
28
20
49
49
28
39
74
69
120
180
90
27
18
181
31
114
102
56
99
160
134
168
29
155
20
178
25
70
189
65
84
170
81
62
171
49
172
155
47
144
150
21
248
308
225
173
102
266
235
98
149
144
350
244
106
54
187
46
195
29
116
231
210
201
161
260
366
214
274
197
116
73
153
172
138
39
341
42
253
129
152
18
306
197
453
290
210
252
28
299
317
233
307
350
82
86
181
207
373
44
37
264
22
243
130
402
338
162
21
263
170
316
11
294
178
376
218
308
186
200
121
227
154
105
15
144
153
145
22
165
173
21
152
167
499
329
221
293
43
470
45
359
134
35
103
109
499
356
461
11
76
225
302
421
185
90
79
136
150
198
189
127
172
55
477
294
135
323
72
205
422
343
256
499
18
418
306
55
133
241
458
283
283
298
369
347
268
499
435
499
18
37
82
164
268
148
273
383
52
106
33
435
499
195
499
445
499
499
499
253
224
140
11
185
170
181
14
263
267
230
204
154
136
221
19
91
281
104
145
141
140
143
136
143
215
185
258
233
313
265
271
326
196
308
68
61
264
173
379
301
499
351
302
308
332
343
499
274
117
102
449
214
187
251
247
352
237
275
198
166
141
262
13
56
152
235
220
224
232
31
182
176
190
190
177
173
162
173
20
164
173
171
160
170
146
167
157
146
148
148
141
150
152
163
141
151
148
171
127
146
139
138
139
136
134
10
133
147
150
140
148
145
131
148
142
152
138
126
104
147
110
42
144
141
137
157
11
141
134
146
157
176
174
175
191
181
172
39
166
175
161
175
171
192
162
185
187
243
169
168
24
261
227
44
198
187
178
186
181
148
173
165
175
174
187
175
141
263
340
311
294
218
161
309
176
210
257
399
240
221
226
446
406
95
123
35
134
16
21
30
15
174
338
292
275
251
215
259
199
253
228
225
229
237
216
145
178
221
256
311
243
330
257
225
250
244
233
252
218
235
86
27
307
276
245
258
302
262
277
252
182
499
70
379
458
61
340
442
499
475
309
275
291
312
262
220
499
67
111
13
11
272
59
499
238
108
82
210
281
207
194
209
172
196
166
178
187
192
185
191
201
203
215
238
221
215
242
246
277
276
344
425
214
28
181
194
200
179
134
154
164
181
158
170
168
179
169
184
219
214
240
224
227
284
232
218
210
262
25
51
246
61
199
224
256
196
206
257
244
267
210
214
189
202
216
185
200
213
202
20
243
344
294
334
226
499
94
499
499
259
380
244
181
171
196
227
202
188
199
215
179
172
157
162
178
175
181
189
185
146
168
199
166
132
499
185
332
324
190
298
242
286
364
286
184
196
14
62
499
267
275
371
265
314
293
328
363
405
475
499
240
300
269
398
499
155
177
174
184
139
156
141
157
153
144
147
147
182
189
167
185
275
252
179
170
166
179
174
162
132
13
25
41
88
189
213
224
194
195
178
187
179
188
165
182
210
209
234
273
316
280
214
48
388
337
379
348
322
11
422
499
499
499
136
40
451
499
488
319
296
349
271
323
429
301
429
286
80
9
421
153
482
175
366
475
178
121
55
33
44
10
29
499
205
475
262
194
176
173
223
499
211
233
211
122
180
226
202
197
189
170
165
194
173
197
222
198
228
205
207
244
199
159
186
204
162
200
197
248
233
236
285
224
224
247
187
96
13
89
164
39
61
74
146
115
102
189
145
151
157
159
152
163
149
160
152
163
175
143
148
161
179
183
87
117
103
256
188
163
167
362
499
309
222
236
253
213
206
237
225
223
248
245
265
264
233
264
251
251
99
215
239
99
241
187
207
217
210
190
181
187
247
215
239
203
191
209
143
140
137
164
204
182
277
162
171
217
278
197
263
188
148
499
499
499
499
499
31
499
499
499
499
471
499
499
499
499
499
499
499
499
499
499
499
10
64
76
499
333
499
153
143
167
174
156
189
150
140
141
146
151
148
251
22
10
77
133
128
193
137
145
142
138
147
140
178
124
42
145
129
130
112
139
124
128
122
125
