29
18
17
49
38
25
14
19
20
28
16
19
21
31
24
27
30
27
15
13
29
10
13
13
10
24
12
16
22
16
17
16
18
14
20
33
18
12
21
25
10
26
46
25
17
14
17
12
12
14
15
18
23
24
17
30
13
12
53
120
19
18
19
17
12
103
19
14
48
23
21
35
23
84
52
77
21
10
53
100
24
32
91
68
55
43
52
60
72
10
49
34
11
74
14
55
45
39
17
99
43
44
14
67
130
72
27
73
33
23
138
68
37
114
55
71
107
230
109
113
78
51
30
17
100
68
71
142
174
213
165
90
87
29
210
65
92
96
155
109
65
120
301
113
38
31
76
160
133
154
163
48
75
62
119
191
246
25
218
131
140
14
29
372
500
325
20
226
199
379
107
500
20
30
338
240
500
67
197
30
92
193
392
500
66
30
405
106
281
242
368
81
291
16
255
365
30
329
183
295
214
383
107
337
410
376
500
364
500
195
57
408
38
121
274
306
335
314
311
217
35
67
84
88
70
83
344
295
331
343
269
280
45
278
259
164
323
116
284
245
24
265
305
156
221
236
262
246
303
258
307
10
66
304
267
386
500
500
99
444
500
500
500
119
12
500
111
500
169
97
500
500
318
294
150
500
40
500
500
349
37
72
77
125
500
321
378
142
267
452
500
136
422
500
468
123
154
88
264
56
153
31
174
188
141
159
174
141
153
130
133
160
143
65
49
182
185
181
166
177
163
186
166
148
141
102
166
143
142
146
143
170
175
27
212
269
397
164
181
145
109
128
142
128
133
206
162
128
156
100
153
99
150
139
166
167
120
124
138
130
131
110
223
496
269
154
169
145
13
136
163
177
167
172
207
221
249
414
179
147
125
24
105
500
197
192
221
138
170
121
175
114
222
150
130
140
145
128
147
97
203
254
145
210
331
133
312
500
60
12
33
116
163
29
65
161
137
174
185
139
114
104
128
179
141
220
152
152
168
140
138
113
174
143
137
150
150
175
163
329
274
176
291
204
201
338
212
240
393
300
205
231
261
334
382
325
497
287
172
31
17
23
13
41
49
121
155
155
197
168
247
190
181
178
134
142
128
138
17
124
130
131
124
131
135
120
135
128
123
122
114
132
132
126
123
117
119
110
113
120
119
115
120
110
118
107
112
110
118
122
118
111
135
113
107
110
18
28
109
148
177
185
165
157
144
187
233
183
207
222
175
150
181
188
188
127
40
194
276
280
257
159
161
142
134
132
128
13
132
144
125
209
147
171
156
176
171
156
171
154
157
150
147
144
140
135
120
114
123
11
134
42
132
133
135
127
118
135
123
112
118
114
120
130
123
108
135
108
114
123
127
115
111
122
101
119
66
107
100
114
125
114
118
103
127
107
142
126
129
140
121
362
175
145
165
211
308
175
148
164
33
9
111
147
140
171
136
209
156
152
234
195
180
38
127
174
190
161
162
143
142
102
53
115
139
132
120
130
128
133
166
169
124
143
108
38
20
8
9
13
500
165
139
152
153
157
151
132
146
144
134
127
128
149
153
126
125
146
121
115
133
169
127
142
152
139
118
148
130
237
184
119
139
138
126
123
133
142
129
144
125
140
159
181
175
160
169
240
188
354
170
326
223
11
500
330
427
354
260
230
222
261
217
208
209
225
17
25
126
272
426
500
186
256
171
169
185
178
186
181
191
136
142
83
157
166
156
172
152
155
160
144
150
149
158
133
136
142
134
129
135
128
124
125
120
122
110
111
112
113
114
114
26
105
113
116
109
115
107
107
108
108
113
114
112
113
123
117
82
128
130
110
112
111
116
118
120
117
115
115
115
123
117
113
119
126
116
106
120
120
117
120
123
120
121
112
126
124
128
120
126
119
119
128
117
119
138
129
123
143
169
155
172
269
166
184
181
245
279
195
500
44
175
177
265
285
15
500
239
269
404
366
394
154
91
317
110
149
114
120
116
108
110
109
120
103
14
13
47
113
120
123
119
132
148
23
130
123
122
128
144
134
121
133
128
121
128
140
148
133
124
139
127
142
122
144
142
125
123
157
139
152
201
158
179
152
148
225
205
150
106
116
143
12
11
161
144
171
133
139
79
188
365
232
279
227
211
192
136
199
183
193
182
206
179
201
191
181
194
210
194
206
192
332
243
243
215
204
206
221
229
193
193
191
170
209
188
204
191
51
38
10
13
338
317
199
213
217
188
316
230
238
212
210
118
162
152
254
188
185
222
295
206
95
102
204
67
46
22
213
215
312
313
135
89
187
380
500
500
500
