32
17
14
78
14
63
31
14
82
21
20
18
16
15
14
10
28
14
19
9
18
10
14
20
30
50
16
18
21
35
16
24
30
38
38
18
9
18
9
18
9
20
11
8
10
10
11
15
19
9
29
11
26
8
10
16
14
11
13
15
12
13
14
8
12
13
13
10
23
23
18
10
41
8
10
15
10
16
20
42
28
23
42
39
29
26
13
11
67
9
21
18
44
20
15
45
32
17
31
43
29
57
24
20
24
54
31
29
26
33
16
28
38
22
37
31
16
15
24
25
46
23
16
37
103
60
60
57
56
79
67
50
78
21
23
13
31
52
78
22
91
41
98
49
21
96
47
92
133
160
86
17
56
103
32
97
166
45
81
27
153
85
107
184
139
159
194
102
283
159
127
135
67
199
55
74
153
146
197
126
173
139
301
224
193
52
309
331
247
454
190
312
499
282
249
102
283
328
253
249
278
280
124
264
336
314
312
278
327
49
296
201
278
449
322
241
338
285
280
300
249
304
275
318
297
287
275
297
270
275
233
263
259
366
267
36
252
318
268
334
262
52
195
269
254
229
87
261
272
227
266
156
208
367
287
277
283
224
138
295
273
216
87
21
90
200
127
232
228
348
314
95
325
260
461
322
44
310
231
123
279
406
188
68
300
281
75
499
281
275
240
238
270
260
238
229
243
291
227
339
336
252
303
339
265
395
199
280
256
280
296
266
347
337
362
292
285
279
312
389
287
201
407
251
245
129
235
12
275
87
167
472
338
324
358
345
493
389
138
380
311
228
499
283
202
19
423
188
361
220
302
207
203
191
109
272
253
444
221
282
354
222
499
328
219
233
245
499
205
216
208
321
186
298
215
202
304
117
213
172
140
178
283
203
137
354
132
147
162
225
162
178
245
141
142
210
106
104
172
160
164
173
170
130
77
154
160
126
230
189
167
184
149
179
240
69
116
18
101
152
139
147
140
119
162
189
249
157
225
149
135
161
183
155
213
145
140
190
172
242
313
155
203
105
131
102
159
201
120
159
230
199
272
132
209
71
70
364
248
240
499
499
87
290
173
391
328
455
280
224
499
499
185
499
499
499
140
150
405
192
248
195
246
499
360
178
158
182
274
148
123
143
167
153
194
182
178
179
181
135
247
234
73
196
264
240
188
129
178
206
140
150
158
155
181
202
198
188
162
131
141
270
194
233
153
71
11
118
261
183
90
371
199
207
190
313
335
217
209
156
271
241
214
253
177
266
349
230
96
260
220
208
226
174
209
192
133
241
158
237
129
58
194
116
146
136
274
316
183
199
499
205
163
305
232
194
252
158
208
252
240
499
207
187
269
499
257
178
208
196
294
230
288
275
189
224
206
499
249
198
401
199
226
245
249
177
212
239
175
164
137
63
128
267
189
15
234
112
160
40
62
190
45
170
58
89
98
95
116
11
110
70
96
91
137
143
126
145
154
141
162
161
132
169
191
174
156
184
27
276
194
242
200
173
171
158
186
183
207
203
248
253
232
213
219
210
203
251
195
176
211
256
179
218
184
172
201
47
165
273
418
159
224
192
154
309
318
467
193
273
172
228
247
158
283
112
307
286
109
184
281
141
291
248
296
291
499
58
184
114
160
51
58
17
101
193
176
193
177
223
179
169
190
207
166
174
296
150
233
305
249
195
155
209
171
184
161
208
151
164
307
159
164
275
210
197
218
193
168
177
136
183
146
189
170
149
176
143
28
170
134
50
145
134
165
128
155
157
54
68
147
204
19
192
12
24
25
256
20
447
165
216
228
181
239
288
181
211
363
235
310
293
198
198
313
186
302
499
363
367
172
238
204
331
252
444
359
439
308
223
370
232
336
499
253
145
332
312
349
164
265
172
230
247
499
396
24
25
42
353
156
223
488
308
252
33
231
392
499
414
306
288
312
312
360
287
170
290
355
303
421
345
330
487
240
372
310
396
422
474
253
362
365
396
185
228
41
41
267
355
151
71
187
136
274
209
220
311
204
275
56
360
303
295
252
499
274
300
480
499
326
224
196
345
378
288
235
203
240
153
199
326
208
330
190
142
184
173
185
186
225
315
409
230
499
156
157
148
149
148
171
499
379
343
278
324
380
268
219
499
365
499
375
281
238
177
322
274
391
213
211
58
318
104
317
278
162
469
494
277
499
499
344
234
403
190
210
241
217
312
299
499
188
155
414
203
217
499
149
181
228
264
274
165
446
380
62
299
95
199
288
423
499
398
499
499
214
499
84
250
454
499
499
353
499
169
196
302
93
499
