29
36
18
15
16
22
14
28
47
35
67
9
15
33
26
20
11
20
37
10
12
9
21
17
17
28
22
15
23
18
19
33
9
27
21
13
22
8
16
19
24
29
11
18
25
30
9
9
24
13
25
13
14
11
34
13
24
20
23
13
15
13
11
36
17
20
17
15
10
10
10
21
43
17
10
16
15
12
13
10
9
28
13
12
13
10
10
10
10
10
12
14
9
11
12
21
10
17
17
14
17
8
9
8
14
15
11
10
8
18
22
13
10
29
9
8
21
11
9
12
13
11
9
15
11
12
10
9
9
14
10
14
11
12
13
21
11
10
13
10
8
12
10
8
15
15
14
18
9
14
8
32
14
10
39
11
11
15
10
15
10
14
18
13
14
15
13
13
30
11
16
19
14
14
10
14
18
24
11
17
11
11
29
9
25
12
21
15
26
13
22
13
33
14
26
13
23
14
33
12
33
31
30
17
18
62
132
72
66
29
66
229
10
10
10
10
12
10
8
9
10
8
9
9
9
8
8
10
15
8
12
8
9
9
12
14
10
10
13
9
11
8
11
9
8
11
10
9
14
8
8
13
9
17
9
9
8
8
32
8
12
9
15
17
9
10
21
10
8
13
23
11
13
8
7
18
24
10
34
11
28
7
17
21
12
39
42
31
35
22
46
38
19
43
28
34
24
33
29
28
19
22
32
25
26
29
17
28
30
8
13
24
16
26
26
8
22
26
15
18
27
25
23
15
24
7
19
28
22
28
19
26
15
17
26
19
22
23
22
17
20
23
24
23
16
28
20
21
16
30
15
17
14
26
18
17
21
18
20
20
24
15
28
25
25
15
22
24
28
18
25
29
17
20
25
8
19
19
27
29
26
26
22
21
22
21
21
26
24
32
7
19
21
19
18
21
22
33
18
23
26
16
24
25
25
20
20
22
22
10
22
30
24
29
30
30
20
24
8
21
20
9
9
11
8
9
19
22
9
9
8
7
9
9
8
8
9
10
8
9
9
8
8
9
9
9
8
9
10
8
9
7
8
8
7
10
9
10
8
9
11
10
9
8
8
13
11
9
10
12
11
7
9
9
11
8
8
8
8
9
9
8
9
9
9
8
9
8
8
7
8
9
9
8
8
9
10
9
9
10
8
8
10
9
9
8
22
9
12
8
10
9
8
27
8
7
8
9
7
10
7
9
7
8
10
8
8
8
9
8
10
9
9
8
10
9
9
8
8
8
9
9
7
8
22
25
9
11
9
9
10
9
8
8
17
8
8
9
8
8
7
8
9
9
10
9
19
9
9
9
9
8
7
8
8
7
8
7
7
10
9
9
9
8
9
8
7
9
12
9
8
8
21
8
10
36
9
47
44
9
38
33
42
35
43
43
43
42
32
39
33
10
37
29
27
26
10
35
35
34
32
43
31
34
27
31
36
37
40
49
34
35
41
25
32
29
30
33
30
10
37
10
32
30
36
26
30
31
35
40
10
30
28
31
33
31
28
43
39
36
30
25
22
27
32
26
35
34
19
17
37
33
33
30
23
22
29
27
34
24
31
37
34
27
34
41
35
25
39
37
29
33
23
29
34
49
35
44
47
27
12
28
55
24
27
38
25
53
33
56
39
35
43
36
27
43
11
46
43
33
24
26
29
36
34
41
26
43
42
44
46
36
29
11
33
33
42
34
39
10
34
34
44
64
28
59
44
11
46
11
46
43
58
44
27
12
55
37
35
41
64
46
48
41
47
53
68
11
54
62
50
36
57
56
11
12
80
74
63
38
28
41
50
13
37
61
89
160
58
237
36
81
78
220
78
138
62
115
90
114
97
85
105
89
101
104
94
201
162
113
112
68
10
10
9
9
8
8
9
8
7
9
9
8
8
9
8
8
9
8
10
10
9
11
46
9
42
11
39
53
47
56
53
55
51
49
60
51
64
47
61
67
55
71
62
51
12
59
67
65
51
41
43
57
46
64
61
53
60
56
55
33
52
62
61
70
38
12
13
60
67
11
53
51
65
38
60
35
61
64
65
54
31
57
29
42
46
46
23
76
29
9
53
65
52
57
10
65
56
9
10
52
74
14
44
33
55
19
42
62
73
86
61
76
59
47
42
64
45
93
35
42
54
35
51
56
48
58
43
52
36
67
12
43
42
38
43
12
56
46
56
36
42
47
41
50
45
44
46
10
60
43
35
54
44
33
39
62
9
11
44
30
50
39
31
46
122
9
51
40
31
50
73
46
39
57
44
52
11
51
57
21
61
31
33
32
35
66
44
16
