39
39
27
68
18
28
20
13
19
25
14
13
12
33
10
53
13
19
12
22
9
32
14
12
17
28
30
17
10
13
16
16
42
19
16
16
20
20
16
10
11
26
38
13
23
9
38
57
36
80
28
25
51
10
9
28
29
84
18
12
31
11
113
92
74
21
21
26
91
26
62
16
61
152
61
12
28
131
33
12
44
31
35
17
89
66
72
43
111
69
46
17
108
24
84
36
14
48
35
37
32
118
21
148
107
175
84
76
163
368
156
175
124
85
16
61
97
26
32
57
62
64
25
56
247
92
31
119
63
119
179
29
167
127
92
323
45
183
221
261
44
161
252
241
355
278
18
64
145
13
236
84
51
209
188
121
201
54
32
88
138
335
219
251
68
352
293
275
97
88
101
336
492
129
85
320
150
63
165
359
55
111
203
208
57
34
47
52
27
31
22
30
29
164
22
16
52
17
36
23
142
86
114
100
88
164
98
149
68
209
180
174
151
82
40
225
59
165
22
73
164
153
145
118
129
13
31
26
123
40
143
38
40
42
26
156
114
115
127
127
110
122
169
62
25
93
14
14
28
18
111
109
72
134
29
39
45
18
142
53
89
47
72
127
17
227
23
12
88
22
50
256
95
67
19
11
204
183
12
61
128
190
160
16
10
109
73
20
98
103
103
63
249
93
123
86
67
106
34
61
220
31
131
33
145
450
11
17
181
177
40
11
60
44
20
102
402
122
39
180
111
58
33
33
31
104
113
98
112
123
132
363
131
94
24
88
83
96
35
54
85
89
147
194
16
35
121
99
113
131
38
59
57
48
31
110
10
40
32
31
113
41
27
33
17
120
109
216
69
93
76
158
289
34
120
192
111
133
83
40
278
134
46
159
12
38
214
183
178
101
107
41
137
96
88
40
66
88
191
228
10
30
9
246
143
95
56
77
65
67
102
222
31
47
145
201
128
133
70
14
137
187
149
11
58
68
95
117
76
145
63
169
219
40
66
139
133
43
65
137
46
141
131
45
171
231
73
335
254
20
16
75
39
185
201
137
124
126
103
162
120
140
93
230
128
52
65
83
61
161
49
138
98
20
54
106
236
183
41
66
121
39
135
122
174
29
345
98
13
132
173
78
169
414
279
120
146
79
137
499
63
499
223
124
70
137
122
218
77
17
49
35
46
229
14
121
131
30
238
39
46
436
397
101
25
113
67
19
19
114
24
14
110
175
156
57
58
27
108
110
106
122
97
41
105
32
49
199
103
110
42
129
103
38
115
108
119
113
50
97
155
114
267
105
123
120
92
148
47
280
97
108
34
110
107
27
95
34
16
52
18
112
98
19
14
99
95
29
108
104
92
96
99
104
100
22
110
112
16
128
113
22
97
283
186
28
13
24
122
85
49
24
82
139
93
69
119
138
121
31
40
105
173
136
106
102
112
115
101
117
98
132
105
49
63
10
22
17
27
9
57
115
73
104
62
189
167
165
181
125
199
15
11
375
9
115
147
182
155
121
113
158
147
114
121
24
23
26
31
17
167
120
160
98
108
104
115
102
89
135
190
125
78
119
83
101
113
74
104
107
115
80
100
109
18
11
103
106
103
116
113
130
98
74
114
116
158
43
24
259
142
144
60
178
298
76
146
32
40
45
51
44
70
30
105
93
222
89
49
172
235
202
126
12
145
157
157
160
397
157
124
21
167
147
179
278
125
24
114
304
11
114
133
145
101
102
103
114
31
140
106
281
134
122
120
124
148
127
129
70
71
78
85
107
10
23
499
195
499
16
110
23
107
11
101
117
109
55
163
85
154
32
104
108
104
104
16
9
113
340
118
126
25
117
111
111
25
22
9
10
22
28
57
33
11
15
116
17
104
152
499
112
83
36
174
102
33
132
123
161
99
107
92
120
31
110
112
173
42
137
152
109
175
165
111
98
109
68
58
141
143
97
125
404
124
54
15
36
166
171
56
12
56
238
215
88
67
173
143
217
17
165
157
246
192
99
85
178
145
166
155
187
209
50
51
45
14
35
260
303
468
149
137
164
246
40
199
82
143
233
90
28
151
130
162
59
21
45
32
168
111
143
270
150
138
123
84
147
45
108
8
35
30
127
138
157
159
128
151
185
31
133
130
120
137
127
34
174
9
116
212
321
99
178
111
99
168
138
133
222
164
16
11
133
164
155
109
119
118
14
131
148
14
12
128
132
114
116
99
153
104
132
129
152
135
187
123
136
111
116
26
9
28
130
151
188
136
133
120
107
65
159
114
127
123
116
158
118
123
104
