23
14
45
12
14
27
15
26
17
22
24
13
13
15
14
11
34
32
36
18
19
18
17
18
11
15
9
22
9
19
14
23
16
27
12
15
19
21
28
12
10
23
22
24
12
13
29
23
12
19
20
28
60
21
62
51
65
98
17
72
46
20
52
21
14
113
61
20
22
60
12
8
102
36
31
33
64
10
30
88
97
58
35
49
87
21
35
71
13
82
63
89
154
17
50
91
32
131
85
35
47
47
17
17
61
146
112
90
101
166
97
84
147
148
99
147
157
155
117
78
18
23
236
73
216
42
15
170
32
44
152
93
151
111
49
175
31
201
52
90
125
132
22
231
144
141
149
322
10
31
180
159
239
65
114
107
131
45
284
149
182
167
85
97
44
54
124
98
58
50
170
235
67
57
35
131
188
194
235
86
233
19
181
112
83
49
148
185
252
98
45
47
295
91
210
70
63
259
199
68
17
87
190
268
307
106
32
43
93
192
182
162
136
63
173
51
153
59
16
47
64
179
117
174
77
204
62
177
182
171
90
160
54
154
93
196
51
20
113
112
46
154
90
91
151
31
48
95
212
115
19
172
56
187
51
260
131
130
58
29
21
163
39
176
82
48
116
72
100
129
141
19
72
102
147
90
24
130
95
197
98
50
90
32
252
161
188
143
27
69
60
29
98
45
164
135
161
70
132
10
77
107
184
61
64
69
63
157
12
22
38
59
31
68
53
121
71
82
82
56
83
169
34
110
29
75
118
12
172
70
44
171
125
114
39
49
25
155
49
282
110
19
55
134
145
125
160
25
120
89
137
122
112
93
22
12
121
128
102
225
131
12
114
139
145
112
22
113
96
36
105
136
17
35
113
99
218
32
109
286
444
135
104
111
30
109
122
44
53
130
72
205
130
132
145
50
126
123
161
58
38
118
116
93
120
45
39
127
46
121
300
141
122
158
101
375
276
99
123
300
104
49
116
75
195
29
85
115
28
13
108
123
112
66
246
106
99
98
168
94
110
153
101
104
43
142
55
107
186
143
215
189
162
88
81
148
182
157
466
32
202
82
152
138
123
78
119
99
222
106
104
103
117
132
299
72
374
102
205
77
102
163
114
340
59
151
188
128
128
57
46
105
125
82
406
97
38
103
119
116
100
179
79
99
110
398
91
251
78
55
77
139
93
114
45
269
204
183
101
79
98
181
103
112
103
70
99
116
256
113
424
104
158
13
101
322
90
225
239
100
168
115
328
82
263
126
22
41
169
253
51
103
192
43
112
101
197
101
98
161
388
118
313
84
73
78
193
107
159
57
81
195
65
115
121
157
351
184
120
40
155
385
78
176
18
106
182
260
14
58
111
112
138
102
96
105
170
280
52
190
214
36
113
95
140
251
237
221
117
128
105
88
48
428
80
130
113
146
115
158
140
136
211
342
104
144
281
124
105
229
117
331
51
263
105
163
238
126
182
84
77
59
181
11
165
63
123
183
60
123
293
400
218
127
135
123
158
71
388
185
268
369
170
123
51
121
274
181
142
286
108
153
121
95
137
314
123
169
300
141
113
139
166
120
365
17
130
183
101
128
237
129
146
104
145
124
150
50
99
105
114
108
292
132
112
326
133
499
105
170
97
157
138
215
164
173
359
182
326
359
144
132
190
202
106
439
199
147
126
76
147
89
125
156
118
83
128
23
122
111
461
499
33
332
180
17
281
103
32
116
169
105
61
35
97
110
125
182
124
499
107
207
190
184
132
154
226
197
140
386
114
124
177
133
106
152
187
295
469
188
138
131
107
130
163
165
185
152
106
99
499
162
135
299
232
287
470
126
436
499
313
164
111
146
135
107
145
142
75
255
243
302
130
18
144
234
58
499
99
135
499
135
223
148
101
161
284
163
402
174
179
290
195
132
168
126
13
118
53
120
98
414
44
103
37
368
133
499
259
83
124
138
262
102
100
102
184
116
197
131
186
117
172
47
154
105
134
203
133
195
118
107
124
127
117
129
251
142
120
385
219
250
88
95
121
56
98
132
237
314
272
293
367
283
499
311
451
118
79
168
196
129
345
261
286
128
135
122
178
276
100
153
182
394
156
113
48
102
189
130
114
102
27
160
132
100
392
177
59
96
106
124
73
138
108
141
99
121
133
114
188
253
127
377
249
61
382
376
316
188
290
180
221
98
109
399
177
208
298
98
200
316
119
232
124
179
121
99
116
102
201
217
143
219
49
190
59
129
283
121
258
133
118
164
350
60
438
327
63
109
195
151
104
355
499
319
36
160
108
98
