37
16
44
22
26
16
16
12
20
20
23
16
23
24
20
39
12
14
26
12
12
11
14
13
13
19
13
15
11
20
11
19
20
31
11
17
20
15
11
21
49
15
16
18
76
27
12
30
15
17
20
26
27
14
14
11
14
16
10
17
15
12
36
26
27
19
11
66
16
72
19
16
25
64
97
72
37
23
34
70
49
34
51
59
58
69
18
50
33
28
69
59
56
84
75
31
40
32
37
42
44
71
50
25
50
57
69
110
77
66
83
168
36
19
33
54
35
149
43
108
30
85
158
49
95
95
113
100
246
92
256
261
104
32
27
254
331
40
191
187
152
170
71
270
43
199
225
75
179
163
195
219
215
36
54
97
291
276
58
244
126
145
237
223
298
183
489
21
412
244
309
87
249
22
44
25
232
269
409
257
64
238
235
85
285
414
228
500
422
322
409
366
312
203
115
240
243
359
384
26
55
202
226
194
345
96
301
347
266
263
202
190
272
262
267
126
275
157
427
500
369
297
214
41
282
376
220
222
64
109
110
321
268
134
245
277
295
357
255
234
453
243
70
229
264
281
346
76
213
331
302
292
269
183
364
273
393
429
340
283
268
307
272
207
373
277
318
186
280
31
289
189
314
311
490
187
17
129
34
252
120
250
253
283
204
239
98
132
356
84
324
246
413
365
262
477
217
59
118
114
311
271
33
245
85
200
267
177
279
162
271
200
274
191
272
287
16
108
240
366
358
361
128
223
215
139
317
89
364
247
191
296
98
73
123
155
210
195
235
271
307
259
300
278
268
202
261
210
217
190
298
221
338
257
395
285
278
259
83
160
384
224
308
215
324
290
131
205
313
196
274
280
228
383
291
297
61
241
239
297
210
424
308
281
197
358
249
170
317
251
251
305
218
456
306
281
184
243
207
174
356
280
248
229
235
320
194
268
305
194
213
50
227
36
306
283
243
313
251
288
394
209
222
317
274
261
281
245
359
378
56
320
172
264
355
248
302
53
205
208
207
225
230
256
257
167
282
355
197
304
158
339
155
16
225
329
185
68
287
223
348
197
213
205
232
192
167
253
262
169
234
312
169
315
500
397
277
262
340
146
286
136
230
254
314
203
270
293
227
264
191
276
202
262
256
170
326
402
268
110
40
262
26
156
214
183
203
343
198
185
293
256
224
274
184
144
67
271
230
255
216
215
262
224
177
179
223
189
241
188
234
178
213
239
132
209
306
417
223
288
353
486
264
272
248
374
249
195
255
234
246
209
213
72
173
230
214
195
201
226
174
169
201
282
174
304
251
184
218
226
164
284
208
232
233
266
234
310
254
290
324
178
331
65
45
187
421
313
396
166
451
177
217
226
436
252
192
445
259
216
311
117
136
235
133
483
257
462
200
205
453
184
161
180
192
406
305
177
197
218
58
246
205
282
232
136
235
128
11
130
103
194
142
160
229
421
287
190
244
131
136
282
122
241
171
291
371
348
309
56
239
168
165
169
375
195
209
444
291
170
237
133
288
199
177
209
53
186
322
300
221
306
214
226
241
230
182
425
210
181
128
212
214
234
217
62
203
269
185
194
204
228
287
219
191
252
220
200
389
220
264
204
371
186
159
31
369
207
190
268
221
249
299
204
123
127
133
172
155
21
212
157
189
177
143
185
173
175
161
190
261
153
223
157
218
200
244
350
147
217
263
182
116
37
163
200
152
146
133
188
255
257
114
113
164
160
116
170
141
216
304
394
147
144
128
142
213
281
158
195
118
133
145
162
273
130
130
128
210
122
178
181
163
111
260
275
176
115
167
195
145
106
178
130
157
500
273
169
294
318
431
141
307
322
269
208
282
301
239
255
211
130
110
126
236
274
175
144
175
279
229
178
250
397
278
148
118
98
141
158
296
242
161
211
274
354
209
193
161
219
186
388
191
301
153
224
244
368
225
175
187
293
231
133
186
311
156
185
353
191
228
24
399
219
213
159
199
122
192
121
269
318
247
202
239
267
189
214
133
150
172
252
188
170
114
146
480
300
113
154
143
184
156
216
152
154
290
254
241
280
278
169
208
277
278
436
168
154
194
317
214
294
360
249
180
220
185
150
194
259
168
252
211
273
190
215
253
200
215
183
107
156
218
100
423
222
213
155
131
205
174
184
105
166
265
150
164
208
51
180
295
176
173
191
192
182
252
273
271
186
171
146
417
178
201
208
217
213
257
333
228
242
500
315
307
228
256
185
12
234
138
233
198
67
250
109
408
245
158
175
292
255
197
207
185
231
139
237
492
183
