27
15
22
13
17
21
21
11
9
9
16
12
33
11
16
10
40
27
25
23
26
18
14
12
13
18
19
15
11
15
16
11
16
20
49
11
12
11
18
47
10
8
23
10
10
12
10
20
8
16
16
14
24
9
17
29
34
33
18
31
138
28
52
44
15
29
98
59
43
22
87
88
15
37
77
18
112
20
40
71
106
70
43
80
16
78
21
25
40
42
35
157
291
19
73
76
198
172
16
45
155
98
19
101
98
153
103
158
60
240
163
40
20
61
146
33
105
69
15
26
151
88
63
83
61
48
72
84
84
10
83
345
60
31
120
258
82
242
90
54
105
356
331
199
53
213
83
69
358
203
45
118
76
16
36
64
127
57
137
126
51
74
78
412
13
160
62
231
245
169
160
220
180
207
11
194
106
451
184
395
79
226
15
208
98
206
23
499
143
159
45
111
178
150
133
217
73
67
470
81
42
139
129
78
137
160
196
62
28
133
105
94
114
79
194
15
257
209
32
29
131
150
176
39
35
226
134
39
16
138
207
168
118
37
202
130
321
37
49
15
23
134
101
178
18
29
113
79
66
10
166
242
35
50
141
11
66
56
58
32
134
60
64
47
34
26
71
133
35
48
285
45
152
389
143
119
51
13
331
16
45
330
46
81
24
86
30
45
138
12
58
281
29
133
33
27
73
35
76
332
34
30
34
54
121
115
64
61
20
184
57
50
75
128
131
34
102
132
22
17
134
32
107
78
248
147
83
25
37
58
104
161
112
104
53
34
60
76
44
206
28
83
46
58
34
181
32
39
57
133
47
24
55
137
128
229
103
44
29
90
89
76
127
130
40
38
109
206
48
44
231
181
168
183
154
187
108
69
113
140
43
272
115
126
28
220
179
260
202
25
134
41
141
29
254
198
112
125
213
96
392
33
142
143
155
139
163
116
140
154
172
51
128
171
154
76
148
137
119
138
78
158
110
87
137
129
112
108
196
208
25
216
106
115
103
114
235
101
109
257
301
61
165
124
152
27
185
41
240
249
109
105
112
86
85
107
20
121
57
141
133
120
109
109
104
269
103
121
159
118
72
106
78
237
254
302
156
72
237
180
32
43
107
120
121
70
219
129
160
145
25
59
29
111
110
21
185
96
101
122
62
102
96
195
79
122
120
167
116
144
120
176
302
220
109
112
10
140
61
48
114
171
82
161
108
111
159
32
143
110
52
151
255
116
97
122
168
261
117
12
93
39
210
122
240
126
90
122
204
51
94
100
132
133
55
79
59
196
198
98
141
46
148
150
46
158
111
146
204
111
177
191
142
177
136
112
25
146
103
94
123
30
31
112
104
109
129
178
40
68
144
86
155
168
18
102
196
99
111
164
53
170
99
117
135
91
163
96
99
42
17
145
259
217
83
173
64
183
97
150
173
190
126
104
100
115
201
134
125
285
78
93
156
57
105
131
101
113
104
125
170
157
142
118
138
105
117
69
104
122
157
30
156
133
125
49
99
101
88
167
158
20
151
106
173
210
131
117
146
117
156
142
58
128
128
132
93
161
125
115
127
109
107
178
107
143
10
143
92
78
117
152
83
43
129
42
105
120
102
156
19
20
106
177
156
14
111
166
95
208
115
115
160
44
87
101
172
116
134
101
96
91
110
31
218
118
61
10
104
264
86
106
101
88
94
106
187
119
97
161
208
136
214
147
142
85
100
103
45
175
172
29
66
49
109
129
67
78
34
64
53
119
117
102
160
121
116
183
221
91
129
104
113
65
81
90
114
258
278
114
44
105
127
130
196
100
97
108
151
111
114
104
113
234
102
100
226
200
204
100
89
134
262
211
168
108
116
132
272
169
113
154
195
121
126
107
98
108
97
123
13
187
134
105
156
115
101
140
163
114
216
283
194
112
53
118
107
316
121
91
100
315
105
219
103
106
80
53
168
108
96
119
115
355
240
51
61
120
118
131
112
91
40
68
176
32
166
162
275
77
121
94
37
140
182
178
113
190
92
89
110
139
94
21
138
127
95
139
179
186
145
116
129
110
31
157
116
147
297
94
110
54
245
103
163
135
95
207
122
188
120
114
100
130
113
76
224
149
172
104
91
102
101
181
160
100
135
237
181
143
140
71
127
230
82
145
117
149
145
108
92
108
160
151
205
51
130
114
33
22
100
94
181
116
102
123
165
168
150
102
100
142
95
120
111
117
208
106
151
138
163
99
130
120
93
112
117
29
149
351
110
111
135
104
218
142
191
217
217
200
64
18
121
93
101
182
125
191
119
208
