20
10
42
16
15
19
18
16
16
16
54
15
14
43
11
8
11
36
26
10
15
11
22
15
25
25
22
9
14
16
9
18
30
14
15
12
13
46
19
14
21
15
10
23
10
13
19
11
19
11
15
16
18
23
14
19
8
12
12
13
24
22
10
58
85
25
86
36
14
19
55
16
81
12
77
44
56
9
36
25
22
32
34
72
31
16
38
46
26
18
30
22
25
66
40
35
41
25
27
31
45
19
100
23
32
32
31
27
43
46
37
80
43
50
37
105
40
72
42
20
90
110
41
56
52
40
22
82
69
60
69
50
130
62
178
142
123
127
219
441
321
65
66
129
141
16
52
174
115
167
46
115
214
159
25
169
157
69
282
190
83
88
108
192
194
237
10
165
112
100
219
200
229
129
266
181
26
240
170
297
247
250
310
33
128
51
227
232
126
285
73
260
282
168
243
13
88
244
335
207
99
223
260
252
245
242
266
221
178
289
251
284
136
257
289
16
135
215
317
232
282
49
242
239
267
211
259
252
43
316
17
271
276
205
258
287
179
321
213
257
236
283
272
245
294
95
254
350
230
296
364
309
247
360
289
114
238
265
283
296
243
267
271
280
285
263
273
285
257
220
289
276
231
249
246
268
270
285
193
254
276
297
242
262
301
270
234
338
297
254
281
282
288
260
269
253
255
259
255
193
331
275
265
249
218
331
259
288
300
355
236
230
263
317
232
251
91
240
271
252
236
20
274
255
266
303
269
209
297
300
335
263
340
254
287
237
258
299
234
286
251
256
241
240
297
273
274
243
305
251
297
200
249
225
334
306
259
257
240
236
250
216
273
305
242
280
244
228
235
269
207
344
240
221
285
266
140
40
245
221
280
221
262
209
258
287
222
283
257
270
357
285
143
294
260
281
258
61
345
224
269
277
213
15
281
231
254
252
283
252
257
268
144
226
13
261
246
288
203
285
145
266
274
236
257
309
237
284
230
290
211
232
272
265
203
289
205
289
212
268
280
43
195
263
199
246
234
237
217
232
224
198
263
162
235
222
252
241
253
353
247
268
79
271
232
499
235
212
227
261
213
300
262
167
279
218
251
261
210
177
395
195
238
208
260
230
225
319
23
250
319
215
257
168
322
50
247
210
238
223
264
168
285
286
263
292
263
301
296
235
281
313
244
199
373
178
43
144
70
288
325
275
276
204
242
222
259
362
193
265
214
265
259
241
278
454
216
235
298
223
202
262
242
299
50
225
316
219
117
252
240
320
294
265
339
234
273
266
248
191
311
257
296
232
369
247
250
245
262
421
317
352
172
296
293
264
313
121
179
223
245
205
374
335
177
289
218
319
291
263
214
303
311
287
248
369
346
161
215
228
181
178
401
229
299
208
258
195
244
188
313
219
135
64
439
234
275
363
270
468
165
175
181
275
134
352
207
214
398
204
258
290
205
217
189
222
346
172
165
213
232
23
172
189
244
246
176
259
187
324
160
391
207
174
195
174
148
303
223
165
182
448
217
146
160
215
146
140
276
128
176
248
277
84
352
19
321
199
114
183
324
253
250
456
208
189
171
156
438
258
119
197
347
235
271
181
154
178
200
150
195
213
119
153
308
182
276
372
203
190
398
142
163
407
222
178
362
320
202
174
200
194
134
222
126
194
138
239
134
161
185
158
134
133
117
226
156
341
108
116
132
210
134
155
270
264
209
388
203
175
140
201
228
193
191
214
222
153
169
257
194
113
212
262
158
95
170
224
242
141
153
169
118
331
204
236
144
189
166
125
124
136
258
269
107
139
167
293
121
72
16
222
283
220
37
168
111
154
130
207
235
125
152
96
129
217
12
167
331
175
135
123
357
271
120
160
330
191
163
299
96
206
173
198
247
183
175
279
159
118
130
205
260
244
232
199
192
113
192
138
203
126
125
236
204
123
134
118
179
38
178
207
332
167
139
131
115
164
175
248
180
196
118
146
97
232
246
145
141
129
128
145
109
134
148
112
104
286
185
190
239
188
211
140
98
224
129
171
301
279
158
146
187
203
179
153
119
120
100
307
157
153
174
123
131
158
258
277
144
149
132
140
129
209
54
205
135
148
216
170
216
51
120
143
112
144
130
69
195
112
115
145
215
137
218
372
171
170
121
149
264
113
114
125
195
151
154
117
217
131
153
147
146
362
208
116
174
150
239
113
224
254
118
74
186
359
239
139
137
117
140
366
125
194
194
160
191
303
121
129
249
152
119
129
125
122
216
162
149
115
251
152
238
226
111
112
168
148
114
183
