30
26
19
25
30
12
12
14
10
18
14
18
10
14
18
24
14
16
12
24
116
20
19
12
12
18
9
28
21
19
24
18
13
9
15
23
20
14
10
22
36
15
13
56
12
29
47
19
17
13
90
94
133
55
40
26
12
144
27
81
72
31
11
66
52
10
16
44
18
60
30
63
152
94
31
41
15
43
37
26
46
46
13
33
47
126
29
102
21
46
22
17
10
54
14
31
84
38
312
109
12
18
45
86
37
224
150
41
21
14
28
136
262
59
41
241
13
84
19
19
24
53
99
128
45
10
41
19
82
28
56
55
32
87
85
12
48
59
47
158
36
210
47
48
9
139
74
14
175
84
77
48
146
99
166
176
42
192
127
169
46
126
140
51
64
25
36
64
46
162
101
49
338
40
50
286
55
249
43
19
176
10
12
95
44
89
83
160
165
186
152
14
135
163
84
141
404
60
128
82
37
80
275
23
100
69
57
35
95
213
42
178
70
194
27
10
155
115
136
9
115
40
22
140
62
124
32
30
113
72
26
52
103
228
84
71
55
26
13
155
67
88
181
90
138
52
80
337
12
91
67
154
60
35
146
29
49
19
77
60
18
13
213
247
68
32
16
65
66
50
140
28
98
117
133
138
212
117
118
11
11
66
14
25
13
13
43
61
73
123
49
206
77
134
384
12
12
64
12
25
77
172
63
50
103
15
65
146
126
169
149
14
101
31
155
94
141
17
115
103
55
12
20
125
16
46
29
66
120
117
36
157
150
311
191
254
69
145
142
138
27
62
23
85
78
320
33
163
75
44
319
14
32
291
41
11
150
70
238
32
325
97
25
102
184
134
165
105
21
11
151
18
69
307
37
202
142
129
65
12
31
32
11
28
95
27
132
126
84
243
167
12
158
269
33
269
43
35
99
217
43
16
130
97
13
18
43
59
74
28
192
240
112
77
149
177
97
18
193
42
242
180
10
37
94
26
56
11
141
190
56
49
199
187
111
118
47
68
101
133
142
159
31
143
39
119
154
89
96
166
59
110
159
143
114
54
17
26
133
65
128
69
151
113
26
107
105
102
96
14
32
98
98
147
174
115
122
112
122
133
72
81
118
38
128
116
107
10
11
21
146
115
115
117
131
109
88
94
87
119
20
106
129
111
101
113
126
119
10
112
71
50
98
54
95
105
123
120
144
173
156
74
86
16
45
8
37
149
152
46
82
76
118
8
117
47
23
53
21
164
146
24
204
166
98
50
59
138
170
146
129
37
135
49
150
114
33
30
29
89
59
125
109
105
117
135
121
105
118
175
90
136
148
25
190
116
76
133
133
167
80
143
30
138
217
100
215
94
29
16
84
116
46
181
110
92
141
140
143
144
100
205
52
33
54
177
183
136
161
122
44
165
117
104
129
122
140
208
89
179
82
110
118
114
106
116
31
143
129
114
117
124
131
125
121
81
34
190
137
265
235
237
402
157
245
23
19
57
93
139
201
144
149
144
136
162
199
157
142
102
140
126
327
278
146
151
172
126
51
150
68
142
136
197
159
178
223
163
286
171
231
202
247
217
194
241
262
87
274
269
494
104
184
141
125
127
60
156
131
72
105
146
314
227
95
204
171
19
150
90
207
190
248
155
123
213
124
139
188
234
155
38
229
155
499
205
166
69
94
213
151
160
236
307
98
192
144
59
33
11
34
170
247
186
219
172
234
209
135
177
122
124
142
122
92
160
106
184
360
183
74
130
151
137
126
186
182
205
240
485
199
152
151
136
80
111
162
104
216
125
163
202
174
187
131
138
137
136
199
194
158
499
201
226
32
195
241
146
150
143
126
126
117
145
126
142
95
15
166
247
216
122
31
45
131
134
91
105
74
133
143
194
112
204
191
79
185
135
210
105
69
104
147
69
127
11
112
125
104
14
134
114
66
58
103
11
102
15
112
121
126
113
145
114
110
123
104
101
110
89
40
94
206
110
99
96
127
70
27
132
125
349
499
60
178
255
253
213
154
191
200
255
436
213
79
146
133
155
97
149
106
133
135
135
117
102
144
116
103
109
114
138
134
76
112
108
146
138
166
112
119
126
103
149
278
204
152
324
29
149
71
80
14
71
19
17
28
15
19
24
15
11
17
19
11
11
20
66
173
72
105
92
82
125
115
138
124
112
116
116
110
101
373
446
45
175
169
136
151
139
141
146
124
232
112
139
157
169
155
126
132
137
118
114
114
124
108
117
114
214
167
211
151
42
92
151
47
243
222
125
113
112
128
115
161
91
104
130
155
146
