28
17
16
48
37
24
13
18
19
27
15
18
20
30
23
26
29
26
14
12
28
9
12
12
9
23
11
15
21
15
16
15
17
13
19
32
17
11
20
24
9
25
45
24
16
13
16
11
11
13
14
17
22
23
16
29
12
11
52
119
18
17
18
16
11
102
18
13
47
22
20
34
22
83
51
76
20
9
52
99
23
31
90
67
54
42
51
59
71
9
48
33
10
73
13
54
44
38
16
98
42
43
13
66
129
71
26
72
32
22
137
67
36
113
54
70
106
229
108
112
77
50
29
16
99
67
70
141
173
212
164
89
86
28
209
64
91
95
154
108
64
119
300
112
37
30
75
159
132
153
162
47
74
61
118
190
245
24
217
130
139
13
28
371
499
324
19
225
198
378
106
499
19
29
337
239
499
66
196
29
91
192
391
499
65
29
404
105
280
241
367
80
290
15
254
364
29
328
182
294
213
382
106
336
409
375
499
363
499
194
56
407
37
120
273
305
334
313
310
216
34
66
83
87
69
82
343
294
330
342
268
279
44
277
258
163
322
115
283
244
23
264
304
155
220
235
261
245
302
257
306
9
65
303
266
385
499
499
98
443
499
499
499
118
11
499
110
499
168
96
499
499
317
293
149
499
39
499
499
348
36
71
76
124
499
320
377
141
266
451
499
135
421
499
467
122
153
87
263
55
152
30
173
187
140
158
173
140
152
129
132
159
142
64
48
181
184
180
165
176
162
185
165
147
140
101
165
142
141
145
142
169
174
26
211
268
396
163
180
144
108
127
141
127
132
205
161
127
155
99
152
98
149
138
165
166
119
123
137
129
130
109
222
495
268
153
168
144
12
135
162
176
166
171
206
220
248
413
178
146
124
23
104
499
196
191
220
137
169
120
174
113
221
149
129
139
144
127
146
96
202
253
144
209
330
132
311
499
59
11
32
115
162
28
64
160
136
173
184
138
113
103
127
178
140
219
151
151
167
139
137
112
173
142
136
149
149
174
162
328
273
175
290
203
200
337
211
239
392
299
204
230
260
333
381
324
496
286
171
30
16
22
12
40
48
120
154
154
196
167
246
189
180
177
133
141
127
137
16
123
129
130
123
130
134
119
134
127
122
121
113
131
131
125
122
116
118
109
112
119
118
114
119
109
117
106
111
109
117
121
117
110
134
112
106
109
17
27
108
147
176
184
164
156
143
186
232
182
206
221
174
149
180
187
187
126
39
193
275
279
256
158
160
141
133
131
127
12
131
143
124
208
146
170
155
175
170
155
170
153
156
149
146
143
139
134
119
113
122
10
133
41
131
132
134
126
117
134
122
111
117
113
119
129
122
107
134
107
113
122
126
114
110
121
100
118
65
106
99
113
124
113
117
102
126
106
141
125
128
139
120
361
174
144
164
210
307
174
147
163
32
8
110
146
139
170
135
208
155
151
233
194
179
37
126
173
189
160
161
142
141
101
52
114
138
131
119
129
127
132
165
168
123
142
107
37
19
7
8
12
499
164
138
151
152
156
150
131
145
143
133
126
127
148
152
125
124
145
120
114
132
168
126
141
151
138
117
147
129
236
183
118
138
137
125
122
132
141
128
143
124
139
158
180
174
159
168
239
187
353
169
325
222
10
499
329
426
353
259
229
221
260
216
207
208
224
16
24
125
271
425
499
185
255
170
168
184
177
185
180
190
135
141
82
156
165
155
171
151
154
159
143
149
148
157
132
135
141
133
128
134
127
123
124
119
121
109
110
111
112
113
113
25
104
112
115
108
114
106
106
107
107
112
113
111
112
122
116
81
127
129
109
111
110
115
117
119
116
114
114
114
122
116
112
118
125
115
105
119
119
116
119
122
119
120
111
125
123
127
119
125
118
118
127
116
118
137
128
122
142
168
154
171
268
165
183
180
244
278
194
499
43
174
176
264
284
14
499
238
268
403
365
393
153
90
316
109
148
113
119
115
107
109
108
119
102
13
12
46
112
119
122
118
131
147
22
129
122
121
127
143
133
120
132
127
120
127
139
147
132
123
138
126
141
121
143
141
124
122
156
138
151
200
157
178
151
147
224
204
149
105
115
142
11
10
160
143
170
132
138
78
187
364
231
278
226
210
191
135
198
182
192
181
205
178
200
190
180
193
209
193
205
191
331
242
242
214
203
205
220
228
192
192
190
169
208
187
203
190
50
37
9
12
337
316
198
212
216
187
315
229
237
211
209
117
161
151
253
187
184
221
294
205
94
101
203
66
45
21
212
214
311
312
134
88
186
379
499
499
499
