25
17
28
16
18
26
22
32
15
27
25
12
19
26
11
90
27
34
10
18
27
31
33
12
26
14
15
28
11
17
14
30
31
21
10
19
16
20
8
13
14
10
33
19
17
15
14
27
22
15
13
9
20
16
14
11
12
13
15
12
16
12
10
17
19
17
20
19
81
18
13
38
58
18
17
76
39
44
55
29
47
33
80
34
30
15
51
14
12
46
23
27
31
45
27
39
28
29
24
60
52
63
39
43
54
23
45
72
24
34
64
29
68
30
105
16
65
76
97
27
59
53
39
67
61
21
34
19
75
89
113
117
109
51
171
116
239
107
93
38
34
134
107
99
125
44
90
190
93
94
116
86
68
37
29
44
28
145
239
143
19
210
185
118
59
91
257
167
206
157
59
104
214
217
404
65
139
225
251
210
233
295
70
176
164
221
307
367
265
205
411
239
290
351
263
75
183
318
250
291
406
256
296
329
335
253
284
239
367
335
245
43
339
359
250
149
415
367
281
231
239
313
256
237
409
224
245
358
259
82
398
437
84
259
105
233
292
141
32
355
218
239
264
217
249
309
220
404
202
500
197
137
364
259
334
330
178
302
273
370
292
296
271
244
297
332
272
296
282
65
282
315
284
258
338
272
398
409
294
495
309
319
376
265
348
410
195
320
279
315
272
348
266
272
267
252
308
237
269
320
269
500
325
500
335
424
290
258
338
378
304
455
255
500
500
500
298
355
364
323
336
259
247
500
368
308
364
262
218
245
342
300
153
388
327
255
335
285
206
367
259
422
264
283
415
295
299
500
331
264
295
342
313
269
323
297
474
273
472
268
246
422
222
315
281
271
339
251
176
379
274
318
286
285
275
409
280
337
308
280
298
500
477
340
253
232
285
283
387
348
372
354
444
356
391
376
337
250
265
486
365
269
348
333
368
378
263
290
500
379
320
364
306
259
284
273
335
289
500
470
235
276
368
288
298
389
306
269
361
249
267
388
406
436
280
395
293
217
301
340
500
273
317
266
200
415
247
350
223
250
500
210
500
226
330
355
273
278
270
286
257
346
243
336
233
268
202
345
245
265
395
278
324
500
236
309
218
238
292
350
358
218
237
379
307
290
254
276
500
252
193
186
206
361
311
236
192
137
417
229
196
452
294
193
241
198
197
326
164
174
425
229
406
259
271
312
293
168
242
233
312
239
314
346
229
232
476
85
188
149
185
91
171
233
287
242
264
187
179
500
244
296
244
178
160
319
177
334
126
229
253
198
164
141
104
208
224
250
362
274
172
290
471
178
242
230
269
226
284
191
160
189
323
316
127
299
152
133
134
218
235
161
188
217
373
198
271
220
236
216
132
201
283
235
166
210
184
260
164
270
235
239
186
192
207
277
169
140
164
161
334
246
234
168
193
143
152
180
136
138
108
139
185
260
224
118
327
364
230
163
168
134
293
225
157
167
287
127
171
115
106
142
182
210
207
112
148
225
273
173
180
115
217
171
291
307
122
122
186
186
142
211
163
141
199
204
148
142
109
145
301
143
187
141
206
299
146
152
255
124
166
271
266
51
114
319
168
200
378
132
98
125
104
141
177
122
220
174
125
122
124
152
147
170
235
280
145
139
108
115
33
194
121
125
141
164
194
360
190
164
110
123
252
209
132
203
88
103
139
176
194
138
264
101
133
183
262
98
111
118
142
315
172
97
164
100
167
99
170
152
117
47
164
160
101
190
206
134
178
89
184
334
111
140
256
308
192
23
264
220
269
140
201
189
204
127
136
172
260
360
169
103
122
244
298
130
100
175
94
27
99
100
117
146
103
159
180
137
101
32
96
228
285
282
322
225
312
237
267
275
165
216
166
93
151
96
94
116
302
101
107
211
157
184
169
177
208
239
191
114
344
121
156
194
274
234
175
164
287
179
124
180
298
93
184
291
96
195
84
164
174
135
165
205
285
232
188
141
194
46
101
124
160
124
70
131
500
224
62
223
168
196
219
437
157
204
209
114
222
202
122
156
137
347
184
228
288
240
132
114
365
102
192
131
268
271
189
103
154
176
264
286
178
211
150
253
444
162
162
161
146
140
124
151
92
292
123
223
157
144
257
132
142
199
170
112
168
298
177
147
164
127
112
117
192
199
239
158
129
252
142
135
105
121
301
157
300
194
198
200
131
114
180
177
143
390
168
127
99
206
167
148
81
133
173
180
104
112
279
269
241
254
166
180
266
164
216
214
201
195
217
361
304
262
135
131
113
149
218
105
254
142
320
217
143
208
126
113
114
97
