33
22
49
30
10
14
21
15
44
21
20
106
12
29
18
10
18
19
14
16
29
15
11
12
21
19
17
10
14
12
16
14
14
26
12
16
14
18
21
25
14
18
21
13
17
13
12
14
21
12
18
31
17
12
22
12
15
21
15
15
19
12
10
10
17
20
11
14
68
21
19
23
82
48
29
62
42
23
50
34
74
26
71
12
31
55
38
56
30
26
31
19
73
47
51
70
53
39
16
72
14
35
44
52
96
36
100
56
119
30
46
93
19
27
50
99
42
13
63
61
45
132
21
36
139
53
78
84
69
29
113
12
195
138
80
174
89
132
15
146
151
26
246
59
100
136
115
66
217
182
72
91
51
93
16
173
278
94
137
130
154
114
127
203
300
115
174
384
123
135
193
153
257
142
226
13
106
105
242
89
81
141
231
168
270
214
64
107
428
72
202
241
138
209
315
63
240
220
82
236
70
447
272
240
31
281
290
276
410
201
326
270
268
258
155
208
123
240
257
204
108
231
124
117
186
207
231
244
200
219
257
255
256
196
226
256
248
178
226
203
226
291
219
218
219
203
41
263
96
26
27
205
298
209
209
217
335
251
184
205
219
165
196
220
237
206
184
384
280
157
301
260
189
180
489
239
217
152
156
234
178
206
223
230
144
191
235
240
198
202
270
199
275
172
191
179
177
220
342
246
220
238
247
137
220
230
239
242
247
192
185
199
178
215
159
202
203
246
195
208
221
172
215
85
223
315
214
189
207
257
243
52
53
211
204
200
189
229
203
265
211
206
236
271
307
407
188
188
188
138
211
215
202
214
201
183
199
207
232
217
226
212
202
178
184
232
306
208
211
207
185
215
119
175
167
309
235
174
182
207
222
153
206
226
172
177
223
221
237
197
97
240
319
204
249
247
181
235
196
176
227
208
203
206
209
165
219
191
144
187
271
381
188
199
312
192
217
202
412
180
199
193
201
204
279
188
172
179
212
199
214
211
200
269
356
176
226
317
190
254
162
252
268
472
186
211
367
280
176
280
180
206
237
180
191
209
157
197
179
221
192
268
229
190
240
200
209
200
251
230
179
191
209
166
242
288
202
39
206
278
192
211
196
388
313
39
170
201
219
238
267
215
236
195
215
214
249
230
224
225
430
173
97
233
182
259
22
199
220
171
136
170
66
89
185
80
246
256
223
192
191
273
191
323
213
345
199
244
205
263
192
336
168
236
351
194
217
239
310
45
200
39
268
241
187
183
216
230
220
191
177
199
459
189
166
333
291
270
182
167
227
267
217
310
291
165
199
212
170
230
172
234
196
185
171
212
221
196
143
174
208
57
407
303
169
195
202
203
175
222
184
221
158
238
184
214
201
220
181
186
173
312
160
183
264
218
251
200
267
256
144
180
209
217
375
231
196
215
192
203
212
229
208
265
194
153
164
181
182
219
239
161
254
248
215
264
206
153
183
222
319
359
397
228
298
295
164
141
234
182
133
235
135
130
166
149
126
143
168
222
215
122
146
148
211
199
138
169
235
177
145
214
165
122
195
167
187
331
153
200
140
205
130
192
203
213
126
138
181
118
182
148
156
167
125
184
266
136
33
172
208
157
126
177
114
249
192
274
210
204
214
179
160
122
127
156
149
133
138
229
166
130
247
147
218
224
152
138
201
131
220
174
131
132
120
140
122
223
147
138
148
113
136
100
218
139
205
122
146
203
185
157
159
151
177
145
152
112
283
117
181
129
113
170
144
108
140
161
196
156
128
174
193
123
172
272
207
155
180
180
208
142
184
168
238
219
152
109
174
130
147
136
168
204
198
195
149
242
137
337
181
148
187
231
142
203
192
186
126
172
196
152
260
227
168
141
204
156
165
237
165
109
158
250
96
201
189
179
172
125
114
135
120
203
172
162
130
164
250
167
145
150
178
253
169
240
199
209
199
238
168
328
276
209
205
151
224
219
203
81
187
83
110
132
211
161
110
151
112
152
182
172
143
137
237
248
194
180
133
140
306
207
224
236
23
212
293
230
235
225
190
255
134
185
268
167
274
313
230
256
37
138
83
141
204
161
146
190
268
136
216
175
281
133
248
164
62
162
181
352
166
148
256
232
181
269
142
178
242
234
167
196
181
153
144
203
201
193
182
216
165
184
251
234
164
205
175
198
468
214
171
290
169
208
159
209
213
142
171
157
156
248
249
118
410
198
144
173
247
126
201
182
193
250
152
232
175
177
184
159
239
281
282
178
149
108
137
250
87
169
185
146
204
274
255
247
176
193
222
158
