28
23
29
17
17
28
14
9
24
19
43
18
28
16
10
12
20
30
18
12
13
10
19
21
16
17
37
13
19
28
24
30
13
54
13
18
13
16
12
19
11
11
8
38
18
39
32
32
36
26
11
43
90
27
70
46
16
40
85
14
54
115
13
95
67
22
25
86
14
25
33
12
26
36
43
37
73
77
116
9
67
29
12
29
117
105
62
28
141
73
37
22
12
22
14
141
49
31
43
27
97
141
116
87
55
37
46
87
51
179
26
13
234
13
155
178
28
103
41
159
71
31
150
59
54
20
49
14
252
165
44
31
96
41
26
42
98
372
31
50
37
54
12
182
32
78
116
76
162
110
132
257
30
178
91
113
101
42
164
27
74
342
238
26
74
49
121
160
207
112
117
175
113
322
499
70
152
68
425
499
283
149
438
340
25
71
307
89
215
46
71
58
118
73
206
26
38
46
141
259
98
100
94
51
44
13
160
234
137
64
78
44
13
50
334
135
29
20
24
59
29
28
94
27
18
259
161
29
14
11
247
94
35
50
17
34
90
29
61
109
375
101
72
48
53
30
82
158
59
62
37
22
39
14
99
83
51
13
186
24
12
27
230
24
118
78
107
51
101
28
19
12
108
80
18
17
15
33
253
138
70
304
204
115
19
42
72
52
24
177
66
146
95
27
165
62
16
88
46
446
89
55
65
41
54
56
41
10
149
387
79
14
31
75
107
46
100
35
108
108
65
31
37
112
28
41
115
132
28
11
146
92
46
77
304
145
110
184
140
63
48
30
51
32
42
27
153
220
65
52
10
69
75
11
48
127
161
499
35
90
26
98
64
13
80
33
43
124
54
79
115
55
102
161
28
99
143
91
109
13
99
127
113
117
286
29
93
192
106
89
107
106
48
66
9
101
121
32
64
95
174
99
14
152
116
99
105
24
28
110
11
173
76
111
90
13
13
178
129
35
97
20
95
97
46
104
106
61
11
95
55
104
138
113
63
69
40
110
58
234
47
106
117
56
21
127
115
41
179
161
121
156
142
124
137
202
249
16
104
42
90
15
23
140
58
107
184
72
106
140
177
194
104
104
398
75
27
151
148
98
96
246
118
11
125
184
23
129
103
135
229
105
128
371
52
109
31
36
122
115
234
275
15
117
135
121
102
81
192
150
182
175
201
68
95
34
167
217
173
113
111
302
47
217
137
120
28
217
123
108
101
330
124
113
99
52
181
140
54
110
97
67
109
137
89
93
107
111
98
157
16
53
118
155
162
120
67
25
97
115
103
221
58
110
10
194
119
89
30
104
118
108
36
164
159
140
103
109
44
159
54
125
174
130
133
110
99
114
143
133
156
100
144
100
126
230
199
51
125
198
194
106
143
76
121
76
13
14
106
101
96
146
152
111
49
124
109
181
117
68
122
205
49
102
178
243
78
104
277
120
122
114
171
158
92
110
140
242
151
229
188
134
174
113
281
14
246
222
114
153
142
130
192
34
91
138
101
105
107
107
47
101
152
174
151
144
201
70
151
91
117
103
95
140
121
127
183
141
75
117
182
387
253
109
252
136
107
158
200
144
25
106
104
171
185
121
96
97
111
208
90
96
106
122
111
97
123
88
107
188
44
109
103
171
147
202
60
146
87
79
111
147
209
253
60
426
189
152
79
165
19
207
190
103
129
182
184
89
53
96
122
139
111
125
127
11
265
195
222
149
116
284
162
122
205
372
112
256
120
317
108
222
214
110
88
106
100
119
66
114
188
134
360
182
184
68
40
77
11
181
105
102
96
95
117
112
291
119
19
94
129
122
143
141
307
158
96
100
130
114
401
61
149
103
113
264
102
254
101
91
95
63
146
136
126
169
76
117
108
155
212
104
138
99
103
259
221
110
93
127
203
165
168
131
164
239
67
129
111
157
114
225
265
161
191
116
129
110
115
113
124
93
180
49
96
115
19
117
36
63
230
131
136
112
70
245
125
97
191
97
122
116
186
239
101
38
37
211
58
100
77
138
24
59
15
98
86
194
110
106
90
237
499
120
320
148
125
102
104
119
129
10
128
163
121
109
176
171
159
112
109
206
238
122
236
177
98
211
231
106
174
203
177
142
114
399
161
150
117
93
131
137
104
16
64
27
141
150
108
96
77
117
162
75
95
139
32
262
99
314
103
126
286
125
126
123
119
15
166
141
78
146
131
134
136
120
182
35
124
101
306
113
25
115
105
46
120
97
60
45
100
138
114
144
76
147
129
48
110
58
160
101
161
58
23
84
85
22
22
175
