32
25
23
27
14
23
21
14
11
13
25
16
14
14
22
14
16
36
27
11
41
11
18
20
12
18
16
25
24
15
15
24
27
15
14
14
10
12
13
20
20
19
9
27
11
23
25
13
35
16
13
23
11
20
14
15
58
81
59
41
44
32
25
38
19
20
60
71
80
20
106
80
100
18
66
81
54
80
71
16
68
17
85
23
24
131
20
60
37
119
70
56
81
120
14
37
44
46
47
35
69
68
151
42
17
63
50
111
65
137
104
84
228
65
38
67
32
127
122
198
121
71
51
28
106
17
90
178
45
42
22
58
98
127
137
18
58
154
227
282
20
125
75
178
87
106
128
39
72
128
127
46
147
290
199
24
190
69
28
46
174
252
209
161
121
80
124
53
143
50
199
147
12
197
33
200
23
326
202
77
91
289
228
219
202
36
290
63
218
199
242
16
211
166
153
273
81
281
308
20
257
249
81
279
105
457
97
265
258
242
157
171
16
260
198
20
212
224
205
354
37
95
238
55
157
15
51
134
371
52
176
147
16
152
174
147
236
194
161
205
168
165
115
87
15
194
204
251
66
30
192
26
201
134
17
59
154
42
36
63
156
117
155
164
37
26
187
121
150
62
13
146
163
148
39
173
15
66
178
147
51
189
13
25
24
146
92
74
25
184
22
158
41
138
60
176
119
96
56
15
71
72
182
134
148
93
25
89
12
124
20
34
48
315
14
124
133
88
201
17
70
245
145
34
136
17
29
104
164
121
77
34
28
235
110
102
61
182
90
82
66
42
87
50
75
22
48
183
133
63
19
140
48
148
75
153
28
12
79
41
164
117
28
54
30
65
258
125
212
23
145
37
88
82
58
36
178
52
51
44
46
177
148
55
301
176
63
147
291
153
47
42
290
89
224
201
187
145
125
104
30
39
136
28
163
31
39
137
120
24
50
137
59
33
46
145
16
22
128
90
110
40
128
283
29
86
114
139
24
113
107
35
66
65
205
108
145
83
225
115
29
350
245
125
160
223
217
95
137
146
78
55
161
141
37
71
250
109
133
14
40
26
144
140
118
114
173
169
68
99
103
50
128
39
103
139
286
142
111
144
109
47
152
135
230
26
146
80
275
15
148
109
158
187
71
28
196
78
149
181
24
17
107
39
58
186
117
262
359
33
90
110
129
142
114
11
146
306
120
127
162
108
255
39
135
224
84
73
103
142
165
54
116
54
140
116
216
28
36
207
111
118
28
113
104
29
119
141
168
114
99
134
10
128
142
118
439
100
124
90
15
98
40
315
149
104
168
53
142
44
190
222
147
108
111
180
114
136
47
194
98
110
128
52
59
176
112
127
126
89
341
145
113
201
200
279
167
247
110
110
150
102
97
232
216
228
133
127
164
113
384
146
261
136
236
477
265
26
94
214
119
114
228
135
147
132
220
127
130
245
142
176
105
268
161
180
134
112
191
121
106
112
114
110
146
99
497
107
123
32
47
124
97
138
126
100
125
98
129
160
191
161
177
127
142
26
154
172
263
164
171
267
213
110
142
49
140
261
135
244
120
145
111
140
210
242
151
139
110
53
104
173
127
120
195
235
148
244
124
193
109
149
156
185
362
131
133
161
328
220
355
82
110
35
85
82
170
171
139
162
272
79
500
236
173
148
103
224
30
133
105
89
238
178
142
141
194
136
164
248
186
183
398
161
171
183
162
289
326
112
112
107
130
276
303
267
196
125
221
187
312
239
25
310
228
368
285
105
204
107
440
186
232
32
372
142
500
197
110
190
500
437
110
26
238
123
126
111
289
137
136
138
156
166
174
354
158
102
469
252
195
134
105
102
379
222
398
127
159
118
449
123
117
108
170
250
472
123
88
200
369
167
131
202
212
183
206
201
277
237
104
114
112
373
135
102
165
96
112
146
115
100
119
24
112
13
428
158
161
233
123
121
309
245
119
162
316
259
225
271
336
153
238
126
124
115
91
117
98
491
170
126
253
364
435
133
218
111
291
228
204
110
118
107
127
175
156
144
125
228
96
100
114
258
115
153
118
109
83
114
171
102
39
274
297
119
186
372
327
500
116
173
135
138
109
213
139
178
198
100
102
336
346
244
103
100
189
165
124
190
180
173
169
124
197
250
167
236
114
50
39
180
133
165
367
12
436
112
115
176
114
114
142
279
128
249
235
138
122
125
155
138
184
100
125
131
123
111
163
427
136
197
109
124
205
204
350
109
198
291
110
229
128
202
340
119
268
307
122
203
136
162
277
114
191
125
230
259
351
103
