22
13
11
22
27
31
17
15
16
12
23
16
28
14
29
32
23
24
24
17
9
25
8
25
18
10
26
11
10
15
11
17
31
11
11
17
11
19
45
15
13
43
12
17
9
12
25
15
28
19
35
19
17
11
10
16
15
10
18
12
16
16
13
9
12
11
13
9
35
22
21
53
13
19
46
15
29
59
20
31
21
12
87
62
63
14
32
38
23
35
67
23
29
43
36
98
22
99
61
9
26
7
57
83
41
60
11
36
99
89
22
66
113
46
94
70
76
15
39
21
66
53
38
88
74
42
47
116
77
161
256
28
85
189
131
50
73
130
132
46
173
20
31
278
87
140
227
50
48
17
141
170
120
56
15
207
276
16
241
236
334
137
380
335
276
135
165
246
327
441
67
93
194
16
20
98
70
416
124
337
54
185
270
278
154
54
252
107
269
165
136
250
302
372
447
259
363
271
179
240
347
288
101
274
221
67
283
279
320
22
244
208
335
212
311
77
159
255
223
291
310
96
219
73
136
131
231
314
301
230
230
219
366
499
245
285
229
117
308
366
264
280
179
327
269
203
339
310
159
290
214
264
223
327
166
172
170
336
494
260
276
237
387
323
242
218
248
466
217
269
258
279
241
278
278
217
304
280
250
245
327
32
251
254
350
243
427
222
146
283
304
92
243
247
259
386
228
294
227
351
414
310
207
344
276
240
334
192
242
262
216
279
213
227
261
219
65
229
437
388
242
248
212
317
224
499
291
232
107
238
247
304
274
207
33
260
264
337
294
415
316
88
268
204
290
249
271
106
71
289
211
236
499
250
204
299
259
368
325
275
288
219
242
182
289
258
305
216
366
281
225
274
313
244
242
368
338
464
219
258
499
214
231
259
211
409
215
330
271
415
216
260
242
231
257
227
277
423
283
314
304
248
302
271
288
239
321
284
323
236
214
366
255
223
237
363
271
270
318
435
252
322
219
245
487
281
398
456
369
385
272
296
301
292
171
230
367
197
275
191
349
240
322
312
311
251
264
314
266
38
288
226
212
247
219
267
296
410
191
443
179
32
473
211
242
270
238
334
265
314
255
356
352
274
246
363
353
27
311
440
394
288
245
285
255
384
208
248
338
437
211
242
262
281
273
298
388
304
152
112
142
263
348
278
338
238
280
285
281
259
220
397
243
499
370
393
235
243
275
288
186
259
303
45
27
215
189
253
283
284
323
257
269
380
288
173
220
499
116
338
468
386
54
354
241
293
74
208
277
351
393
233
288
261
412
457
278
332
316
451
130
206
162
334
299
272
283
271
325
246
187
287
233
211
102
211
324
198
280
222
172
379
260
203
273
287
202
223
336
264
250
257
243
267
199
297
251
95
284
149
45
236
278
384
295
189
73
183
213
268
313
183
235
263
204
25
234
190
258
499
207
199
432
254
324
344
253
248
309
304
80
253
218
195
249
238
278
17
265
194
466
291
305
200
264
59
293
268
218
270
225
206
190
294
343
258
312
221
160
247
269
231
328
148
421
229
499
229
287
196
242
138
281
197
24
204
322
203
443
194
222
150
245
217
182
394
185
274
366
170
160
166
296
317
163
233
171
123
173
374
177
227
353
192
166
220
200
206
385
166
282
248
381
234
268
499
152
181
410
237
418
196
190
223
195
305
229
402
43
444
154
432
295
215
141
186
220
246
242
266
468
233
174
311
153
347
196
201
317
268
246
173
242
115
216
228
306
212
138
143
302
153
443
153
75
186
491
185
192
248
229
183
182
223
28
268
147
137
305
441
344
319
241
244
214
212
184
177
216
207
271
285
183
147
245
162
217
109
124
205
386
298
225
170
262
493
215
237
214
180
128
172
314
210
222
254
205
161
167
296
169
296
361
235
148
196
185
168
258
216
152
69
424
488
290
258
170
179
487
146
196
173
40
276
165
164
285
203
143
310
236
124
399
263
138
184
148
181
281
210
236
177
119
125
151
263
160
182
137
63
42
178
192
148
192
136
211
173
269
186
198
72
152
146
193
298
450
235
213
297
11
242
169
221
190
329
157
247
286
283
144
164
300
269
182
72
166
217
210
144
163
203
131
147
145
139
439
217
235
254
143
265
194
347
266
123
320
172
128
239
179
155
319
187
164
205
154
325
87
164
183
221
148
406
180
187
136
153
277
215
321
155
208
222
121
356
339
272
36
309
499
209
405
221
52
112
53
297
116
203
30
160
169
74
116
297
499
146
178
161
177
155
191
41
19
121
150
208
154
60
257
142
174
151
204
241
220
56
330
204
