22
13
12
52
63
42
25
10
10
15
13
25
14
16
43
20
13
19
9
23
23
24
13
12
26
13
17
20
14
17
9
15
12
21
15
28
16
23
16
10
14
31
44
51
30
22
42
21
71
43
32
20
33
48
26
29
32
25
49
22
14
40
60
60
14
44
25
18
82
22
87
39
31
46
56
36
48
46
59
62
102
18
82
11
12
36
181
99
32
46
259
47
46
82
76
47
151
38
57
111
138
22
69
89
43
40
126
52
34
96
90
90
86
23
68
22
50
21
95
163
22
85
8
15
10
57
37
30
34
17
16
22
13
20
41
57
20
52
26
62
28
24
23
78
43
102
53
132
22
82
26
70
62
125
32
32
134
99
102
15
136
130
93
79
297
173
124
61
144
129
179
109
124
157
142
166
86
162
82
199
271
23
162
100
41
31
121
120
186
19
146
96
52
39
92
224
29
182
132
173
181
109
171
162
231
171
106
52
163
131
50
128
94
134
40
185
183
32
183
161
35
35
168
223
226
312
58
234
80
114
24
29
24
58
95
175
32
176
94
63
199
102
79
68
26
117
118
50
35
16
119
145
161
173
115
138
116
181
75
35
101
139
157
62
63
119
226
50
149
60
340
499
82
321
122
114
120
130
117
120
46
109
23
93
28
104
12
110
104
127
116
207
141
71
26
110
24
80
162
179
439
160
96
164
257
41
77
130
117
258
110
43
16
146
116
119
23
139
89
110
212
68
152
112
101
142
154
159
147
78
58
295
39
43
25
14
118
141
79
107
127
119
198
153
64
36
12
24
155
173
209
180
104
73
85
105
110
16
34
14
190
499
35
112
320
36
11
60
57
73
68
63
107
153
332
345
147
112
37
95
67
106
195
99
21
143
143
120
113
131
109
49
93
108
60
11
89
64
36
49
125
73
39
91
133
118
74
108
111
160
109
72
55
66
90
47
131
315
105
119
151
110
89
30
74
84
70
123
19
12
130
105
99
79
58
140
105
106
133
143
102
88
80
38
114
21
101
100
96
138
124
113
128
79
177
141
191
154
126
77
21
61
85
165
126
39
181
158
93
114
153
213
87
77
228
209
78
83
212
130
44
17
19
22
103
31
116
103
111
138
25
28
115
106
113
25
79
57
192
9
104
34
73
95
158
62
81
168
146
44
148
15
184
46
11
58
37
164
116
105
96
158
117
221
124
21
122
180
26
67
74
120
13
119
58
131
346
113
176
173
105
242
65
137
128
28
118
160
144
133
62
117
159
154
47
134
165
118
102
12
90
248
53
68
13
159
25
103
52
72
290
386
160
88
132
120
116
54
107
71
90
217
131
36
41
12
107
156
120
117
114
133
132
127
88
103
100
80
155
28
89
113
97
91
105
74
146
70
15
9
39
100
173
120
96
70
30
60
112
45
21
54
78
153
129
138
104
125
103
145
93
140
10
13
84
70
80
37
122
96
97
112
111
121
146
117
172
123
39
74
36
38
73
24
117
130
123
165
215
92
78
247
34
130
407
129
120
173
19
123
14
26
25
21
20
104
12
104
25
129
166
143
139
97
218
140
209
30
107
204
258
302
208
122
48
96
241
96
89
90
133
274
123
190
103
168
112
58
118
139
142
121
33
176
192
120
174
85
165
141
134
135
141
118
141
142
154
204
145
149
92
219
141
141
95
135
158
63
108
263
201
97
74
373
223
222
141
135
95
47
41
94
99
123
80
46
92
112
96
101
106
99
12
45
43
107
56
108
102
126
27
72
125
152
169
206
174
172
158
143
75
140
94
116
175
156
146
135
21
88
103
171
140
108
82
84
124
120
125
112
147
140
156
10
21
79
31
49
81
105
103
79
83
142
125
16
336
110
108
111
20
109
142
118
95
16
13
126
101
98
101
12
140
126
85
124
64
17
72
64
88
93
79
82
73
142
222
145
168
55
148
193
233
164
253
41
175
13
199
316
17
79
127
41
18
259
96
290
210
192
106
385
262
110
50
91
18
84
133
135
124
233
298
163
86
138
114
138
73
106
198
119
14
98
64
83
23
136
26
36
37
79
197
37
59
29
15
35
16
44
90
122
43
128
291
149
104
355
69
64
112
32
140
114
273
139
146
100
192
155
177
126
75
196
175
477
254
276
209
116
81
25
55
216
215
165
90
121
49
120
91
86
88
84
88
58
101
115
64
69
72
47
101
18
135
108
81
117
56
189
177
53
144
89
80
83
94
33
194
68
57
20
99
78
129
11
57
27
13
17
13
12
73
14
13
14
19
14
13
10
