21
9
67
24
32
14
27
29
25
13
22
28
36
17
41
11
17
12
12
20
41
14
28
12
14
24
16
22
8
15
22
15
13
13
13
17
23
20
21
20
13
21
15
44
46
25
21
12
44
147
17
56
89
18
13
13
51
41
17
13
89
16
79
83
77
32
18
13
38
20
47
11
51
24
89
47
72
109
40
55
89
11
32
72
76
73
112
40
136
31
29
31
75
22
39
136
61
201
54
164
85
115
142
74
55
51
103
180
139
139
118
126
19
121
46
23
23
144
60
69
18
55
23
112
214
81
191
89
40
189
36
88
154
52
65
92
142
88
72
55
157
175
136
19
82
19
278
124
118
61
103
66
158
18
252
25
147
208
23
91
181
72
242
22
187
68
42
128
78
108
17
148
57
240
195
175
255
55
205
95
186
41
108
281
141
201
127
120
219
140
40
222
184
205
35
53
152
67
170
47
18
214
20
157
131
139
32
101
25
142
87
140
189
142
26
14
94
55
27
149
24
48
154
147
146
17
46
67
33
13
16
60
56
72
136
139
64
89
13
42
16
34
132
105
82
140
178
24
25
116
85
65
167
123
108
22
19
120
140
104
43
98
157
136
90
51
94
14
13
22
50
212
114
139
92
20
16
14
79
75
109
68
73
13
154
38
70
74
96
62
51
136
32
11
32
69
123
130
190
116
36
63
60
34
48
37
36
135
55
151
38
14
61
213
158
88
10
63
105
60
143
147
40
34
88
88
64
45
47
32
20
101
124
79
52
41
91
115
133
114
66
113
126
16
103
143
25
39
60
22
66
105
33
122
43
153
197
14
50
113
19
115
20
12
12
157
91
38
14
106
139
62
105
153
104
79
116
151
130
32
144
135
41
18
149
104
95
12
135
139
122
23
134
138
142
106
36
106
30
107
69
162
203
177
192
191
117
103
129
170
142
100
167
100
117
26
225
110
95
216
38
123
35
14
102
311
105
90
467
106
228
154
104
107
103
80
123
65
103
108
52
102
262
103
249
27
107
157
116
29
71
110
109
83
46
298
267
99
95
111
107
168
42
162
143
14
180
106
103
13
98
88
33
59
227
47
285
226
59
212
98
159
228
229
58
99
52
216
117
29
93
97
70
98
93
122
21
21
119
192
154
118
182
133
58
48
36
106
48
94
106
216
34
10
141
118
103
126
93
106
111
159
98
87
217
113
65
99
105
85
152
116
103
86
127
107
31
167
138
112
183
96
160
88
242
214
70
94
131
199
134
145
103
151
29
202
91
56
114
107
137
88
95
259
115
61
164
87
88
107
72
86
333
106
58
110
266
47
113
119
266
183
167
109
44
60
130
121
92
207
133
145
134
133
268
116
48
139
228
54
188
154
89
185
173
92
100
192
101
362
211
67
44
152
134
91
129
183
104
141
219
205
94
159
84
52
93
85
176
317
33
99
124
57
61
151
213
187
118
145
187
207
133
188
72
167
106
72
136
106
156
274
192
220
127
97
217
97
45
59
194
145
107
176
126
102
166
126
167
153
133
122
96
114
137
267
125
131
179
107
37
161
54
26
12
94
131
94
209
122
77
169
161
121
168
160
110
216
146
100
319
136
119
155
228
102
71
194
40
116
15
101
117
348
151
205
180
155
120
116
42
49
177
136
100
131
152
102
59
130
114
164
48
179
110
187
105
225
131
101
156
146
110
123
159
55
143
118
85
54
155
63
135
127
230
179
295
130
95
114
11
235
116
47
149
20
46
27
126
226
105
163
101
106
150
124
112
28
148
111
88
203
107
62
106
395
147
194
124
149
161
127
35
365
181
218
141
130
66
133
232
113
130
118
123
152
180
100
209
121
162
80
54
363
112
496
253
103
62
136
162
182
256
497
89
133
128
109
226
265
113
115
153
147
127
51
143
112
178
102
152
330
184
138
300
110
39
203
177
123
94
164
101
114
159
18
324
125
94
61
141
170
127
102
129
334
228
157
204
102
53
46
119
126
173
119
120
500
43
105
141
60
141
155
110
109
112
178
42
120
134
138
180
131
318
374
70
131
132
119
158
111
122
86
457
117
106
110
119
183
107
141
125
51
162
118
168
84
139
168
141
500
295
103
151
108
113
19
126
104
40
197
92
100
109
121
155
93
155
222
152
253
134
452
39
186
120
207
126
37
152
125
99
136
102
96
111
144
110
145
131
113
94
101
108
102
154
108
389
139
134
239
141
147
225
135
500
268
126
132
159
39
162
191
140
143
393
113
151
182
122
62
87
115
187
223
127
500
397
208
