30
41
16
15
22
17
18
24
13
19
12
25
13
12
14
21
26
11
25
12
11
42
12
9
21
26
17
25
25
14
13
31
31
12
21
14
17
12
22
18
13
9
14
13
11
11
20
21
15
17
15
14
35
16
18
59
37
57
46
82
68
38
46
20
35
25
74
58
19
39
76
37
59
24
38
39
15
49
37
20
19
14
21
33
18
32
52
65
22
70
39
51
13
57
34
36
35
36
46
54
44
32
78
116
47
82
49
70
60
20
41
72
107
69
45
28
35
57
65
77
31
195
9
63
34
133
77
97
130
79
109
90
229
96
107
120
134
142
127
111
134
59
146
100
61
291
94
78
99
120
64
240
171
99
63
224
227
107
215
148
187
249
44
161
203
161
283
315
13
221
18
48
129
124
80
145
239
82
343
244
234
155
170
252
18
342
260
338
202
340
373
295
205
249
287
212
221
234
250
322
267
284
315
264
247
406
241
231
346
218
203
263
191
288
93
202
262
271
241
265
190
263
217
215
236
201
99
328
242
236
300
178
204
207
201
141
192
304
308
198
264
285
301
200
179
259
23
243
192
157
207
267
18
254
164
199
288
46
455
256
154
275
322
134
251
190
255
269
337
36
34
278
257
184
190
200
276
333
228
199
197
266
341
238
198
205
290
500
205
253
332
231
65
222
197
214
275
202
181
209
205
166
160
191
180
157
202
187
191
234
214
159
188
188
176
206
171
194
79
180
131
150
241
232
137
166
178
200
211
193
174
290
106
135
213
282
181
252
205
215
60
227
210
200
236
243
44
236
206
273
202
248
212
218
237
159
179
261
320
171
226
184
177
182
301
171
194
47
217
162
229
199
183
228
218
169
204
259
314
193
351
259
193
236
228
176
235
201
500
217
178
175
256
187
231
224
187
396
200
215
212
241
238
235
268
218
273
202
252
184
243
168
179
199
171
216
189
222
168
195
194
252
186
170
216
196
204
167
172
227
196
161
225
184
195
173
199
198
198
141
238
220
192
208
189
196
189
218
182
175
201
204
178
156
87
167
51
169
177
157
155
201
79
113
190
94
155
168
172
127
186
151
317
164
176
238
159
174
196
173
251
213
169
144
186
115
161
191
176
175
180
175
193
213
181
190
154
172
213
187
139
260
233
243
209
271
222
272
358
189
188
268
241
201
278
284
226
421
229
206
21
247
34
298
56
258
115
131
164
247
178
203
210
252
194
212
178
183
221
311
187
208
319
274
172
189
138
169
250
195
262
184
192
185
146
182
152
193
159
195
184
204
142
137
189
207
239
127
161
134
147
189
156
151
178
184
190
173
185
159
159
223
161
185
287
161
295
237
181
227
172
165
205
280
165
292
248
168
347
177
196
229
381
191
398
149
298
28
24
37
62
76
24
30
12
97
59
43
57
177
146
190
177
204
228
273
193
150
195
170
212
161
155
238
225
184
225
194
45
196
275
227
347
180
203
318
174
163
150
207
224
268
481
164
195
227
212
349
176
212
226
324
279
204
312
430
322
273
286
255
204
173
178
221
236
188
229
177
276
286
185
274
216
37
179
281
255
226
244
256
381
72
253
226
241
296
248
186
238
217
288
334
259
335
214
187
242
92
191
241
133
223
203
64
244
192
89
211
422
239
304
294
264
315
352
299
388
258
412
271
324
271
254
300
287
385
346
470
242
273
268
420
292
324
322
274
265
280
230
322
276
194
185
216
254
262
201
207
196
181
212
163
204
26
220
190
196
164
192
196
235
220
217
237
190
190
86
243
117
34
61
28
161
123
112
188
185
205
165
185
175
164
190
174
164
216
144
155
204
205
181
158
302
157
219
161
197
227
223
246
185
247
203
100
155
185
259
199
181
190
199
186
197
207
214
178
174
149
170
170
179
164
208
176
147
134
151
180
187
231
165
183
153
63
196
215
189
204
176
268
201
346
238
190
309
208
250
204
221
180
291
59
224
241
343
203
331
218
204
243
237
295
363
389
242
209
198
226
237
194
219
201
235
197
500
248
270
249
243
87
185
228
197
247
230
358
183
190
192
179
175
230
221
183
155
197
156
257
182
164
229
116
232
234
152
182
63
415
198
240
328
238
200
179
399
378
173
228
280
102
500
283
198
267
363
240
325
173
202
256
266
309
178
76
226
320
223
166
243
414
299
273
182
306
486
259
171
260
257
106
272
257
267
230
249
19
301
116
264
238
63
304
295
345
313
268
204
242
381
300
246
228
338
262
319
301
396
480
500
500
288
377
289
306
489
277
85
500
322
311
