29
23
61
47
18
13
14
20
23
12
15
57
18
45
56
18
10
22
19
13
22
16
19
14
11
15
16
22
15
13
9
20
17
19
18
36
21
15
19
14
16
22
22
15
11
17
13
10
15
15
26
11
19
29
17
11
23
14
16
15
20
14
21
12
20
13
11
16
16
30
21
11
9
12
17
10
8
11
10
15
13
21
15
10
9
10
18
12
15
13
11
13
17
16
11
15
17
15
21
9
25
17
15
18
17
33
24
11
12
10
10
13
11
13
9
11
11
17
12
17
16
14
24
14
21
12
22
12
10
16
10
9
11
11
10
10
11
17
11
9
16
11
9
14
15
12
11
16
10
12
12
13
14
10
10
13
13
8
16
11
13
11
13
11
10
13
16
9
12
9
15
14
11
9
14
20
11
14
13
11
12
10
8
12
8
14
10
12
12
9
19
14
11
14
10
10
10
10
11
9
11
14
10
10
10
9
11
10
10
12
12
10
10
15
12
13
12
12
13
9
9
9
19
12
9
10
10
14
14
11
9
18
10
10
9
9
12
10
11
10
12
10
10
11
8
11
8
14
14
12
13
13
11
9
11
13
12
10
9
12
10
10
11
11
10
9
13
16
14
12
12
12
9
10
11
10
10
13
10
11
9
12
8
13
9
11
11
9
9
9
11
13
13
35
15
16
24
11
9
12
10
34
24
79
57
77
83
66
201
185
80
47
86
46
59
79
61
33
31
58
49
34
47
32
32
35
28
35
18
28
40
72
34
68
30
33
21
36
44
16
18
21
63
17
73
67
25
16
16
61
22
12
25
18
19
13
22
16
17
11
23
22
16
22
10
17
15
19
21
27
26
21
18
11
21
17
13
22
58
15
13
20
16
21
13
20
13
21
18
13
14
17
18
17
16
12
19
14
61
18
12
23
17
19
17
15
33
11
30
9
12
73
19
23
11
17
8
11
17
15
12
19
58
12
15
20
16
15
21
18
22
14
21
19
19
21
26
14
10
21
64
28
10
16
11
24
73
84
15
22
11
56
12
22
13
16
19
14
18
19
13
9
27
27
40
11
59
16
22
64
11
49
13
19
14
19
23
18
71
26
23
57
13
16
27
17
22
46
22
41
12
15
13
17
61
88
59
40
41
83
21
63
38
49
70
67
78
147
37
39
78
67
46
55
47
29
48
68
46
40
79
57
159
37
36
34
24
39
18
32
18
20
19
23
21
25
19
17
22
26
18
28
44
31
17
19
18
16
32
25
34
17
17
18
15
16
23
13
20
24
50
13
20
25
24
26
17
33
42
22
26
20
26
28
22
17
18
21
17
16
17
18
30
16
12
14
16
33
32
26
14
29
18
26
28
36
18
26
39
15
17
25
14
16
45
15
23
18
13
16
15
17
20
36
11
33
11
23
12
32
39
13
13
13
12
38
12
58
13
10
28
30
13
15
20
18
23
14
12
36
27
28
27
14
12
14
13
16
23
13
15
15
15
15
16
14
14
15
27
14
11
33
14
11
15
12
20
13
14
12
15
11
11
15
23
37
14
18
32
12
22
11
13
15
13
14
43
13
11
52
13
17
22
13
14
11
13
12
13
11
13
28
14
13
32
13
19
14
10
13
13
11
12
16
12
11
10
19
24
13
38
15
12
11
11
27
16
21
12
13
10
47
10
19
13
51
29
13
12
11
10
45
36
22
13
12
15
11
13
10
10
30
13
14
54
21
34
12
63
18
16
11
70
61
11
15
15
11
14
13
24
66
56
18
13
30
27
32
82
25
23
31
99
15
85
60
36
70
11
11
9
13
73
11
12
30
10
21
9
48
37
31
16
13
12
15
29
68
12
37
9
12
10
12
12
9
17
21
11
18
46
12
10
9
14
11
10
9
25
69
77
11
33
18
9
12
11
10
10
73
23
13
30
16
48
36
93
12
10
34
10
32
21
11
84
35
9
14
15
12
9
35
10
10
94
10
48
19
29
10
30
29
21
9
42
58
22
10
11
9
10
12
15
18
27
14
27
11
14
14
8
10
10
9
11
11
12
11
9
11
9
9
11
9
11
11
11
10
9
12
9
11
11
10
8
11
10
11
27
10
8
28
11
9
10
11
24
10
12
12
11
16
9
11
15
23
10
10
17
11
10
11
10
26
10
28
12
15
25
11
11
25
10
9
29
9
10
32
13
31
11
11
23
11
9
31
10
10
28
9
14
15
19
20
11
12
10
11
10
9
11
10
23
12
11
11
11
15
11
9
12
23
11
15
11
12
10
12
12
10
