25
10
15
33
12
25
16
14
29
22
22
28
27
26
17
45
10
18
16
15
19
20
12
21
15
30
13
8
26
18
19
16
20
17
21
15
30
27
14
48
10
15
23
15
36
41
31
63
86
60
94
10
14
25
13
70
29
22
9
28
71
66
116
50
12
32
17
9
44
48
22
51
31
35
25
19
102
82
13
25
58
43
15
45
35
32
19
116
43
36
81
26
50
30
34
40
71
14
29
27
31
19
50
17
20
25
34
25
50
44
103
26
36
102
35
124
50
85
113
185
231
31
243
190
80
101
124
141
51
10
83
216
54
126
47
114
73
103
40
15
311
35
21
22
289
291
39
95
115
68
82
73
97
374
254
330
95
197
447
179
93
29
155
105
314
8
154
356
51
34
191
184
234
137
155
481
450
32
499
185
335
359
228
231
499
33
149
103
53
499
96
499
497
100
99
127
70
499
314
25
499
499
499
144
64
67
53
45
192
55
179
209
499
17
322
346
108
43
52
242
14
21
250
319
277
222
188
275
176
163
394
267
326
57
232
154
202
292
394
331
253
499
439
17
172
160
150
313
97
162
499
165
499
499
231
348
120
168
499
324
499
257
258
344
280
48
481
499
499
54
402
318
48
23
154
275
285
180
499
499
45
13
353
272
258
264
12
229
499
499
393
499
16
499
407
499
64
51
169
139
118
255
426
347
499
392
499
330
258
250
296
45
99
88
115
436
499
446
343
499
499
499
121
89
40
493
203
499
347
499
131
423
387
275
330
265
363
499
144
364
499
499
29
200
330
291
210
256
363
499
378
64
499
336
222
134
130
148
15
54
168
149
145
175
190
180
195
246
499
38
193
183
193
171
155
164
142
143
171
142
155
160
162
131
187
155
185
210
83
36
138
275
186
148
174
155
166
187
174
172
170
195
214
201
258
238
499
499
286
499
309
499
499
269
187
177
174
160
170
178
166
13
163
153
192
190
217
61
93
78
218
139
130
151
157
57
194
219
227
499
346
284
321
499
263
193
195
169
174
180
179
182
150
249
151
151
127
141
153
174
148
164
235
140
175
152
143
133
154
10
10
62
19
113
175
223
272
194
297
138
191
298
240
59
151
149
177
194
167
127
275
144
134
131
129
172
125
171
132
155
173
287
146
196
171
154
344
201
243
135
296
216
258
185
254
222
207
322
297
325
287
150
163
9
9
12
10
9
10
11
9
67
19
59
11
119
200
471
232
241
222
241
201
209
223
189
199
224
229
214
254
246
255
273
85
251
243
227
226
199
191
229
198
202
102
262
237
158
238
268
368
181
266
73
211
306
317
68
146
181
167
234
206
185
201
244
255
301
198
368
258
223
274
145
187
152
61
336
207
190
245
256
229
249
162
212
330
154
196
164
159
133
61
140
183
236
151
281
47
9
136
129
140
177
320
286
194
201
229
188
126
291
426
248
24
109
53
16
127
125
174
158
191
341
186
167
237
290
203
299
189
188
172
207
183
196
124
243
168
169
230
156
141
169
156
14
144
119
163
159
192
217
242
183
204
299
234
121
361
308
197
196
212
258
249
367
463
95
9
42
16
13
15
63
152
190
345
215
186
197
262
191
171
286
169
190
188
220
200
227
192
335
186
165
192
162
499
171
32
157
499
289
340
200
129
22
178
198
93
195
213
211
219
298
164
258
221
281
173
236
167
241
178
358
294
343
208
307
280
340
329
493
453
142
131
181
178
157
164
169
147
209
22
76
248
135
129
145
152
137
12
137
145
162
150
120
163
146
205
180
197
163
296
261
197
180
425
153
200
80
212
151
128
168
191
162
153
188
149
222
188
163
12
240
175
117
420
306
190
388
257
215
183
193
152
151
179
268
227
285
181
201
314
272
225
312
289
252
310
214
217
272
267
150
348
249
217
276
208
244
324
374
273
315
11
51
31
68
446
499
499
499
25
52
499
291
232
304
224
189
186
187
194
97
214
171
186
214
239
202
96
259
499
499
282
120
82
133
121
122
18
78
118
78
287
247
174
212
227
164
183
165
202
170
157
176
182
176
176
239
199
213
76
182
256
124
262
220
218
235
231
237
278
241
217
260
227
305
371
231
230
230
210
178
232
132
149
213
120
49
105
127
148
155
499
127
144
499
117
244
142
129
125
185
136
146
147
181
154
180
158
162
187
167
185
231
178
205
436
298
317
241
344
282
263
317
124
210
323
327
264
209
225
240
266
289
257
245
32
225
334
439
154
219
179
139
185
23
211
215
136
139
181
152
178
359
284
192
164
499
