27
13
29
14
16
15
32
16
31
19
26
16
13
16
33
50
36
31
18
12
17
22
19
18
19
21
12
27
13
40
9
14
13
12
12
14
27
62
27
39
19
47
39
18
46
25
35
94
41
27
24
53
14
12
32
102
20
13
43
55
49
31
90
12
63
34
71
23
36
39
22
16
62
36
107
100
56
45
11
30
47
31
59
124
97
93
13
120
52
32
33
146
142
32
46
66
107
28
113
84
86
89
54
53
177
15
25
40
38
27
34
104
142
251
206
75
50
46
50
152
60
66
198
45
170
87
18
186
73
178
86
160
20
121
77
28
209
89
48
188
13
232
95
30
196
175
113
64
58
167
14
18
116
67
157
143
166
55
133
33
91
45
72
33
127
67
53
237
109
60
32
209
14
115
103
102
67
201
146
151
163
87
140
54
231
157
275
58
169
197
93
133
146
72
246
48
38
141
82
185
355
136
45
191
248
182
173
50
13
263
52
63
205
25
209
94
37
143
197
36
129
85
174
160
24
10
144
20
224
185
41
117
221
144
48
68
155
195
43
92
126
112
74
62
29
387
117
64
80
67
196
94
138
138
52
205
121
84
20
122
60
98
126
101
112
129
115
141
181
126
120
37
115
102
158
124
145
10
123
65
113
105
102
114
110
97
110
118
105
97
106
21
99
22
107
101
104
49
200
61
33
29
113
109
100
23
47
13
108
12
97
94
103
16
98
120
101
26
30
108
118
103
154
31
124
17
139
99
105
100
34
115
98
112
98
20
104
98
109
195
100
113
152
32
46
114
136
61
149
45
105
69
49
111
87
16
178
61
159
63
81
96
100
41
203
117
93
96
152
38
16
132
181
119
102
98
63
153
121
92
102
150
115
32
14
110
132
104
165
115
29
202
107
119
108
123
36
114
102
183
52
107
104
125
113
168
110
105
70
284
129
89
113
119
87
116
102
100
135
108
152
93
102
240
34
115
35
140
117
113
253
136
186
146
16
167
99
149
17
243
75
155
221
52
308
152
80
161
63
13
234
40
216
112
125
90
120
153
34
157
224
19
120
186
155
25
217
117
100
96
171
113
39
120
48
134
94
69
160
95
118
60
44
66
38
78
30
107
98
58
146
115
114
53
100
43
62
91
42
72
19
120
103
148
174
110
137
112
214
139
199
112
136
182
45
111
144
123
118
110
74
136
242
105
113
102
128
83
120
119
107
58
73
109
98
104
147
49
110
163
111
111
40
110
98
99
105
139
56
107
120
104
103
97
131
57
161
169
114
100
21
99
162
114
101
106
91
67
105
98
114
290
106
115
51
128
121
105
113
111
136
149
135
90
116
23
59
116
103
173
58
40
130
154
110
58
278
157
113
129
100
49
128
101
115
89
94
73
110
57
123
135
140
136
107
108
125
96
117
183
18
124
147
124
96
120
143
167
145
105
130
121
116
148
110
138
103
124
108
71
299
128
108
111
69
143
105
178
174
137
114
131
165
114
36
137
23
109
107
74
106
107
24
159
114
45
110
118
103
96
109
139
72
116
42
138
50
119
159
149
121
130
176
131
109
108
119
157
113
131
17
105
118
146
145
142
12
101
34
275
45
50
33
79
130
102
101
143
50
152
62
119
115
107
152
213
104
192
136
122
58
90
113
80
130
103
133
137
133
118
99
53
61
222
88
109
135
131
119
123
124
150
105
108
107
139
152
130
216
131
156
86
133
130
135
137
152
180
39
110
111
134
108
183
112
387
200
124
152
150
118
119
150
83
146
115
270
148
106
104
93
135
100
58
179
211
157
246
55
136
151
153
154
98
145
110
230
217
185
132
290
121
159
138
296
144
221
109
110
172
103
159
248
205
159
92
96
198
110
243
93
232
292
213
222
104
169
105
126
379
140
255
188
183
62
158
143
255
192
298
269
196
143
66
113
272
152
65
306
159
187
130
173
310
144
234
118
187
167
202
153
178
116
147
246
190
229
135
140
161
113
149
269
207
236
138
126
298
127
100
131
216
212
99
108
79
105
114
131
270
156
140
158
58
268
151
88
148
228
227
351
151
243
321
125
203
96
167
500
136
362
264
183
154
203
165
241
255
41
426
498
114
127
167
288
247
137
129
116
116
117
127
120
213
115
118
128
500
114
120
166
335
136
108
207
105
108
119
143
189
149
155
111
125
134
114
107
133
137
149
110
103
141
117
408
74
165
41
115
105
148
213
124
269
229
76
42
130
273
242
101
130
207
178
192
110
117
163
139
133
172
132
134
110
236
189
199
149
206
108
