29
26
21
19
15
52
35
22
23
10
19
30
26
9
28
13
81
23
26
17
7
27
14
17
17
11
26
23
15
10
16
45
32
57
16
18
22
31
19
13
16
24
18
10
8
32
20
15
12
31
15
9
19
12
11
11
13
15
12
16
9
17
22
10
13
15
13
13
10
12
17
16
26
9
9
16
15
11
10
11
9
13
18
12
31
26
13
35
18
11
18
16
9
15
15
21
12
13
8
9
8
11
16
26
8
17
12
24
14
12
11
10
12
10
13
9
14
21
13
16
20
9
9
13
9
26
13
9
10
11
9
12
14
13
11
11
7
13
13
10
11
16
13
16
9
19
11
13
10
10
14
24
10
15
12
11
13
21
19
12
11
14
8
17
12
9
26
17
16
13
24
8
9
10
8
14
8
10
10
21
9
10
10
9
8
9
13
8
7
10
16
7
8
12
18
7
15
10
10
12
21
9
11
10
12
7
8
11
12
11
9
9
7
13
8
9
11
10
8
9
13
11
14
14
8
12
13
9
15
11
10
10
12
8
22
9
16
17
11
19
24
52
20
32
46
19
15
15
17
30
94
20
44
61
54
44
94
77
60
43
69
70
65
53
93
114
23
107
93
15
41
119
84
12
21
59
81
52
104
124
33
128
196
178
118
77
52
48
64
43
94
15
29
193
78
55
74
62
95
72
22
13
33
198
88
14
20
162
90
38
81
10
26
24
126
15
24
25
20
27
12
14
148
80
17
77
16
36
144
56
15
16
20
67
10
18
41
24
179
9
16
18
16
30
27
38
17
8
57
21
36
12
140
14
49
147
26
10
20
13
11
7
16
25
33
49
18
67
62
28
19
35
86
12
73
14
79
78
9
72
26
24
106
22
27
24
22
35
22
25
16
8
34
18
21
121
59
16
12
39
25
30
20
24
134
26
159
29
71
27
21
88
9
30
74
208
267
23
23
360
347
31
19
63
95
70
119
15
160
198
499
21
256
60
297
132
76
27
50
68
99
22
29
93
21
28
105
353
21
33
499
46
27
49
499
85
58
22
130
46
26
23
24
74
121
68
120
28
32
79
98
23
499
31
499
14
11
12
11
33
18
11
32
14
25
12
20
16
9
9
9
14
25
21
9
11
10
13
23
17
10
9
17
25
25
12
12
11
12
46
13
9
12
9
15
9
46
11
11
16
15
17
14
12
9
13
16
15
14
14
12
10
32
13
13
11
11
17
10
16
32
66
8
69
60
31
14
20
15
499
19
16
47
48
22
21
14
18
19
15
32
15
102
111
14
27
17
13
12
111
18
26
27
16
16
11
27
12
93
26
11
98
12
17
17
12
15
15
18
98
34
13
12
14
14
21
11
11
14
155
103
95
15
14
127
22
11
27
108
12
102
14
16
13
20
17
13
19
39
29
13
15
17
153
29
12
14
11
27
51
108
152
26
113
27
143
14
266
103
10
117
67
24
213
68
54
12
89
96
31
15
83
43
67
105
15
38
139
16
30
95
145
21
11
39
42
15
33
51
301
82
317
100
77
77
499
255
220
15
161
27
183
18
139
138
117
54
38
123
33
22
47
161
137
25
81
467
75
64
16
19
120
37
73
56
61
46
21
66
16
12
26
31
55
20
55
20
124
11
163
87
12
33
65
16
69
46
24
116
26
15
11
22
67
94
16
17
59
118
17
156
32
14
14
61
17
155
51
18
93
44
13
20
49
34
95
17
68
11
18
66
41
11
21
62
50
22
25
44
68
101
26
11
84
38
9
51
52
25
109
12
56
93
10
41
18
30
18
14
37
40
127
15
8
9
25
56
15
56
40
98
33
40
13
76
16
42
24
96
36
44
11
25
39
77
43
62
12
24
17
8
9
9
30
35
10
21
28
29
17
50
64
48
28
30
90
28
17
76
27
133
22
67
92
32
22
17
112
12
39
11
55
8
43
44
16
12
38
21
24
41
43
11
78
9
60
56
28
56
37
75
12
47
25
79
16
34
27
45
30
12
28
78
69
44
12
29
58
36
53
70
91
72
80
104
61
35
30
14
44
47
45
57
21
38
32
33
11
118
106
56
48
51
31
147
29
112
58
32
10
49
54
26
55
67
26
12
83
52
147
28
71
40
35
15
18
69
29
39
84
21
10
52
50
42
67
26
48
59
12
10
24
8
20
22
44
39
54
65
37
133
35
71
8
115
38
10
60
56
79
111
60
53
9
71
10
62
141
53
60
39
48
8
22
10
76
37
33
67
48
45
37
9
33
9
34
61
10
77
336
