33
10
38
18
57
14
11
34
34
14
13
23
45
19
27
10
18
13
14
15
27
13
13
17
16
10
16
16
16
13
11
10
8
12
10
10
13
15
25
24
10
11
19
19
14
11
7
14
23
17
16
21
60
11
15
15
11
16
12
10
22
13
15
15
15
12
21
11
15
13
13
11
8
17
32
18
24
12
9
13
14
11
11
15
11
14
12
11
15
15
8
11
11
10
10
10
22
15
11
10
12
15
17
9
23
16
11
11
13
9
8
20
12
11
19
13
9
13
12
14
10
10
11
14
8
15
8
11
11
41
14
17
10
9
11
8
10
10
17
11
11
12
25
11
17
11
11
13
27
8
21
9
16
10
9
8
10
9
11
16
8
16
9
9
9
8
14
26
13
9
11
7
13
15
9
9
9
8
9
10
14
10
14
12
13
8
16
11
9
11
17
24
13
11
9
10
12
8
16
8
12
14
7
8
9
15
9
15
9
8
9
18
12
9
13
10
14
14
7
9
10
9
8
10
7
11
10
12
16
8
14
14
10
8
10
10
10
18
9
15
29
8
23
20
29
9
26
8
23
17
11
27
17
8
16
8
24
24
44
38
24
14
37
12
10
17
22
14
92
34
19
50
36
48
92
35
32
61
28
31
51
51
36
45
98
54
98
104
61
78
116
85
23
78
64
44
49
95
34
22
24
46
18
8
71
80
17
11
24
41
39
38
34
64
85
69
11
66
70
21
32
68
8
49
10
14
90
31
23
9
10
51
22
65
22
12
64
37
67
34
53
59
23
43
23
45
83
20
34
28
21
68
19
28
24
29
76
43
94
43
31
19
72
34
10
59
80
89
92
64
91
16
33
45
30
30
20
39
37
26
29
39
61
30
69
74
15
68
29
65
12
17
105
15
70
32
53
35
98
9
54
83
86
22
83
28
23
11
22
34
46
146
43
19
43
50
40
74
53
52
66
22
51
39
70
67
63
16
44
26
21
80
33
35
15
29
18
22
35
42
45
9
22
18
16
26
51
11
45
43
41
37
36
35
47
65
66
24
15
16
18
9
19
26
42
10
16
10
10
53
43
17
27
12
35
15
19
11
36
22
99
72
51
18
31
20
29
26
40
72
36
15
87
39
10
20
72
8
45
32
22
15
50
9
9
32
22
12
45
12
48
29
17
23
92
24
145
60
51
74
27
40
31
44
17
30
22
45
21
27
59
16
35
42
32
22
13
26
35
52
30
38
28
10
25
56
23
24
39
51
20
31
10
21
10
25
60
42
19
45
30
30
47
49
62
23
23
15
22
51
61
45
23
45
38
10
42
37
58
19
17
27
37
29
15
36
32
32
47
42
45
48
33
22
9
49
22
77
29
11
33
30
9
17
18
8
41
20
39
40
16
23
20
12
34
28
51
42
42
9
39
34
38
78
19
52
10
9
26
24
11
40
45
13
56
34
22
34
41
41
51
35
81
23
24
57
37
38
46
35
40
19
12
26
25
35
62
95
62
24
24
43
43
29
29
29
61
55
53
116
35
45
7
22
28
9
15
13
28
12
56
8
42
57
9
9
9
10
8
12
17
35
8
16
10
12
10
21
8
80
7
19
8
14
8
14
8
8
9
36
12
23
14
8
27
29
16
8
9
8
8
14
9
23
13
8
10
12
37
8
18
16
23
8
18
25
9
10
9
12
21
11
8
8
28
8
12
54
9
15
28
9
12
19
36
10
17
11
14
8
10
21
10
8
8
14
22
15
8
7
44
8
34
10
39
36
21
8
30
32
16
54
44
12
32
24
19
21
41
20
15
14
37
15
24
20
10
25
16
19
8
34
59
10
9
11
30
8
8
28
13
29
29
8
8
8
34
57
33
12
40
34
11
10
36
9
9
9
9
9
12
26
21
17
10
18
12
9
9
13
12
8
39
8
48
7
9
18
7
12
8
25
38
18
10
17
16
20
10
9
16
9
33
8
7
9
17
11
13
10
10
8
11
24
9
8
8
9
13
13
21
7
7
8
44
8
9
23
25
30
8
7
9
24
19
25
33
14
32
12
35
17
40
23
34
17
9
40
13
48
15
12
37
8
29
22
8
11
28
19
20
15
20
55
21
10
15
29
27
8
20
14
13
32
12
17
13
25
15
10
20
10
27
12
24
9
16
21
20
13
24
32
9
7
22
20
11
24
44
12
15
26
12
18
21
25
16
26
23
80
15
25
9
35
11
44
9
12
26
9
9
22
51
29
16
16
14
21
15
16
57
17
50
26
9
8
9
36
8
13
