23
13
16
65
32
9
10
10
29
18
20
17
29
11
21
12
29
12
34
21
11
22
15
19
12
40
11
13
15
29
23
11
17
27
15
31
21
10
26
13
12
13
23
10
14
56
14
35
19
34
55
39
25
44
28
27
16
25
50
14
14
14
74
38
16
42
40
13
85
42
39
54
46
16
96
22
23
45
48
41
30
34
55
21
47
38
43
27
42
31
12
28
26
11
69
23
81
48
32
25
38
44
60
128
20
51
34
34
55
69
36
83
28
20
81
40
32
103
66
95
79
68
201
116
144
88
36
121
160
64
38
85
75
70
92
99
96
76
131
113
21
150
78
92
97
20
33
17
122
57
158
174
119
91
66
143
128
189
123
110
98
23
164
53
159
139
17
142
174
236
26
24
234
146
194
192
237
185
240
82
25
97
127
288
266
108
267
217
254
224
42
204
304
242
26
289
274
23
307
159
15
257
283
119
292
243
50
206
107
337
285
278
385
93
372
321
234
56
220
239
251
132
33
369
124
76
215
34
102
76
80
339
277
24
262
276
59
293
217
286
158
174
196
192
30
173
196
178
206
206
208
202
281
269
252
252
44
23
33
28
17
16
22
15
281
79
139
189
475
399
345
499
170
499
499
499
499
257
97
499
499
104
499
499
11
332
12
87
499
499
499
499
499
499
398
79
166
499
499
499
129
499
427
300
223
38
34
175
47
43
428
291
236
216
237
264
226
242
227
230
227
288
273
114
298
126
365
326
188
203
150
175
153
145
170
155
22
165
8
226
230
281
188
256
234
176
163
214
174
117
230
227
212
326
392
356
59
77
126
174
111
50
29
43
179
176
138
153
144
155
137
149
146
138
153
145
164
141
163
157
170
133
151
172
139
161
140
151
147
145
132
127
141
132
153
179
140
132
120
109
113
323
126
137
179
224
158
211
204
165
246
204
154
186
157
499
198
71
198
202
247
190
252
447
214
212
33
34
247
499
241
220
187
104
223
205
150
155
132
146
163
157
185
193
159
158
154
154
157
146
139
158
201
177
131
143
151
186
156
160
188
167
167
158
189
155
155
155
14
15
10
12
10
12
8
11
10
11
9
11
10
32
32
34
30
31
38
44
29
44
41
88
64
44
172
36
38
274
111
134
154
160
148
141
130
141
135
158
134
149
173
192
156
166
166
147
155
161
180
157
224
181
148
167
196
176
194
218
228
329
20
21
9
8
9
10
12
115
53
19
40
181
230
203
294
205
231
296
236
225
265
214
151
166
174
162
199
142
173
263
275
189
173
164
208
211
150
196
193
161
130
13
165
165
169
183
167
170
159
211
188
61
174
29
27
11
53
29
27
22
127
131
112
130
107
172
244
148
204
173
257
157
123
138
121
198
158
110
146
113
145
130
132
168
144
200
180
135
129
139
286
119
244
349
183
191
160
235
149
165
302
183
210
211
237
213
181
222
251
157
187
194
170
188
182
157
194
100
132
344
286
128
212
234
244
184
196
171
187
177
215
210
196
211
231
214
209
251
248
192
197
334
360
240
201
235
237
166
163
119
108
101
32
137
108
111
108
114
132
173
137
110
104
114
129
125
132
117
122
103
120
110
107
114
114
94
121
107
129
113
87
113
302
167
163
236
30
10
10
10
178
253
266
279
227
238
279
225
208
211
186
189
209
181
163
195
154
245
115
187
421
308
274
194
471
192
405
147
163
246
206
217
138
193
166
162
195
149
170
150
185
138
161
157
179
163
160
192
186
159
128
131
139
155
159
184
218
129
9
21
181
180
202
231
300
394
343
344
424
499
475
312
320
313
242
224
243
219
195
213
246
229
228
253
256
249
206
211
266
208
71
170
178
145
170
150
152
202
169
181
213
213
295
209
196
293
168
198
149
270
179
144
209
201
261
144
139
147
159
146
142
151
138
143
152
148
153
168
183
179
185
198
38
179
51
133
427
131
264
402
232
194
454
416
298
499
499
146
256
227
188
273
150
170
202
252
277
499
459
268
251
237
214
207
231
186
223
270
221
234
214
225
271
207
186
176
349
202
239
265
369
300
311
495
499
291
264
220
215
198
203
213
217
223
222
221
175
155
130
159
188
253
224
191
172
164
181
169
159
168
189
183
187
179
27
126
111
111
155
132
113
157
130
153
153
136
146
143
141
129
134
146
147
148
142
138
134
146
148
168
143
150
144
149
155
181
147
168
176
158
150
172
171
151
167
148
165
170
140
201
205
170
149
142
176
138
228
254
167
174
185
230
183
186
209
218
217
346
154
407
