31
29
16
30
18
17
16
29
43
20
14
13
17
15
9
16
10
20
21
13
52
18
21
13
21
19
11
11
18
11
26
16
39
13
15
13
21
20
25
16
9
19
14
10
20
25
13
10
13
12
14
18
32
21
12
18
14
13
20
16
9
37
14
10
14
14
14
12
23
14
19
13
20
14
27
15
14
17
34
18
54
21
37
26
41
24
28
79
32
49
32
23
10
53
49
44
108
31
52
21
69
73
91
104
92
65
102
60
31
34
120
88
73
67
25
198
60
52
104
98
91
80
89
104
206
114
25
36
157
59
62
154
96
46
81
130
122
16
158
24
124
102
87
73
39
100
108
130
54
60
83
309
109
158
135
42
47
233
121
252
56
55
15
98
149
177
251
133
74
30
183
29
181
161
124
62
165
224
39
80
200
182
112
82
73
28
105
82
27
185
64
77
259
77
32
90
131
33
11
197
375
33
179
130
78
37
91
163
184
74
145
269
27
33
49
27
49
67
72
52
100
134
227
86
44
44
67
163
47
36
32
63
22
47
36
82
79
39
55
55
59
70
157
68
214
106
61
305
83
264
86
17
302
193
376
391
50
82
41
101
38
30
54
12
85
356
148
92
127
25
14
108
54
226
72
46
111
60
66
270
28
136
185
224
42
70
78
42
199
69
155
42
106
11
143
202
126
186
117
45
105
117
147
109
104
96
18
17
98
100
90
11
14
55
117
115
106
134
30
59
124
99
57
26
164
200
126
15
174
39
72
39
114
106
57
93
135
41
60
121
137
139
448
191
46
64
142
114
110
33
115
41
21
245
180
15
67
31
77
28
131
112
17
83
500
82
48
39
384
28
107
45
24
51
63
486
55
48
134
119
43
65
111
80
78
148
106
79
114
276
89
225
88
133
93
106
82
35
71
112
35
16
65
59
160
214
57
122
74
11
106
102
128
96
140
31
105
142
111
89
136
83
12
30
167
57
81
59
100
37
128
76
129
96
331
161
83
39
154
112
148
229
261
68
52
129
56
40
35
32
57
97
93
79
22
204
51
101
91
16
184
84
146
106
83
120
102
88
191
80
104
76
251
133
123
138
125
221
90
136
102
93
17
109
219
327
103
105
87
224
84
10
136
212
47
140
147
181
271
114
154
17
66
109
12
116
70
224
83
36
195
115
157
21
38
86
80
118
105
146
260
119
76
204
109
44
241
91
98
143
409
99
155
303
220
62
119
215
113
214
102
105
77
95
107
81
14
127
19
358
175
103
135
104
117
138
96
144
120
154
102
55
123
116
119
243
68
156
74
117
103
122
42
173
111
112
113
116
13
109
98
21
96
24
209
86
107
120
100
98
120
90
47
107
105
96
109
91
175
147
116
99
118
121
94
94
120
98
112
114
151
171
43
23
121
200
100
119
109
110
33
138
50
100
102
148
10
247
84
50
117
102
179
100
30
257
105
119
172
185
271
88
112
95
116
91
97
131
122
310
146
100
97
91
500
139
98
100
197
240
105
101
57
92
13
120
71
112
97
189
108
221
110
78
102
128
112
146
149
114
95
111
48
239
204
115
96
113
111
149
91
102
92
103
115
93
127
101
98
121
150
99
238
88
117
40
192
100
100
89
104
121
118
116
45
116
115
114
108
95
41
119
128
189
143
12
203
90
125
132
109
105
98
97
151
158
229
151
150
119
97
101
50
133
99
227
28
186
46
114
114
144
119
200
107
109
111
88
202
106
120
108
96
103
108
39
156
239
115
149
115
16
68
104
101
104
232
253
103
107
90
149
288
119
84
93
239
122
93
126
112
88
193
93
96
98
256
97
89
188
255
123
105
171
104
92
68
102
190
219
92
103
192
210
110
135
255
224
104
79
93
129
143
117
122
169
119
103
99
83
288
94
94
170
130
88
112
114
86
110
280
201
101
316
111
99
140
99
107
40
118
148
235
139
111
155
150
126
104
108
359
133
115
130
108
76
114
32
101
97
120
192
239
107
283
101
136
168
143
104
114
144
51
152
149
137
249
16
97
137
160
121
100
114
107
160
123
100
110
127
102
118
95
135
75
85
139
53
93
98
108
201
109
121
277
69
121
120
269
112
117
105
300
95
151
170
124
152
150
166
44
114
110
104
137
53
153
331
108
106
73
108
108
116
321
99
166
184
114
107
111
222
99
101
106
122
116
105
98
112
97
152
114
112
123
107
168
197
186
119
151
110
108
237
202
110
83
104
109
122
93
98
148
108
151
200
297
117
108
113
132
111
98
122
91
105
88
107
97
126
