29
18
16
33
19
26
15
14
28
25
59
33
20
21
30
15
15
18
15
10
16
18
13
16
10
19
15
13
11
15
25
19
15
15
11
14
18
18
18
25
15
13
18
12
11
16
29
13
11
16
17
18
29
13
35
14
17
16
13
13
22
20
14
13
18
13
9
10
10
11
11
11
44
21
36
50
18
23
54
102
27
38
15
181
29
18
66
135
24
62
31
24
78
38
48
27
55
65
65
51
19
34
70
38
52
91
48
81
69
46
35
18
41
48
18
27
101
37
66
40
109
37
79
50
21
24
42
178
44
157
22
33
137
165
198
209
36
170
10
135
148
48
83
233
36
20
117
293
16
70
25
80
384
19
214
240
72
208
500
167
46
430
152
225
109
222
311
372
187
474
237
76
114
112
273
193
412
61
70
500
39
292
367
500
358
231
324
136
413
171
103
109
366
174
189
336
359
362
330
302
138
264
500
420
141
26
363
475
415
453
437
103
313
500
54
464
364
49
377
214
500
57
307
500
447
158
164
415
303
235
164
304
13
84
500
381
422
158
425
264
81
500
452
435
325
408
48
413
345
377
377
83
131
376
59
500
471
330
226
117
371
64
463
383
233
259
500
500
218
250
256
427
376
436
198
275
219
287
303
262
500
271
303
387
189
498
453
231
26
309
198
78
216
149
204
374
272
204
500
227
219
170
246
383
189
37
189
40
108
77
250
137
197
130
25
183
130
232
126
150
234
251
202
384
243
128
500
206
99
163
260
247
185
225
29
421
341
347
73
33
236
178
183
95
361
377
322
338
238
211
177
293
223
375
146
326
201
199
180
195
212
211
371
147
220
203
316
317
347
294
54
180
185
193
267
279
409
235
247
341
195
259
189
135
193
157
371
430
34
319
153
390
260
104
247
138
44
245
500
377
349
214
370
285
144
20
188
291
163
461
225
132
413
311
123
303
371
253
399
388
306
257
181
222
314
362
319
407
286
337
335
500
268
500
372
321
244
500
500
264
301
139
357
393
76
370
186
253
303
105
310
283
500
342
434
204
500
500
301
343
423
230
231
500
149
202
310
470
209
244
210
382
236
96
302
42
141
199
283
500
210
316
322
313
24
91
500
363
414
500
266
204
500
307
264
165
200
397
299
165
297
322
241
323
199
256
295
237
256
130
192
157
259
180
230
189
201
29
500
424
194
500
383
500
476
171
106
228
269
256
250
284
204
221
212
255
172
224
231
56
332
290
226
500
202
260
184
151
149
222
301
291
134
214
23
500
358
52
400
117
500
238
172
234
280
343
317
500
500
500
433
500
251
500
353
336
272
54
293
300
500
311
218
78
140
431
500
500
292
256
67
500
500
146
500
248
225
181
500
257
303
159
129
215
157
133
178
125
170
123
398
196
146
167
167
177
284
165
203
189
142
158
235
198
120
246
205
149
182
87
500
57
290
65
52
188
14
19
213
48
141
209
374
212
276
260
297
135
288
202
217
253
251
302
453
207
214
269
219
180
500
246
263
273
230
268
201
217
401
273
273
210
290
299
315
155
256
390
252
305
27
452
140
243
500
171
329
182
285
244
350
155
194
272
135
23
23
187
370
225
156
312
298
231
155
148
190
194
62
294
195
358
170
130
400
85
345
264
49
237
408
137
435
156
263
331
149
500
284
147
279
235
162
310
377
388
340
372
224
248
319
457
343
341
243
246
279
224
248
351
417
260
207
180
220
164
136
418
271
113
110
206
121
130
240
15
265
112
156
213
122
197
237
88
121
500
236
265
164
194
220
376
112
317
292
122
267
391
266
377
258
238
230
500
218
234
298
369
500
234
295
339
212
437
185
110
233
117
344
409
106
227
320
263
259
32
181
161
266
309
304
203
297
500
22
105
160
319
62
338
242
500
500
500
500
295
500
189
375
245
170
271
120
361
500
265
159
339
365
220
427
205
124
192
372
272
207
183
246
330
218
185
216
193
174
188
206
500
200
285
198
387
248
182
258
156
272
166
239
379
127
189
113
281
227
245
500
236
218
431
345
187
454
305
462
480
500
500
334
174
235
390
124
294
500
72
194
364
227
336
202
143
178
500
205
500
249
148
237
232
150
314
234
180
500
370
129
248
131
106
284
367
288
402
180
309
248
487
301
250
256
184
49
384
272
493
279
283
384
393
59
414
373
285
373
123
184
280
158
315
279
243
268
500
234
293
432
113
227
261
252
251
500
372
259
246
244
284
286
244
137
246
131
181
161
170
175
53
205
191
96
277
220
243
193
500
262
318
303
177
