34
16
50
23
12
13
15
11
15
23
18
41
17
20
10
13
10
10
26
10
12
27
12
10
21
16
19
16
15
15
11
24
13
12
15
25
17
12
16
15
20
13
42
21
24
14
47
28
24
12
18
18
19
13
18
19
19
22
11
10
23
14
13
18
17
13
19
22
18
24
17
42
48
17
20
15
24
21
13
21
33
15
10
19
17
20
15
16
24
10
17
16
12
10
13
11
12
13
15
18
12
14
13
13
50
16
12
9
13
17
11
9
13
13
10
9
10
19
22
19
16
14
14
13
18
29
8
18
13
9
10
10
17
12
10
18
12
10
12
15
15
13
10
10
12
10
12
11
9
12
14
12
16
18
14
13
11
11
11
14
9
20
15
10
16
15
13
16
14
14
15
15
10
13
12
10
10
15
11
10
12
12
12
10
11
11
15
10
9
10
12
20
10
10
8
9
11
11
11
10
10
13
9
12
11
9
12
12
11
24
13
13
9
10
11
10
13
12
11
12
10
9
16
11
12
11
9
11
9
10
11
9
14
9
14
14
11
11
13
13
11
11
13
13
10
11
12
14
9
13
9
11
10
12
10
11
9
10
17
16
10
10
13
10
9
10
10
10
8
12
9
10
12
14
11
11
14
11
12
13
9
8
10
11
10
13
10
10
9
9
15
10
11
10
14
9
9
10
12
10
12
16
10
8
12
9
8
10
14
10
11
11
11
13
9
10
10
9
9
10
10
11
9
10
10
10
12
9
10
9
10
14
11
8
11
12
12
12
9
10
11
12
11
11
8
9
10
11
10
9
9
9
9
8
9
8
10
11
11
13
11
9
10
9
9
8
12
12
9
9
8
9
9
11
12
9
10
12
10
9
8
8
8
10
10
9
8
11
12
9
11
10
10
9
10
9
10
9
10
10
9
9
13
10
9
9
12
10
8
9
11
9
10
10
8
9
10
13
8
9
10
9
10
11
9
12
10
9
11
10
10
10
10
10
8
8
11
9
10
10
10
9
13
11
9
9
9
13
10
10
10
8
9
12
11
10
10
9
10
8
8
10
10
9
8
11
10
10
11
9
9
9
10
9
10
10
9
10
9
11
8
10
11
9
9
11
10
10
10
8
11
8
10
8
10
10
15
10
10
8
10
9
11
10
10
10
9
10
8
9
9
11
10
10
9
10
10
10
11
13
10
11
8
10
10
9
9
9
9
10
9
9
8
10
11
9
9
9
9
9
10
9
10
11
10
9
10
10
9
9
9
8
8
10
9
10
9
10
10
9
8
9
10
9
10
10
12
9
10
10
10
9
8
12
10
10
9
9
9
10
10
8
10
10
11
9
8
11
10
9
11
10
11
12
9
9
10
10
9
10
10
9
11
9
10
10
15
9
9
10
9
9
10
9
9
9
12
9
10
11
9
9
8
10
9
10
10
12
10
11
10
9
10
10
9
9
10
10
8
10
8
11
8
9
10
10
10
11
10
9
9
9
10
11
10
10
9
10
10
8
9
10
15
9
10
10
10
9
8
9
10
11
10
9
9
10
11
9
8
9
10
9
10
9
11
11
10
10
10
11
11
12
12
10
10
9
8
9
8
8
9
9
11
10
10
10
9
10
9
10
9
8
9
11
9
11
9
9
9
10
10
10
9
10
15
10
9
8
9
8
10
10
10
12
10
10
9
9
10
9
8
10
10
10
13
11
10
8
10
10
9
9
10
9
8
10
9
9
9
8
10
15
8
9
10
10
9
9
9
9
8
10
10
10
10
11
9
9
9
11
9
10
9
9
9
9
12
9
10
10
12
10
9
10
11
12
11
12
9
10
9
10
9
9
10
11
9
10
10
10
9
9
10
11
11
10
11
10
9
9
10
9
10
9
11
10
9
9
9
10
10
9
10
9
9
10
10
8
10
8
9
9
9
10
10
11
10
11
9
11
10
10
10
10
10
10
9
9
10
8
9
9
8
9
10
10
10
10
9
9
9
10
8
10
9
9
9
10
10
10
10
8
12
10
67
25
32
58
31
35
57
47
74
68
73
40
38
55
37
41
35
21
24
19
23
20
29
23
24
20
19
18
25
24
17
18
17
17
29
17
17
21
21
20
20
17
25
18
25
21
20
21
20
32
17
27
18
26
24
22
23
18
18
23
19
21
27
24
22
16
20
20
22
26
20
31
23
26
26
34
24
23
24
24
27
17
26
33
30
20
27
21
16
23
19
26
20
25
28
20
29
28
22
22
30
19
20
21
25
20
18
31
19
19
17
29
25
18
16
28
