34
15
10
18
16
13
32
18
14
11
24
16
32
9
25
15
13
16
11
42
36
11
9
22
13
15
9
12
13
11
19
9
23
12
14
11
34
18
11
13
53
7
10
15
9
12
20
13
9
14
9
21
14
10
11
12
11
25
19
10
12
21
16
16
10
15
16
9
15
15
16
12
14
13
12
11
9
11
17
16
13
28
16
18
15
8
10
8
16
19
10
11
17
17
12
11
11
10
9
8
16
23
13
16
11
15
11
15
13
10
8
9
12
11
13
27
12
8
9
28
22
8
11
10
11
15
9
13
9
17
11
18
18
17
11
15
11
11
17
7
15
12
9
12
16
9
11
8
9
11
12
9
10
12
12
7
8
7
10
7
13
15
7
8
13
8
9
11
21
11
9
7
9
10
9
15
11
8
22
18
10
13
12
10
11
11
13
12
11
8
9
10
14
9
14
9
11
11
13
12
11
16
12
10
10
13
10
12
11
10
13
9
10
9
8
8
9
8
8
7
10
7
9
11
9
10
8
7
9
10
9
9
8
9
10
9
13
8
8
9
7
9
10
9
8
9
9
8
8
9
11
8
8
9
9
8
7
8
7
10
12
10
10
9
10
12
12
10
7
9
10
8
10
10
12
7
10
7
8
9
11
9
9
11
10
10
7
9
8
11
11
10
8
9
7
8
9
7
17
9
9
9
8
11
9
11
7
11
9
8
9
8
8
10
8
12
9
11
8
25
11
27
61
11
8
8
10
25
24
32
35
21
33
75
45
49
55
13
39
50
50
11
46
46
14
28
54
38
52
49
56
32
34
94
33
41
29
51
72
16
118
79
160
44
32
65
54
45
51
56
46
60
95
46
42
98
34
90
104
39
77
36
54
56
96
58
78
120
64
93
44
53
77
59
44
62
79
40
73
140
74
89
90
19
29
8
15
28
12
9
22
10
7
8
8
9
8
9
21
15
8
14
19
9
10
16
9
9
9
9
8
9
12
7
9
12
13
24
9
8
17
7
9
8
11
15
16
7
9
8
14
8
12
8
8
8
16
9
9
16
16
23
14
8
9
7
9
16
9
10
9
12
12
11
7
9
13
10
9
8
8
10
26
10
9
11
33
9
10
12
10
9
21
9
12
10
17
11
23
11
12
9
9
8
9
9
9
8
14
8
9
9
21
11
9
9
9
10
8
10
11
12
9
7
10
9
8
8
9
9
11
10
9
18
16
25
21
50
32
8
9
14
37
20
70
22
10
29
21
35
54
61
21
56
26
15
32
28
39
13
42
34
60
39
10
32
44
25
17
13
70
34
18
86
17
27
32
41
27
39
41
19
15
11
25
96
28
11
43
15
81
26
28
13
17
52
15
44
31
37
32
28
55
64
64
32
39
52
50
60
11
13
37
10
76
27
61
48
18
34
34
31
43
43
37
29
27
42
40
26
12
35
29
35
12
58
23
36
74
33
35
43
57
74
32
24
31
41
50
48
32
29
39
40
37
27
43
36
30
40
31
32
33
26
30
29
10
29
20
37
53
37
11
27
40
35
33
30
22
30
37
52
32
68
34
29
35
29
43
24
38
37
29
37
28
42
39
43
33
35
30
89
39
39
34
109
48
21
77
32
107
81
39
48
29
50
109
36
56
21
29
35
52
69
40
30
34
39
33
28
63
32
30
129
28
76
45
55
36
49
43
44
42
35
38
28
29
27
31
42
17
46
61
31
33
43
34
16
58
34
17
34
22
35
16
37
43
73
32
44
60
41
16
28
30
43
42
35
35
10
33
39
34
31
30
52
98
75
26
87
57
47
42
87
31
38
100
85
41
80
46
55
40
68
83
54
52
14
39
75
24
49
50
31
44
70
15
39
54
37
17
45
31
137
48
44
49
40
28
43
10
41
53
47
50
41
28
36
46
66
43
36
58
43
58
37
62
37
35
12
21
37
20
35
43
40
22
17
25
43
37
35
11
27
40
55
40
39
15
67
38
59
55
38
12
43
43
35
40
19
21
40
22
49
37
15
18
19
46
63
41
38
46
41
34
50
13
33
20
21
16
23
24
44
45
50
11
21
65
37
110
45
33
23
31
46
43
35
36
47
30
22
36
45
21
44
12
29
18
35
41
40
48
10
64
13
39
42
21
17
31
14
47
15
23
12
20
15
18
20
32
41
27
26
22
10
19
20
22
48
17
39
54
61
78
20
28
18
46
31
22
41
55
25
26
24
65
24
55
43
14
20
25
22
22
29
43
69
75
10
18
25
33
10
58
61
74
55
57
62
