33
11
20
14
22
28
12
18
13
14
36
22
17
20
14
12
20
23
19
11
15
20
14
9
18
18
15
11
10
13
12
21
16
9
47
14
12
19
13
12
25
15
10
14
10
16
16
20
12
11
10
16
24
12
9
21
17
10
27
10
13
27
28
10
25
11
23
32
32
23
31
49
30
38
53
23
69
65
41
82
66
21
38
9
13
30
57
42
104
30
58
141
32
71
49
27
102
31
100
16
43
94
93
171
44
115
112
28
106
175
55
87
97
213
47
23
154
179
121
49
124
97
361
183
188
161
33
244
46
117
30
76
21
57
185
226
45
32
63
120
177
162
61
163
129
192
22
102
258
155
59
219
59
174
99
59
129
151
226
96
41
78
179
286
116
100
100
140
215
183
230
168
102
135
177
179
69
151
119
240
90
109
118
40
108
30
39
247
212
127
202
107
26
121
66
67
178
147
143
62
37
114
154
109
198
170
55
13
180
100
83
219
45
134
131
142
171
159
70
107
119
218
215
40
106
52
43
117
40
47
196
53
108
262
195
110
72
161
159
233
110
116
14
101
43
271
118
76
89
120
307
85
18
9
69
37
12
62
27
138
92
269
97
28
323
195
58
133
91
162
156
76
42
105
145
206
249
147
114
229
83
29
12
10
14
236
25
73
52
274
30
134
170
159
210
139
32
185
12
164
60
12
35
196
192
112
166
82
78
12
178
121
91
124
80
244
15
72
15
44
56
82
163
18
118
186
111
112
62
130
78
181
43
115
109
54
175
114
32
156
136
121
59
125
10
11
125
136
48
52
105
123
43
14
108
161
75
38
64
120
54
135
99
61
114
109
160
125
50
129
18
50
110
17
119
135
140
105
14
182
149
164
125
121
65
67
46
26
183
107
36
142
33
159
50
13
180
105
155
98
28
32
136
147
111
18
122
129
293
34
105
133
87
73
250
69
59
119
97
35
32
173
55
32
93
97
105
230
240
95
32
153
107
111
122
103
92
15
172
236
58
76
99
263
92
46
24
143
61
18
294
127
129
19
43
121
228
94
43
73
125
96
124
26
93
208
164
54
90
241
173
15
172
109
125
107
160
16
125
42
80
164
44
112
167
176
146
31
89
127
112
84
153
101
120
169
124
334
46
33
105
83
70
117
233
19
125
110
42
30
196
106
91
104
180
93
52
85
130
85
132
53
255
55
35
107
154
80
74
80
118
86
114
143
149
198
100
22
112
98
90
243
216
35
154
92
52
94
83
115
202
233
176
32
52
110
124
111
199
148
81
131
11
108
189
138
219
164
283
122
200
98
61
99
109
186
106
151
126
202
73
111
31
154
145
187
159
162
72
261
109
120
154
140
15
138
97
153
139
151
111
119
246
111
131
181
188
69
145
166
14
124
151
102
12
133
201
108
141
111
194
241
24
161
53
132
207
155
116
256
165
108
152
44
72
10
128
74
100
169
161
146
29
293
145
109
158
106
50
76
237
119
13
216
123
32
180
188
26
125
48
143
94
132
192
151
177
77
136
87
43
24
137
180
145
108
58
191
186
127
164
129
108
192
144
91
170
26
246
120
34
290
109
178
138
183
89
254
118
347
108
135
152
43
141
333
122
135
86
130
217
71
142
37
114
62
248
111
222
137
87
166
120
118
106
75
100
160
100
107
147
134
126
106
69
227
238
120
17
51
118
51
221
97
19
61
113
40
246
60
51
108
26
124
258
18
201
122
187
76
115
294
84
334
139
126
145
142
134
35
47
239
108
153
54
131
107
68
72
120
96
99
71
167
33
12
101
73
236
74
96
96
152
119
127
73
110
93
10
74
165
22
59
115
71
118
14
77
71
74
131
171
187
77
167
109
235
43
130
97
82
256
116
69
131
146
129
319
143
150
62
186
499
287
41
143
95
121
35
103
63
131
40
102
97
361
135
181
66
136
44
25
102
154
68
167
43
118
73
17
48
94
172
103
52
81
20
40
29
30
106
102
24
25
148
115
107
188
13
58
36
30
25
24
53
126
125
23
117
203
39
14
46
148
127
128
100
85
15
419
134
156
145
134
108
112
183
131
152
90
123
150
97
118
283
123
124
125
161
109
78
133
162
165
140
148
99
104
109
32
88
150
279
124
99
152
141
126
118
152
271
155
80
203
95
159
211
124
141
170
131
186
253
113
124
107
131
141
269
169
170
168
304
108
11
47
161
172
211
120
135
162
126
149
58
105
170
51
16
239
203
297
99
254
136
125
195
258
239
59
49
35
219
139
226
242
227
146
98
150
