27
17
19
18
14
33
14
15
10
13
17
13
34
15
37
15
11
13
21
11
12
27
14
12
15
13
18
17
19
17
32
17
25
17
10
13
14
17
9
10
13
13
31
10
12
16
15
13
9
27
9
69
11
17
26
38
32
125
29
25
35
22
25
61
23
38
26
58
14
36
38
15
38
56
99
43
26
37
10
74
56
12
43
101
71
29
55
76
22
116
20
58
56
28
72
99
130
184
100
16
46
93
29
110
60
56
40
78
73
121
88
69
32
11
224
33
136
16
64
19
26
216
56
38
125
57
27
165
158
135
173
42
33
60
75
170
30
27
35
11
92
55
323
59
262
70
84
56
76
171
162
29
111
70
89
170
88
183
44
117
348
95
215
156
305
311
197
286
103
31
34
54
101
214
69
314
228
371
336
94
53
384
340
34
396
153
206
144
314
210
297
41
259
29
208
96
190
106
135
157
60
53
39
185
30
197
33
40
258
90
72
100
50
158
46
37
98
103
33
25
28
14
251
38
37
360
60
91
39
25
31
46
88
60
41
178
52
42
132
15
37
27
65
30
25
69
71
71
103
34
45
53
104
57
68
38
103
123
23
23
50
65
189
16
32
53
51
139
17
30
176
15
166
123
66
106
35
75
33
52
11
23
27
46
33
54
182
89
47
75
211
23
75
44
12
190
77
15
38
30
39
58
110
17
17
96
41
280
23
81
103
11
90
127
226
25
54
24
14
156
115
115
19
31
50
23
24
41
34
47
70
27
131
26
27
164
68
114
15
127
61
101
46
99
131
28
109
10
105
75
38
105
52
193
123
298
74
318
72
120
37
156
65
105
208
139
49
108
86
155
137
162
79
29
29
164
84
397
102
192
91
142
362
226
421
144
103
15
88
126
46
161
30
47
72
208
78
14
12
110
264
85
119
152
236
101
144
132
34
30
138
216
120
71
38
192
148
230
18
100
228
144
72
131
106
162
131
95
43
199
32
24
127
114
139
28
126
105
420
106
90
86
249
94
92
138
86
190
262
292
135
149
133
147
41
121
96
158
209
116
113
60
306
174
156
36
149
161
103
13
50
152
80
68
147
35
100
38
116
77
102
131
34
84
172
59
57
178
113
114
37
258
166
181
57
178
102
134
162
38
143
32
268
80
243
233
126
119
101
122
219
142
175
100
160
163
146
113
127
267
150
182
23
88
111
132
107
177
235
221
407
97
224
87
65
129
81
243
175
456
163
23
105
102
148
223
93
234
197
15
57
230
291
37
84
253
179
324
163
127
125
250
185
98
202
94
33
78
225
162
195
203
13
93
232
315
255
182
105
184
151
38
10
129
164
162
151
181
170
201
115
84
81
142
51
157
234
310
174
210
238
118
106
117
128
114
223
133
106
93
239
154
161
69
123
472
81
54
186
264
233
135
90
359
148
138
117
133
60
179
170
203
225
163
47
176
36
91
55
90
338
114
219
212
198
353
125
78
114
230
239
230
242
138
119
83
157
88
68
56
199
130
112
171
24
77
314
181
42
374
283
164
131
146
231
105
204
143
155
98
242
167
409
191
95
117
137
260
261
129
176
148
269
234
308
187
159
56
141
427
125
216
253
187
114
153
93
69
254
217
125
429
281
139
178
131
136
259
172
279
126
136
141
151
246
164
140
184
149
15
139
165
150
106
204
32
141
189
143
149
57
207
218
203
249
122
190
359
130
154
109
177
139
237
85
107
137
140
392
177
138
340
86
84
132
157
173
151
173
235
102
136
127
209
160
128
137
220
163
144
121
150
106
180
165
150
109
265
93
121
201
161
85
65
143
145
121
220
239
47
138
207
180
75
176
111
158
88
148
180
206
143
159
223
194
168
153
202
105
222
99
64
138
110
134
242
124
62
81
180
147
186
242
129
210
163
106
127
192
95
414
143
154
214
139
116
175
61
106
288
349
239
151
194
101
150
117
121
125
141
128
145
224
111
206
52
156
173
171
173
207
170
132
151
118
158
180
139
103
116
150
208
304
109
123
246
359
211
109
104
134
110
139
290
56
149
213
119
152
167
146
182
160
128
199
107
240
112
222
104
103
213
159
432
152
130
174
83
155
134
172
115
110
138
134
122
156
129
168
254
46
150
145
115
106
164
313
110
358
275
180
196
147
109
224
147
95
123
126
178
228
181
253
120
172
127
127
290
130
150
238
145
150
135
123
243
144
113
99
88
108
166
183
165
135
227
147
134
208
159
231
147
114
145
101
187
108
146
97
107
24
114
96
177
134
118
204
197
101
124
