27
16
34
22
31
10
17
9
14
25
12
20
11
12
14
20
12
18
9
26
43
22
28
9
19
17
14
12
9
21
10
21
11
41
22
15
27
24
39
14
21
32
22
11
17
13
24
46
12
12
32
16
14
17
41
16
62
24
19
28
19
20
32
47
15
61
45
32
46
19
30
14
24
39
35
49
27
17
47
41
86
66
36
74
44
61
32
31
97
117
39
78
26
18
32
20
35
42
69
115
90
138
17
61
121
28
70
66
121
36
62
83
13
58
72
108
38
74
113
88
59
113
19
64
116
106
105
36
78
133
108
123
146
13
94
115
72
109
79
86
139
42
23
51
107
97
126
126
57
248
98
118
104
104
29
212
148
155
115
41
204
205
170
98
56
93
247
42
16
169
343
242
207
222
85
130
409
166
278
17
210
190
135
240
226
273
152
184
113
230
319
209
64
119
232
136
201
216
323
222
267
226
223
204
220
232
304
237
277
186
220
188
281
249
203
234
186
345
179
167
249
242
141
147
203
267
351
43
38
211
214
192
239
217
109
242
134
132
292
250
256
493
93
182
106
343
371
224
265
108
129
272
253
278
220
202
400
318
309
264
260
222
248
265
232
253
317
318
193
196
108
151
271
249
55
240
300
232
221
174
60
178
319
190
324
216
216
298
295
181
257
254
359
287
163
160
181
249
220
130
168
198
207
213
18
275
204
75
224
289
201
193
237
25
248
188
219
105
174
177
74
253
233
191
243
119
213
200
267
141
198
234
167
186
53
204
228
42
363
161
192
156
231
284
251
168
213
236
205
326
218
182
217
191
203
214
136
213
208
240
170
99
47
169
196
193
83
214
194
234
231
201
189
217
309
224
221
200
377
208
200
206
179
212
168
220
178
149
166
201
237
167
209
174
170
244
189
207
187
179
133
24
199
172
213
69
173
177
122
208
173
207
247
193
169
246
182
194
40
170
197
191
178
175
182
167
197
163
166
207
212
189
202
180
164
170
156
184
153
165
201
185
189
152
157
174
151
181
192
170
167
176
189
194
177
196
166
152
180
154
185
162
191
166
201
171
154
153
164
178
155
180
173
220
25
60
155
39
80
154
225
262
194
209
223
254
223
229
487
180
126
266
187
347
201
322
265
247
256
274
181
228
449
234
232
249
258
211
321
211
291
215
330
341
212
42
298
256
49
206
294
258
264
258
261
291
295
257
264
271
218
214
235
345
350
213
256
56
310
112
230
197
326
356
245
269
310
354
289
218
215
319
238
209
336
473
373
237
235
257
239
259
404
163
186
223
213
314
213
192
68
291
201
198
43
37
159
244
117
269
290
269
273
299
242
429
385
277
164
231
219
30
322
458
178
347
311
264
196
316
231
205
290
304
384
369
77
270
209
209
199
375
236
237
210
268
272
427
213
201
276
254
355
322
499
362
10
30
282
276
374
242
308
268
253
357
368
199
229
355
355
238
49
292
285
219
238
214
271
204
261
229
46
126
150
207
38
275
67
123
242
207
69
233
223
212
227
226
180
168
243
239
270
333
243
256
260
221
244
226
186
240
231
178
224
225
208
70
194
228
219
398
194
250
209
240
282
157
202
121
16
276
279
181
268
326
16
84
295
234
272
221
194
218
236
284
316
273
190
409
499
130
318
304
327
309
320
46
327
333
290
177
37
351
366
479
337
499
499
231
489
45
88
499
255
174
238
31
398
266
40
37
105
25
251
322
154
191
143
195
195
80
34
190
117
137
198
47
189
420
345
120
175
256
266
337
242
88
178
195
218
256
447
141
164
329
169
270
258
246
297
212
166
221
91
193
499
144
160
172
164
23
36
28
58
271
137
499
32
212
336
200
87
176
192
145
110
224
192
173
205
195
156
220
189
196
171
158
185
222
167
224
215
163
202
217
263
251
200
186
199
194
178
67
218
159
210
196
180
182
225
194
211
199
156
200
205
167
238
193
184
178
252
181
153
190
277
149
257
221
174
179
499
284
230
144
103
240
159
283
190
116
243
171
268
237
315
211
245
273
215
372
203
292
160
271
214
164
242
58
211
189
288
499
212
190
425
79
322
399
284
314
57
228
94
48
162
314
299
343
148
166
244
101
31
101
259
349
59
109
105
28
31
174
55
499
217
249
85
223
221
158
83
238
131
205
227
260
222
139
123
116
167
152
200
333
220
158
272
227
193
206
131
239
222
328
212
217
273
291
30
177
164
261
57
71
277
245
172
199
162
179
339
220
417
275
188
298
225
161
149
173
186
234
499
17
343
281
279
90
