24
14
19
16
22
26
14
11
10
10
10
38
32
13
14
26
15
15
21
35
32
12
14
19
17
25
10
14
10
9
10
9
12
18
13
17
19
13
13
17
13
18
17
15
8
10
13
15
55
10
32
12
15
11
12
25
24
16
7
18
12
20
22
45
97
17
59
34
9
15
13
27
47
39
23
112
22
51
61
24
51
20
33
52
85
41
26
14
59
15
43
34
63
66
89
32
75
25
87
26
174
34
54
49
62
41
44
88
51
18
12
53
62
43
78
31
99
166
60
90
62
41
69
55
77
12
88
36
113
140
104
192
93
118
40
77
89
29
104
43
140
95
24
107
150
96
137
115
114
31
160
61
166
162
38
259
125
181
131
270
112
120
90
173
187
126
182
187
154
32
139
46
174
180
221
272
23
11
313
158
122
209
105
202
53
117
96
169
224
70
214
234
187
201
210
171
168
222
66
177
192
208
220
21
317
209
240
269
208
198
223
118
195
290
158
142
114
257
198
213
100
248
251
237
122
218
200
362
257
210
244
281
250
294
110
35
352
236
375
26
220
23
147
290
161
199
328
219
231
247
243
293
196
275
146
123
55
286
284
72
409
433
288
96
210
266
325
74
183
185
239
177
235
261
219
240
157
305
318
232
245
325
102
227
320
231
261
205
410
200
184
249
224
228
263
194
236
265
224
208
349
250
211
357
290
292
295
382
266
399
255
197
390
218
255
354
301
128
251
401
281
214
239
41
81
327
138
364
12
270
243
274
314
142
78
196
41
251
224
275
232
30
161
227
231
201
84
258
224
140
210
167
190
192
194
271
224
213
183
184
205
264
198
305
106
208
184
190
201
190
192
174
184
215
216
193
200
125
134
200
236
171
176
175
202
199
192
199
172
208
201
173
198
197
197
184
257
224
171
219
209
205
197
208
215
179
235
256
240
226
46
268
212
400
222
182
192
257
204
266
249
226
209
207
194
228
214
245
226
195
217
209
284
225
281
231
223
206
205
224
197
320
191
249
220
27
151
62
151
213
106
183
196
93
209
201
294
224
264
241
187
226
230
155
224
190
197
199
215
200
185
186
170
188
179
201
215
43
100
231
217
172
187
236
175
276
205
315
192
188
236
181
196
141
499
186
322
322
223
333
323
426
259
349
198
199
135
298
185
213
114
169
313
244
247
207
214
499
499
355
251
287
17
33
19
61
247
229
268
343
191
76
219
218
276
256
112
217
178
211
162
195
306
220
251
283
211
120
302
332
175
332
189
195
171
157
219
238
283
205
28
199
200
79
224
206
98
331
195
242
172
204
217
245
247
243
275
255
206
282
286
241
499
499
475
47
353
266
499
499
209
262
448
267
167
231
158
138
171
146
137
174
120
146
134
157
166
143
126
153
130
118
176
189
137
152
188
145
136
116
209
160
186
135
184
169
167
171
499
299
124
339
198
178
160
144
128
168
225
129
128
114
138
189
141
142
237
116
256
228
211
166
153
179
203
178
158
143
138
133
134
144
145
121
140
118
118
158
172
120
154
138
169
138
215
293
182
185
161
11
102
169
343
144
120
33
115
95
227
229
232
499
239
348
181
499
499
377
218
153
245
231
209
220
176
375
115
300
90
171
162
44
209
197
51
202
205
196
205
258
221
357
295
378
237
180
262
208
319
332
499
201
281
227
199
236
316
499
323
192
38
273
233
257
202
231
188
216
224
166
350
44
239
255
159
225
200
181
208
228
201
201
468
212
201
264
172
194
170
196
177
243
184
182
243
181
307
175
332
475
222
316
220
330
355
123
196
106
159
39
320
268
235
229
187
175
259
247
176
150
165
272
90
283
499
315
162
254
173
196
27
32
101
75
14
23
83
97
212
147
240
220
272
159
437
304
211
236
161
206
208
184
212
373
151
230
272
158
237
157
175
200
247
129
249
132
141
200
136
147
182
181
138
266
205
151
231
149
168
212
244
369
318
99
317
202
268
157
305
228
187
184
367
189
232
189
201
179
85
303
271
240
269
191
221
209
171
224
189
228
326
227
248
370
191
225
194
232
193
254
272
232
150
499
280
101
499
191
253
232
248
297
159
206
231
273
213
199
227
197
183
141
118
140
169
175
303
225
208
345
55
130
165
162
44
172
161
146
99
40
158
69
140
244
115
28
226
108
159
187
279
348
270
227
224
184
277
256
257
291
233
499
252
267
296
392
499
499
256
499
246
237
91
37
499
178
499
499
250
286
360
241
499
499
314
172
116
84
251
160
196
106
168
200
230
196
349
41
198
334
