25
10
12
19
17
16
32
13
34
33
24
28
22
20
19
12
24
68
29
15
11
17
14
27
17
13
12
26
27
12
14
17
17
23
23
16
17
20
13
15
16
11
22
11
16
15
31
19
8
18
11
12
13
11
19
11
11
16
19
21
15
27
15
16
13
16
13
24
20
14
15
12
11
27
9
12
13
11
12
21
14
13
13
36
15
16
10
18
9
25
18
13
9
13
11
15
8
10
11
17
10
19
16
20
12
15
19
12
12
8
10
13
9
9
9
9
17
16
17
10
16
13
11
10
10
13
17
14
12
8
11
9
10
15
9
11
14
11
9
12
10
11
8
9
16
9
11
13
13
7
10
10
9
12
17
11
12
9
15
14
12
8
9
8
11
11
9
10
9
9
13
9
9
9
13
11
20
10
9
10
11
9
15
8
17
22
13
9
12
12
15
8
24
10
9
9
11
10
11
14
10
8
16
11
9
14
12
9
10
12
8
9
8
9
12
10
14
9
23
9
7
8
12
13
13
10
11
14
10
20
17
11
8
9
11
9
11
8
9
12
9
11
11
19
8
10
11
8
8
10
10
13
9
11
16
11
8
11
15
12
10
9
12
8
15
15
8
11
13
9
8
10
7
16
11
7
8
11
9
12
10
11
10
11
11
13
8
12
9
9
8
11
9
9
9
11
7
8
11
13
9
9
11
8
10
10
14
9
9
10
8
10
8
9
10
10
9
9
7
8
9
21
8
8
10
11
28
7
9
12
8
18
8
8
12
9
32
18
11
9
11
10
27
40
20
19
58
9
8
14
39
11
20
9
34
9
27
20
9
17
15
24
20
16
22
11
16
24
23
8
9
36
10
16
19
19
15
10
8
14
28
11
11
25
11
13
11
19
21
15
11
14
26
18
9
11
12
16
17
25
23
28
11
37
37
17
14
13
14
21
11
26
11
11
18
9
31
19
17
55
9
12
42
21
21
31
11
27
54
32
29
17
24
19
18
34
12
18
67
22
10
9
24
29
19
9
53
34
20
20
11
18
31
23
13
26
50
49
46
13
15
22
89
20
17
47
12
30
47
19
59
32
18
43
35
13
28
36
12
14
29
35
24
27
11
44
16
19
25
24
10
17
14
30
27
30
31
39
79
35
48
27
26
27
39
42
34
38
44
45
42
38
43
47
63
84
31
79
66
66
67
11
67
91
104
82
23
11
12
13
9
11
9
11
8
9
9
10
11
9
11
8
10
11
13
10
8
11
10
11
9
8
13
10
11
9
10
9
10
11
12
8
13
10
11
9
10
10
10
12
9
11
9
8
11
10
16
9
10
10
9
10
11
10
9
9
10
8
10
8
10
10
9
12
10
10
12
10
11
8
13
10
9
19
12
9
10
9
54
9
11
11
9
11
14
25
10
10
14
10
28
57
9
13
7
17
19
10
28
18
10
10
81
11
8
10
106
9
27
8
10
61
15
10
13
11
10
13
10
11
9
10
14
66
10
11
15
16
69
79
23
12
23
15
10
10
9
10
11
14
8
11
11
8
21
13
15
11
10
10
11
8
14
12
16
9
11
12
12
15
17
11
13
12
11
51
11
12
12
16
14
10
61
19
65
11
10
12
13
12
9
9
12
10
13
13
13
9
61
13
8
9
19
16
9
19
12
12
9
73
11
10
10
8
11
57
18
15
14
9
16
14
81
17
20
19
11
12
11
147
11
23
11
10
13
9
21
23
21
19
23
13
25
12
8
32
20
22
27
23
15
17
37
31
10
22
13
10
27
17
28
11
9
14
11
19
15
13
19
21
13
17
12
12
11
19
9
17
25
25
30
13
9
20
16
32
9
20
9
9
18
11
9
9
9
21
15
21
11
65
22
25
11
9
21
9
10
9
33
9
20
22
14
15
10
12
26
23
19
14
16
9
9
18
22
19
8
16
13
20
40
18
22
21
10
19
20
16
14
14
19
10
11
11
11
9
9
12
15
17
16
26
10
27
38
13
13
26
24
16
17
25
9
25
11
21
15
15
14
13
13
26
10
18
21
15
32
26
18
10
9
24
12
28
46
17
59
42
43
19
14
24
16
25
11
16
97
34
18
19
37
26
15
28
12
18
14
15
17
32
27
18
32
20
15
21
32
14
41
12
8
34
28
12
21
66
19
15
19
17
41
24
32
15
13
12
12
15
27
13
24
9
23
50
14
18
14
12
14
9
26
26
34
24
20
27
12
13
19
10
27
15
15
10
18
39
11
55
20
29
25
27
12
22
67
13
28
19
53
10
