32
31
29
24
67
15
26
34
23
29
25
15
25
30
13
15
11
12
16
22
13
18
15
12
22
12
14
17
27
17
14
22
11
15
16
33
15
22
13
17
15
15
14
17
16
17
27
18
19
20
28
19
15
11
12
18
19
17
15
15
10
27
9
11
30
10
14
28
15
10
17
12
27
43
40
28
33
38
50
28
16
28
59
96
20
38
14
15
59
53
88
21
89
29
47
69
39
34
102
50
39
24
13
21
30
36
18
44
25
17
41
19
120
83
51
20
24
104
56
47
75
45
78
49
65
89
29
48
56
72
82
48
50
54
92
91
55
132
100
15
120
86
155
79
78
101
154
33
133
19
145
148
147
30
98
251
66
162
139
81
41
101
121
157
207
143
72
142
172
127
112
264
114
159
186
297
254
202
299
207
124
217
66
255
229
53
109
235
223
43
124
263
300
256
424
292
389
301
152
229
225
367
289
368
236
300
56
301
62
431
420
259
312
206
378
282
380
298
209
377
451
500
44
335
137
500
86
263
342
461
222
261
146
292
263
115
63
228
287
354
295
298
259
73
435
17
237
48
500
500
396
183
381
194
284
365
184
319
271
191
268
392
210
323
483
405
260
445
321
239
227
282
423
389
289
244
285
251
287
299
328
251
419
378
354
292
260
390
68
259
349
256
373
332
50
330
331
370
309
348
181
306
240
335
339
332
347
371
279
222
344
451
349
232
309
269
374
244
264
280
281
396
378
365
328
276
204
109
349
279
320
290
481
240
349
384
362
320
311
304
500
444
500
306
322
279
113
384
346
410
368
367
500
341
422
322
302
277
333
191
374
333
480
404
397
500
436
449
274
56
232
500
496
336
436
481
413
500
491
407
317
488
384
314
500
332
366
295
500
424
500
294
307
203
350
500
389
325
500
446
284
282
459
317
230
346
468
426
398
311
280
307
500
248
354
406
344
409
317
494
347
394
500
300
350
479
469
335
370
216
304
323
304
270
224
361
281
500
419
320
421
309
403
456
332
500
368
329
362
361
417
441
333
317
500
465
260
343
487
334
323
419
299
327
350
292
359
500
241
268
327
299
261
326
296
500
326
418
397
322
299
461
442
500
499
381
232
216
307
275
333
264
288
297
284
227
209
257
254
193
413
415
256
311
229
177
177
497
245
500
322
304
244
308
279
197
217
154
323
287
298
193
256
464
300
500
292
101
251
213
184
330
99
193
275
500
404
205
141
237
157
394
500
219
500
436
194
500
168
204
207
480
191
288
130
242
283
248
299
184
225
353
178
108
260
411
135
17
397
335
186
500
308
361
150
194
391
453
379
173
164
315
500
225
261
269
394
249
112
176
75
426
500
167
322
127
304
266
345
500
124
199
315
280
179
264
403
192
183
328
170
220
285
194
119
243
183
314
170
249
150
475
183
317
165
433
194
258
379
183
184
315
243
219
325
202
251
413
186
273
460
146
136
216
170
115
172
500
500
147
292
218
295
275
117
258
439
182
177
184
170
185
61
95
148
383
188
165
358
144
300
500
273
222
500
214
500
180
206
162
171
196
265
158
186
231
500
345
348
407
298
395
136
331
252
25
363
320
172
189
152
181
280
261
140
139
216
270
386
223
255
260
177
142
266
336
256
151
225
500
160
168
243
189
36
162
484
500
403
476
178
349
186
441
190
500
354
172
155
161
428
219
129
294
226
414
284
166
179
151
135
137
279
385
259
158
212
266
199
181
265
298
239
183
393
234
292
184
146
257
221
231
241
293
500
225
321
144
309
163
250
475
455
258
152
207
278
473
169
242
331
192
127
132
215
239
201
204
343
177
153
139
241
180
206
208
162
418
232
376
188
177
500
156
277
500
450
220
196
320
200
247
279
264
164
227
279
212
183
177
250
144
158
39
242
257
422
156
470
185
195
182
500
494
268
264
196
266
276
304
191
128
275
180
337
251
161
500
286
299
173
308
222
296
218
155
137
188
209
234
500
398
419
248
25
316
292
172
165
192
186
244
500
315
262
268
207
216
366
202
345
169
158
205
171
194
136
319
432
291
288
315
225
270
238
179
168
248
143
500
170
170
222
150
176
239
263
217
49
171
408
169
208
260
373
210
414
367
274
269
129
357
233
448
38
280
328
496
500
254
316
383
148
291
179
500
191
226
500
146
261
296
273
411
365
272
175
284
419
276
407
428
355
381
269
231
93
226
151
179
152
245
346
297
179
219
199
278
433
268
212
277
247
156
289
252
237
357
282
500
139
333
297
500
194
355
350
175
162
152
