32
13
16
23
15
33
15
10
10
10
18
17
49
41
23
9
51
14
13
25
22
24
20
10
18
26
12
19
14
36
23
12
27
22
13
14
8
12
14
32
26
8
21
13
18
13
10
29
25
25
12
11
12
19
10
10
9
12
8
18
10
15
15
9
10
15
11
26
11
18
43
95
39
40
34
50
25
21
17
30
45
30
47
23
19
34
64
64
57
14
21
23
16
31
115
35
52
26
40
65
65
55
29
75
18
25
71
82
107
87
41
41
26
38
94
56
45
86
64
29
89
21
60
72
112
54
74
70
78
67
153
89
20
139
101
103
157
152
113
113
73
70
13
39
208
94
12
172
187
56
61
249
116
55
70
202
135
220
274
117
174
259
70
230
238
280
263
142
189
428
216
218
151
122
35
182
132
84
145
499
309
70
96
326
216
200
313
235
263
164
299
50
471
27
342
134
270
256
216
311
281
265
254
214
255
163
252
243
293
239
21
400
283
275
292
249
300
313
355
232
263
243
461
353
285
153
407
173
301
499
184
367
242
224
352
365
307
93
301
369
216
319
202
398
315
259
233
258
329
265
216
296
250
254
306
384
334
79
362
260
281
326
264
499
278
299
359
194
281
232
322
236
306
133
249
101
327
256
317
269
296
286
105
292
299
31
323
91
417
263
37
274
307
499
288
266
228
240
280
317
444
279
499
254
274
480
233
383
282
263
284
278
264
313
353
345
295
241
317
276
236
230
299
350
279
368
206
269
294
267
215
287
345
331
273
280
372
370
264
344
270
353
258
357
300
371
393
404
355
324
300
332
242
287
300
381
377
214
279
240
335
266
336
331
68
186
30
383
144
311
309
308
348
499
292
435
258
197
279
329
242
294
440
324
370
462
332
231
245
366
337
248
357
345
409
226
243
415
314
357
240
229
296
297
335
297
364
295
326
246
232
301
231
337
248
229
273
206
279
265
255
291
265
499
400
242
248
261
466
219
253
454
230
225
189
207
346
381
259
244
239
289
255
317
274
266
272
285
249
235
207
308
316
300
308
220
251
314
499
299
227
252
499
382
226
332
207
240
250
393
286
326
280
287
326
246
289
312
318
271
304
320
230
354
311
306
229
295
283
268
241
203
400
343
301
235
265
225
360
246
267
210
230
335
224
308
250
279
238
303
231
313
272
300
321
370
334
227
345
326
359
237
285
306
229
253
228
221
295
254
66
276
340
359
272
239
252
334
238
334
296
318
270
332
292
499
258
212
261
268
178
316
374
226
274
236
267
453
166
313
164
164
232
228
310
290
234
162
262
197
292
499
201
269
321
180
213
182
210
161
499
34
176
164
220
221
216
217
239
174
141
301
228
185
271
321
203
133
148
237
210
292
361
186
179
200
247
248
258
310
239
284
344
173
206
202
209
194
232
81
138
177
220
173
168
244
215
175
90
163
167
197
275
338
181
177
403
199
221
169
184
192
249
297
241
191
207
23
249
156
406
250
227
178
210
119
157
137
241
361
243
184
195
139
349
219
262
183
301
204
220
204
348
158
144
144
60
147
185
198
291
130
170
369
239
186
211
228
281
202
240
279
300
364
160
206
217
260
274
188
310
262
294
237
321
189
358
163
365
235
254
259
236
201
305
200
241
476
193
354
256
321
252
200
217
212
234
370
142
241
378
488
184
329
210
141
350
193
251
306
317
488
286
175
266
315
141
239
203
478
318
452
168
285
293
139
329
211
238
323
208
464
205
201
166
179
192
147
317
236
162
319
236
346
219
499
291
499
334
181
129
308
152
206
116
196
499
160
216
375
137
14
315
174
229
209
232
304
271
147
287
463
227
168
130
207
435
139
200
219
289
230
270
320
190
200
181
162
199
250
194
191
228
235
425
168
159
244
301
296
442
184
253
186
272
215
205
214
195
202
250
253
484
243
335
140
293
137
241
315
202
291
499
222
119
251
205
200
147
268
354
499
240
329
220
171
255
178
115
351
244
399
147
330
166
339
212
129
183
233
363
24
372
163
219
142
157
198
215
260
338
184
154
293
240
157
193
198
262
456
203
132
290
350
207
263
147
189
249
204
230
208
184
100
108
178
315
149
135
223
368
269
158
261
233
148
203
470
277
198
191
213
473
140
180
234
290
350
376
296
244
110
201
195
337
325
181
281
173
170
161
405
161
119
263
249
187
142
118
178
129
169
194
284
261
303
351
332
181
97
126
225
154
143
228
69
274
181
378
256
160
254
349
162
383
149
275
222
208
408
256
291
169
141
410
164
132
162
261
147
