31
45
25
21
19
22
33
18
26
13
10
13
22
18
21
22
26
13
16
14
10
13
12
15
18
10
19
20
13
28
21
12
10
17
17
14
17
10
12
20
16
20
23
9
15
23
8
19
24
16
25
29
29
15
12
15
21
8
29
23
13
23
11
7
8
18
16
8
20
9
14
15
12
31
16
17
9
37
49
11
16
33
92
14
21
20
70
41
14
47
37
63
56
66
58
45
12
50
21
59
87
52
76
41
19
78
33
26
35
18
53
17
31
21
70
32
19
48
31
65
55
69
38
65
72
30
17
91
40
57
24
47
31
41
34
71
38
47
52
45
58
112
106
27
22
35
48
21
129
19
114
201
108
70
77
107
45
144
29
359
160
136
104
35
71
168
126
139
164
55
165
100
121
230
191
152
239
54
17
243
229
148
127
244
174
208
331
62
184
286
24
196
181
330
251
212
283
271
60
209
217
311
211
314
221
107
263
278
405
174
394
40
253
125
268
252
167
42
331
214
106
146
295
12
351
117
225
47
291
154
234
209
339
14
34
309
237
478
11
24
139
499
20
309
290
274
165
258
198
282
146
335
273
352
182
409
257
161
201
233
71
263
213
138
33
174
187
266
252
268
317
87
336
235
153
297
220
219
281
136
297
301
207
276
35
200
237
198
226
226
9
234
316
177
217
208
229
153
254
235
309
122
194
307
151
289
241
251
285
316
291
271
255
215
221
276
356
224
181
266
88
293
126
216
309
252
225
262
344
305
187
238
325
256
233
245
411
375
216
211
225
281
248
203
298
319
328
231
337
279
271
278
225
238
34
288
392
322
232
304
288
270
40
195
15
246
253
284
287
204
187
173
199
206
264
118
211
253
259
210
222
271
320
217
14
64
341
285
323
212
255
231
221
272
245
261
226
221
198
188
199
176
219
227
147
299
57
270
42
209
246
235
263
193
175
192
189
36
216
237
187
204
176
269
272
310
214
212
224
252
302
198
236
230
180
205
223
30
237
310
240
226
240
198
180
223
201
184
226
208
489
244
203
216
306
213
219
199
192
260
279
238
191
211
244
196
259
236
221
326
373
194
232
221
345
188
232
267
234
273
185
270
187
203
175
200
286
262
197
221
184
295
216
440
139
212
45
221
499
399
220
320
212
375
359
219
226
266
381
263
417
316
176
362
262
231
234
482
247
209
256
154
322
151
266
228
168
192
292
185
499
258
277
140
257
190
192
140
68
160
189
234
204
232
170
22
270
426
232
382
273
339
181
333
189
499
26
199
189
431
249
248
327
270
216
147
173
278
264
174
130
349
229
256
41
499
195
182
339
227
240
246
305
280
368
197
340
278
327
193
70
189
224
194
97
276
216
207
231
288
24
210
173
137
203
253
237
301
76
384
205
142
189
170
157
211
32
59
220
236
195
179
224
244
244
250
242
373
406
499
397
499
208
142
228
239
73
221
260
211
179
351
301
214
210
60
212
198
232
103
419
272
275
269
254
168
170
168
219
220
122
284
143
97
189
308
136
117
320
191
189
341
237
297
294
190
205
186
173
294
231
231
246
210
65
202
59
23
499
88
214
210
47
293
220
222
213
245
470
118
313
195
206
208
219
232
299
263
360
197
279
216
250
222
221
227
226
255
334
436
270
290
414
215
232
499
274
275
311
196
473
158
274
208
257
231
335
92
178
237
28
73
499
362
318
88
257
466
245
260
309
159
132
165
499
447
394
469
213
274
384
124
221
216
367
130
291
45
129
261
86
181
131
232
236
318
39
243
33
50
27
316
385
268
382
20
149
127
367
210
198
249
176
372
147
36
119
245
155
314
183
238
224
170
303
160
167
199
174
325
206
278
318
473
269
272
164
194
374
346
271
139
39
143
125
499
335
45
129
499
37
150
163
460
167
488
450
122
213
211
172
161
177
252
60
160
63
210
126
150
174
206
42
193
76
140
195
95
199
183
175
201
175
138
181
139
499
220
192
244
264
161
166
195
216
149
162
193
136
224
147
214
174
182
164
139
171
69
220
189
242
159
219
499
254
184
139
13
499
429
242
265
272
141
499
55
149
178
129
139
140
230
21
203
133
135
175
161
251
151
115
187
130
156
166
181
60
55
138
100
191
260
63
57
50
46
385
162
86
127
64
137
127
112
123
33
175
123
174
120
127
147
223
153
129
135
76
127
143
256
191
161
147
132
218
174
156
229
147
156
147
108
224
300
299
240
232
227
233
171
255
164
384
133
145
375
186
240
143
227
173
252
150
131
177
369
121
158
136
231
