25
12
56
13
13
14
14
8
11
13
26
11
56
27
49
30
30
10
11
14
18
16
16
14
13
11
24
11
13
46
14
25
14
18
21
29
16
10
20
17
30
28
13
15
20
12
21
10
13
15
17
16
11
9
22
27
10
8
13
14
11
16
13
9
23
14
19
11
10
14
12
13
24
9
15
27
27
16
8
40
11
10
10
14
23
14
8
17
57
14
11
15
9
22
10
18
9
7
10
55
11
11
13
12
17
10
20
15
14
9
10
17
17
13
10
33
7
9
14
9
23
18
22
9
12
9
70
14
19
11
19
8
11
20
16
9
10
13
10
31
11
10
22
11
21
23
60
20
26
22
15
12
19
19
22
19
11
12
8
34
13
23
29
44
90
25
136
97
85
30
17
74
18
31
105
17
49
58
67
33
20
48
15
16
100
36
10
103
17
26
11
29
29
46
15
29
36
33
25
38
13
9
18
29
10
81
12
12
29
20
9
64
11
71
18
52
11
30
47
28
40
43
16
37
31
23
31
11
52
47
45
63
9
41
31
13
19
32
52
40
38
33
12
30
24
20
14
11
11
9
12
31
21
11
21
11
9
34
17
8
16
16
21
25
11
39
28
17
32
15
18
14
18
30
34
13
15
30
12
10
41
33
19
9
28
38
24
21
12
25
24
12
15
17
12
44
11
15
38
12
33
8
38
19
20
29
10
22
47
12
27
38
11
25
32
9
32
9
32
47
9
12
13
24
26
20
13
10
26
11
30
13
32
37
34
28
34
18
37
14
59
42
112
46
64
57
44
63
27
28
57
9
49
34
62
49
46
64
60
46
51
18
27
57
60
52
38
26
45
44
29
44
26
57
66
30
28
16
10
66
13
17
27
12
30
35
13
26
11
30
24
32
10
11
12
49
13
18
15
21
22
10
35
25
15
9
12
15
13
11
12
17
20
18
17
14
16
21
17
12
10
15
17
12
53
16
15
14
12
28
35
17
9
12
14
22
21
17
15
15
13
15
12
13
13
17
20
17
17
12
15
9
11
17
24
18
11
24
13
23
15
11
42
29
19
16
20
20
24
13
29
13
13
13
16
14
12
13
18
17
25
19
11
12
14
16
17
16
11
11
16
20
12
8
18
15
51
23
42
14
15
13
14
17
12
25
34
20
8
12
15
14
21
33
9
43
13
59
109
33
42
114
80
11
98
132
154
29
14
100
15
122
63
26
32
88
53
23
50
70
44
129
35
41
46
29
83
27
16
79
144
173
46
137
137
49
23
23
194
49
229
74
80
42
108
44
165
41
18
68
51
104
51
66
54
131
47
171
55
129
98
76
13
65
187
42
91
56
98
10
27
99
11
61
48
42
49
11
31
36
133
77
95
10
48
120
49
59
75
157
89
101
62
156
10
10
11
9
13
11
12
8
9
11
14
10
14
10
12
16
22
19
14
20
15
15
22
16
22
18
24
21
22
28
20
17
29
28
23
25
21
22
25
30
30
23
22
24
22
34
33
34
26
28
39
45
39
53
38
38
29
85
45
51
68
55
47
61
102
66
51
56
78
70
55
68
104
62
64
60
58
62
80
69
95
58
82
79
128
99
87
56
124
63
115
68
192
137
179
86
108
84
83
59
84
68
181
40
39
40
98
100
80
105
66
102
82
86
133
91
74
75
73
108
88
70
71
67
71
86
80
11
105
122
128
117
108
111
153
128
127
151
166
120
132
23
20
115
144
22
22
124
119
16
38
108
125
108
19
111
44
17
11
94
17
95
19
74
90
80
79
120
22
10
15
11
10
15
13
38
11
84
75
68
17
85
74
16
45
14
15
17
13
28
67
66
12
11
19
12
27
37
91
74
76
78
77
64
10
11
82
74
15
75
82
11
80
47
11
73
20
162
72
87
42
75
30
11
40
40
37
36
51
22
158
75
10
35
35
25
35
72
26
169
76
30
66
50
8
120
29
47
46
98
22
156
72
38
37
75
28
8
62
34
34
28
23
53
26
35
107
28
48
25
26
48
13
23
17
46
10
11
11
23
8
119
13
11
36
32
37
26
35
9
88
33
23
30
27
11
31
25
12
26
38
18
38
30
11
11
9
30
23
27
53
34
32
29
44
36
28
12
24
29
11
22
58
29
33
26
28
10
24
22
82
43
34
10
31
88
123
50
28
28
19
92
8
10
16
11
13
31
33
10
31
37
11
80
31
11
29
29
13
28
28
10
26
99
10
14
10
17
27
29
13
28
46
24
8
45
33
33
28
30
10
30
28
25
14
12
