21
11
43
17
16
20
19
17
17
17
55
16
15
44
12
9
12
37
27
11
16
12
23
16
26
26
23
10
15
17
10
19
31
15
16
13
14
47
20
15
22
16
11
24
11
14
20
12
20
12
16
17
19
24
15
20
9
13
13
14
25
23
11
59
86
26
87
37
15
20
56
17
82
13
78
45
57
10
37
26
23
33
35
73
32
17
39
47
27
19
31
23
26
67
41
36
42
26
28
32
46
20
101
24
33
33
32
28
44
47
38
81
44
51
38
106
41
73
43
21
91
111
42
57
53
41
23
83
70
61
70
51
131
63
179
143
124
128
220
442
322
66
67
130
142
17
53
175
116
168
47
116
215
160
26
170
158
70
283
191
84
89
109
193
195
238
11
166
113
101
220
201
230
130
267
182
27
241
171
298
248
251
311
34
129
52
228
233
127
286
74
261
283
169
244
14
89
245
336
208
100
224
261
253
246
243
267
222
179
290
252
285
137
258
290
17
136
216
318
233
283
50
243
240
268
212
260
253
44
317
18
272
277
206
259
288
180
322
214
258
237
284
273
246
295
96
255
351
231
297
365
310
248
361
290
115
239
266
284
297
244
268
272
281
286
264
274
286
258
221
290
277
232
250
247
269
271
286
194
255
277
298
243
263
302
271
235
339
298
255
282
283
289
261
270
254
256
260
256
194
332
276
266
250
219
332
260
289
301
356
237
231
264
318
233
252
92
241
272
253
237
21
275
256
267
304
270
210
298
301
336
264
341
255
288
238
259
300
235
287
252
257
242
241
298
274
275
244
306
252
298
201
250
226
335
307
260
258
241
237
251
217
274
306
243
281
245
229
236
270
208
345
241
222
286
267
141
41
246
222
281
222
263
210
259
288
223
284
258
271
358
286
144
295
261
282
259
62
346
225
270
278
214
16
282
232
255
253
284
253
258
269
145
227
14
262
247
289
204
286
146
267
275
237
258
310
238
285
231
291
212
233
273
266
204
290
206
290
213
269
281
44
196
264
200
247
235
238
218
233
225
199
264
163
236
223
253
242
254
354
248
269
80
272
233
500
236
213
228
262
214
301
263
168
280
219
252
262
211
178
396
196
239
209
261
231
226
320
24
251
320
216
258
169
323
51
248
211
239
224
265
169
286
287
264
293
264
302
297
236
282
314
245
200
374
179
44
145
71
289
326
276
277
205
243
223
260
363
194
266
215
266
260
242
279
455
217
236
299
224
203
263
243
300
51
226
317
220
118
253
241
321
295
266
340
235
274
267
249
192
312
258
297
233
370
248
251
246
263
422
318
353
173
297
294
265
314
122
180
224
246
206
375
336
178
290
219
320
292
264
215
304
312
288
249
370
347
162
216
229
182
179
402
230
300
209
259
196
245
189
314
220
136
65
440
235
276
364
271
469
166
176
182
276
135
353
208
215
399
205
259
291
206
218
190
223
347
173
166
214
233
24
173
190
245
247
177
260
188
325
161
392
208
175
196
175
149
304
224
166
183
449
218
147
161
216
147
141
277
129
177
249
278
85
353
20
322
200
115
184
325
254
251
457
209
190
172
157
439
259
120
198
348
236
272
182
155
179
201
151
196
214
120
154
309
183
277
373
204
191
399
143
164
408
223
179
363
321
203
175
201
195
135
223
127
195
139
240
135
162
186
159
135
134
118
227
157
342
109
117
133
211
135
156
271
265
210
389
204
176
141
202
229
194
192
215
223
154
170
258
195
114
213
263
159
96
171
225
243
142
154
170
119
332
205
237
145
190
167
126
125
137
259
270
108
140
168
294
122
73
17
223
284
221
38
169
112
155
131
208
236
126
153
97
130
218
13
168
332
176
136
124
358
272
121
161
331
192
164
300
97
207
174
199
248
184
176
280
160
119
131
206
261
245
233
200
193
114
193
139
204
127
126
237
205
124
135
119
180
39
179
208
333
168
140
132
116
165
176
249
181
197
119
147
98
233
247
146
142
130
129
146
110
135
149
113
105
287
186
191
240
189
212
141
99
225
130
172
302
280
159
147
188
204
180
154
120
121
101
308
158
154
175
124
132
159
259
278
145
150
133
141
130
210
55
206
136
149
217
171
217
52
121
144
113
145
131
70
196
113
116
146
216
138
219
373
172
171
122
150
265
114
115
126
196
152
155
118
218
132
154
148
147
363
209
117
175
151
240
114
225
255
119
75
187
360
240
140
138
118
141
367
126
195
195
161
192
304
122
130
250
153
120
130
126
123
217
163
150
116
252
153
239
227
112
113
169
149
115
184
