28
21
12
37
24
20
16
10
10
23
15
22
14
16
29
64
48
31
15
14
11
18
12
14
8
20
11
19
22
15
11
28
11
13
10
33
9
38
30
51
73
38
46
15
34
36
19
13
13
15
10
14
12
11
23
28
12
13
12
14
21
9
24
9
11
14
10
11
12
10
14
10
15
11
18
12
10
11
16
11
20
16
20
11
14
12
11
11
8
11
9
8
14
15
15
11
11
19
13
24
9
17
12
11
25
18
8
11
13
10
11
11
11
18
9
11
13
9
12
14
9
19
15
25
12
10
11
10
9
15
9
8
22
9
10
13
28
17
11
9
12
10
12
15
18
13
10
23
8
11
9
8
11
15
11
20
14
20
12
11
11
14
9
15
12
9
11
16
16
8
8
15
10
9
10
8
8
14
9
15
14
12
9
8
11
10
15
12
10
8
10
31
8
8
10
18
27
20
7
28
10
9
16
11
28
8
30
37
44
28
11
32
14
11
30
30
21
17
44
47
30
21
23
7
12
20
23
11
7
18
10
10
9
25
12
26
50
49
65
53
43
51
24
38
16
55
30
55
15
22
38
69
19
52
18
46
12
40
16
15
22
17
53
47
18
19
14
49
47
32
38
41
17
45
41
41
41
69
55
44
37
44
61
55
27
62
63
43
33
46
58
35
42
41
32
57
65
30
29
12
23
46
14
38
40
33
39
44
36
46
36
37
26
27
34
15
35
29
53
13
36
38
26
43
36
11
47
45
61
71
52
23
57
46
18
45
38
29
13
77
70
125
129
148
62
54
110
96
83
43
83
54
44
139
78
88
110
55
60
41
69
79
19
10
10
10
9
9
8
9
10
7
10
8
9
9
9
9
9
10
8
11
13
8
13
15
56
15
12
14
25
96
42
108
11
32
55
31
86
30
27
85
26
47
41
17
30
14
37
56
41
36
10
46
39
27
50
48
24
47
18
29
31
14
25
31
24
24
25
12
65
37
47
49
29
122
45
87
468
66
44
42
38
54
499
34
164
122
34
92
42
104
86
499
499
499
499
137
499
138
133
30
143
144
499
73
435
44
82
499
148
263
62
86
249
25
324
20
242
31
17
105
23
218
79
18
65
27
25
51
37
11
90
35
34
23
11
24
80
37
58
65
49
127
18
25
57
20
10
23
45
72
99
19
97
20
56
12
69
121
49
41
61
72
27
8
8
35
10
9
10
9
9
9
22
9
10
9
9
11
10
9
15
11
7
7
11
8
13
8
7
7
10
9
9
8
9
9
9
9
8
9
7
8
7
7
9
9
9
12
9
9
9
9
9
8
12
9
8
8
9
8
10
10
9
8
9
8
9
9
8
10
8
8
9
11
10
8
7
9
9
9
8
9
9
9
10
11
9
8
8
7
9
8
8
9
11
8
9
8
8
9
9
9
11
9
9
7
8
8
9
9
8
9
8
10
7
8
9
9
9
9
10
8
9
8
9
9
8
9
9
9
9
7
9
9
7
7
9
9
8
9
8
9
7
8
8
8
8
9
8
9
9
9
8
8
9
7
9
8
9
8
8
9
9
11
9
10
8
9
8
9
9
7
10
7
8
9
9
9
9
8
9
8
9
8
8
8
7
9
8
9
8
8
8
9
9
8
9
9
8
8
9
9
9
8
9
7
8
8
8
9
9
9
8
9
8
7
9
9
9
9
8
8
7
9
8
7
8
9
8
8
10
9
9
9
8
9
9
7
8
9
7
10
8
7
8
8
7
9
9
8
8
7
9
8
8
9
9
9
8
9
9
9
8
7
8
7
8
8
12
9
9
8
9
8
10
9
8
9
8
8
9
8
10
9
9
8
10
8
7
8
8
8
9
8
9
8
9
8
8
7
10
9
9
8
8
8
9
8
9
8
8
10
9
7
8
7
11
9
9
8
8
8
9
8
8
9
8
9
8
9
8
7
9
8
9
7
8
9
9
9
7
7
8
7
7
8
9
8
8
8
9
11
7
9
8
8
8
8
9
9
9
8
8
9
8
8
7
8
8
8
8
9
8
9
8
8
7
8
7
8
8
8
7
9
8
8
11
9
9
9
8
9
9
9
7
8
8
11
9
8
8
8
9
9
9
9
9
8
9
8
9
8
8
8
9
7
9
8
9
7
9
9
7
9
9
8
9
10
8
7
9
9
9
9
9
9
7
9
8
8
10
9
8
9
8
7
8
10
9
7
9
9
9
8
8
8
7
7
7
9
9
7
9
8
8
9
9
10
9
9
8
8
9
8
8
8
9
7
