28
16
17
22
15
13
74
24
17
46
20
26
17
32
28
16
20
17
9
26
16
12
14
14
17
26
13
16
14
13
12
24
21
18
19
25
15
18
11
10
16
46
12
17
14
15
18
12
31
16
17
25
16
13
18
22
13
11
14
16
9
15
22
11
10
23
11
14
20
13
18
10
21
33
15
11
14
9
12
16
11
12
14
15
15
23
19
12
9
8
10
12
12
19
14
11
11
21
18
10
15
17
9
15
13
20
30
20
30
21
15
18
11
15
18
15
9
15
14
20
14
11
16
20
11
17
14
13
9
14
13
11
13
15
15
10
10
10
20
12
10
12
18
9
12
20
9
11
12
10
10
17
14
9
13
10
17
21
14
10
18
12
14
16
9
13
10
15
11
11
15
10
20
17
13
12
10
18
9
11
15
13
19
13
14
10
11
14
9
11
12
11
11
8
10
15
9
9
10
11
10
12
12
18
8
10
12
10
10
13
9
10
11
13
9
10
9
11
9
13
10
12
8
9
13
9
10
9
10
9
10
14
9
11
9
9
9
12
12
9
10
9
12
12
12
10
10
12
9
10
12
9
14
11
11
9
10
10
8
11
11
12
11
10
12
11
9
12
16
15
11
14
10
10
8
11
12
10
11
9
12
10
16
14
10
13
11
10
12
11
11
10
10
11
9
10
10
10
9
10
10
10
10
8
11
11
9
10
10
11
10
10
11
10
11
10
13
9
10
11
11
11
9
13
13
11
12
11
8
10
11
9
11
9
10
8
11
10
10
11
10
9
10
9
14
11
10
11
11
11
10
11
8
10
12
9
9
10
9
9
10
11
9
10
9
8
10
9
13
12
10
9
12
10
9
9
10
9
10
9
10
12
11
9
9
8
9
10
9
12
10
8
9
14
10
9
9
10
10
8
10
9
10
11
10
9
9
10
9
8
8
9
13
10
9
10
12
8
10
11
11
9
12
10
8
10
13
9
8
10
10
11
9
11
10
9
10
10
9
10
9
9
12
10
10
11
8
9
10
8
11
13
11
12
11
11
8
10
11
10
9
8
12
11
10
9
10
10
10
9
10
9
8
10
11
14
8
10
10
9
9
15
10
9
9
10
11
9
15
10
8
9
9
9
10
10
12
8
13
9
11
10
9
12
10
9
10
9
10
9
11
10
8
10
11
10
10
9
9
12
12
8
9
11
8
10
13
10
9
9
9
10
10
9
12
9
13
9
8
9
19
9
13
10
8
9
11
10
8
11
10
15
15
13
9
9
10
10
9
13
16
17
11
9
11
16
9
12
10
10
10
10
10
9
11
13
11
8
9
8
15
10
9
12
13
9
9
8
13
9
12
9
11
16
10
9
10
15
10
10
17
11
10
13
11
10
9
9
9
10
16
14
15
9
15
10
10
9
9
13
9
9
8
10
13
13
9
11
9
11
8
8
10
11
10
13
12
9
10
9
9
9
12
10
8
9
8
9
9
19
13
9
10
9
12
10
9
9
12
9
9
9
17
9
12
9
10
17
14
17
22
9
9
9
13
11
10
9
14
9
14
9
9
11
19
42
99
267
114
157
405
111
181
242
222
14
14
11
14
13
11
12
13
12
14
12
13
11
10
10
12
12
13
12
13
10
10
11
12
14
10
10
13
11
12
14
12
13
13
12
11
12
12
13
10
13
11
10
14
12
13
14
12
10
13
10
14
14
12
10
11
13
16
12
14
14
14
13
10
10
13
14
10
14
10
12
12
14
15
10
11
30
11
12
53
28
14
51
10
13
43
48
30
45
27
45
11
45
25
53
28
90
89
42
90
54
183
96
159
49
52
43
155
63
61
52
77
48
90
123
75
70
55
70
101
63
114
126
65
61
166
43
117
70
101
38
121
76
60
114
94
71
109
69
97
37
129
37
36
72
34
71
121
39
30
106
37
72
67
65
38
37
52
75
49
108
86
44
65
31
115
44
98
30
40
35
143
93
39
23
18
52
47
35
32
66
97
41
31
37
28
32
90
45
48
59
102
25
180
39
30
31
94
39
32
63
39
16
113
39
34
63
102
24
126
74
56
68
49
38
61
21
46
43
38
63
25
42
88
85
99
67
64
68
90
80
77
18
35
111
100
151
90
111
130
42
80
57
131
116
189
156
125
107
57
83
20
145
72
116
34
97
60
9
27
46
12
65
11
15
57
39
27
31
28
25
23
23
22
32
33
13
90
24
67
26
32
35
13
81
36
16
41
10
63
113
11
34
31
10
12
25
25
10
9
43
33
25
13
10
