30
20
30
16
35
11
14
10
15
16
14
51
48
19
14
20
17
24
9
20
11
13
18
23
10
13
8
24
11
13
22
29
14
16
10
37
11
19
15
9
13
18
17
32
43
16
23
14
10
17
9
13
17
13
22
9
19
14
11
24
7
16
22
10
11
20
16
15
15
56
49
39
11
16
25
18
46
17
37
35
23
18
49
17
49
55
13
16
16
88
47
22
28
11
12
22
37
18
25
39
31
78
38
88
18
47
66
38
21
41
43
34
95
26
28
77
69
103
50
147
244
24
84
28
11
108
92
88
116
135
70
93
72
44
24
75
62
27
69
34
50
117
203
94
121
99
138
185
284
171
192
106
142
100
66
18
152
131
137
102
151
148
250
55
164
184
154
198
299
84
135
114
132
113
15
21
126
183
95
119
97
78
171
157
157
89
47
144
16
122
15
163
161
146
25
176
183
192
162
22
214
135
190
199
126
180
188
247
14
231
234
190
275
21
168
388
265
395
390
319
221
225
128
206
104
15
240
144
133
144
127
147
188
138
138
162
160
156
177
154
141
108
8
140
28
16
112
28
45
171
45
107
93
111
59
130
157
96
200
181
149
171
188
190
190
208
192
181
179
21
190
162
160
171
194
22
188
223
183
212
196
167
190
162
70
155
176
93
201
47
147
163
223
137
180
18
165
191
340
181
40
111
93
97
225
210
206
235
186
233
199
238
242
212
199
187
167
171
182
15
71
197
175
223
179
173
204
189
202
189
176
158
151
147
150
141
131
154
193
234
206
40
176
160
167
254
234
366
212
248
246
229
289
224
295
293
297
420
390
138
499
272
208
160
433
499
123
83
16
19
24
13
14
16
26
33
59
18
97
86
198
302
252
258
302
301
316
287
317
426
226
185
208
252
274
227
203
201
215
177
158
153
194
165
167
143
152
160
170
144
143
143
171
137
145
121
127
132
128
149
121
9
151
180
254
259
315
302
499
311
173
197
205
254
387
322
305
308
499
499
229
363
266
291
186
161
166
165
42
316
319
206
190
499
469
462
293
271
233
269
271
386
303
402
147
31
366
220
297
21
260
275
487
499
499
499
499
12
499
499
499
469
499
499
499
267
499
140
16
129
19
148
111
130
140
158
156
178
175
186
217
293
499
499
499
499
499
499
52
26
9
133
369
372
264
210
147
232
113
125
210
146
113
152
168
142
166
9
9
9
445
303
260
218
226
299
299
156
356
355
193
75
112
208
156
140
143
147
132
141
166
170
238
178
188
167
155
137
119
190
142
55
137
125
117
162
203
129
44
19
125
384
309
200
175
169
148
133
133
140
145
163
174
123
143
245
140
246
169
184
218
213
16
40
14
11
30
137
124
196
169
213
204
207
205
199
181
168
122
102
113
142
167
266
129
192
202
157
114
113
170
21
12
12
141
72
140
181
224
214
183
350
280
311
217
160
125
435
385
387
499
363
42
202
186
148
124
117
191
119
109
122
126
134
106
121
202
272
208
151
202
499
135
230
109
110
499
328
275
183
116
258
226
152
499
169
114
10
12
99
87
42
118
141
236
238
145
98
125
225
331
277
235
32
11
128
81
207
269
305
229
277
277
245
252
239
296
266
275
274
204
306
245
54
91
173
199
196
271
131
158
175
200
198
225
247
165
134
153
113
144
21
10
111
51
80
28
300
85
151
137
136
147
165
188
187
172
181
164
161
147
176
165
149
148
150
159
151
136
146
145
148
150
139
138
156
143
144
129
130
12
54
170
159
200
191
304
258
117
159
124
137
158
128
121
333
158
280
133
198
32
141
158
140
132
113
163
143
140
105
50
150
139
123
128
171
172
190
160
159
166
141
236
213
152
11
124
159
78
128
124
123
114
116
134
109
110
115
113
116
104
112
116
121
147
106
104
123
129
103
105
151
162
132
181
132
127
139
159
206
146
191
153
135
122
200
196
262
312
298
172
203
129
132
176
122
112
137
152
125
153
130
141
171
258
210
175
208
185
248
125
26
177
137
135
165
171
173
248
214
200
216
206
181
68
23
231
24
194
11
239
237
291
174
188
192
484
403
231
70
108
176
149
132
122
132
139
120
112
139
156
191
212
189
384
236
365
174
211
224
389
225
320
10
83
32
135
104
99
119
140
145
130
100
162
153
78
217
499
89
499
499
499
499
499
499
499
265
190
220
454
249
166
100
259
300
348
270
339
299
261
294
151
26
10
499
284
280
270
341
499
499
105
338
371
173
289
248
220
258
499
499
480
297
217
162
499
402
354
292
