29
73
22
18
17
9
10
46
27
19
88
27
39
40
29
16
14
10
19
9
13
15
32
42
16
9
22
31
8
23
19
17
21
21
11
11
20
34
13
43
13
22
10
23
40
19
38
24
8
44
29
35
50
14
43
23
29
18
12
44
18
28
42
35
15
88
34
13
34
20
11
20
69
30
23
11
39
12
25
12
61
17
74
41
14
49
46
35
38
45
37
27
30
61
30
14
35
30
60
20
28
30
75
69
121
26
38
63
31
50
70
76
76
48
45
153
192
79
138
75
75
117
39
54
40
74
260
55
222
149
184
29
98
110
37
72
73
23
248
70
89
59
309
101
205
291
15
379
35
74
134
33
210
278
215
260
212
300
101
215
323
23
315
52
54
78
253
229
227
334
349
308
189
346
61
371
133
391
364
180
384
150
36
110
431
390
227
287
210
287
499
229
12
221
277
221
499
227
450
166
333
239
175
343
464
359
46
326
390
499
352
335
173
417
395
334
499
110
90
314
395
482
68
11
499
228
193
499
16
425
499
499
414
71
499
29
339
428
375
297
52
364
392
367
265
422
499
19
499
328
339
165
231
162
465
488
335
111
388
488
417
198
416
139
324
29
418
429
227
351
30
302
339
353
362
412
466
348
60
106
251
479
327
139
427
262
357
310
343
270
284
343
242
274
144
406
431
318
355
227
224
276
268
248
321
440
351
308
382
258
322
266
499
499
108
445
182
48
84
499
390
94
349
368
191
478
76
165
385
178
499
369
499
99
499
499
499
463
499
499
169
478
191
499
499
183
499
499
499
499
499
494
12
22
499
55
390
132
212
499
37
27
27
247
499
212
412
393
499
118
266
198
16
372
499
271
283
499
26
488
499
180
499
499
40
436
499
52
499
255
499
163
450
347
213
245
376
499
499
161
499
499
499
371
63
249
499
499
499
473
16
499
35
267
499
499
499
499
435
499
297
213
499
454
368
11
308
431
499
418
184
242
421
499
369
461
229
158
156
177
175
241
207
188
186
185
210
226
229
209
75
141
171
181
153
155
9
164
154
238
73
29
179
78
180
100
143
167
16
215
158
230
392
191
141
292
254
207
357
203
249
151
10
107
189
93
181
190
135
499
207
140
37
499
250
255
135
165
200
136
499
152
151
137
499
365
254
396
337
133
148
111
130
148
137
159
158
157
161
136
165
206
122
300
61
136
149
230
165
137
128
130
172
249
271
232
391
169
289
129
174
207
324
151
35
73
116
197
218
196
146
217
116
174
129
166
126
347
151
236
120
117
144
150
124
207
173
149
118
208
156
137
10
170
182
174
50
263
239
170
171
253
203
158
177
134
245
468
201
135
196
134
171
160
222
185
499
244
135
132
285
291
288
15
453
311
278
21
50
161
161
212
127
270
125
134
125
217
156
245
348
141
147
134
486
163
133
164
109
144
235
148
286
278
228
328
262
131
149
17
323
234
113
138
175
133
176
149
201
157
173
333
218
214
366
130
130
130
416
146
115
187
139
244
160
158
19
111
267
230
148
68
195
138
197
153
147
13
122
171
151
202
148
362
171
362
188
156
285
286
134
299
308
259
351
293
37
182
41
308
388
471
79
401
499
223
154
283
164
160
200
283
210
348
304
377
332
193
143
132
122
137
152
186
173
108
145
206
250
367
180
169
432
138
408
189
179
136
139
110
77
271
389
422
350
283
320
283
356
325
306
289
162
202
432
208
269
315
318
499
335
499
499
479
277
359
499
499
345
499
499
499
107
315
222
411
499
493
499
499
53
200
499
314
358
108
83
166
177
499
218
482
271
499
499
499
419
379
268
387
317
486
393
499
236
205
218
398
245
314
225
308
266
239
385
307
499
499
232
310
190
361
45
335
211
499
24
201
351
287
266
476
238
25
60
340
197
195
99
220
148
158
202
177
267
187
311
154
189
138
166
140
170
162
391
135
137
226
176
175
173
138
180
182
237
367
246
210
85
216
358
202
234
191
182
163
178
172
163
449
366
224
169
344
179
186
177
361
214
184
175
193
229
172
381
21
50
157
237
194
133
187
271
190
147
445
169
164
66
81
129
375
171
158
207
158
319
241
174
225
34
168
142
238
269
181
218
246
211
199
189
362
284
202
362
289
66
359
392
424
159
186
381
153
167
168
287
443
300
186
220
291
181
389
183
167
212
173
191
228
196
499
254
302
382
227
168
426
155
499
233
444
499
33
464
185
201
240
225
233
268
198
220
186
328
195
499
216
215
47
499
194
186
273
206
209
131
202
475
329
