30
19
15
12
23
25
19
34
33
19
16
19
68
13
47
11
11
39
8
18
29
13
7
26
15
9
16
16
15
14
11
13
16
12
18
19
12
7
16
16
25
40
10
15
10
19
14
21
19
15
19
16
10
39
8
31
17
37
31
25
21
11
18
13
14
26
15
44
13
20
20
30
31
29
14
22
44
59
48
21
23
49
11
88
24
16
33
97
17
45
34
35
12
65
38
63
37
56
13
54
42
33
55
19
29
101
35
39
79
67
97
20
25
108
46
62
49
41
88
50
101
26
37
46
32
33
75
44
56
75
119
80
90
41
84
50
60
210
47
113
53
143
112
160
93
98
227
51
99
20
102
207
21
44
246
81
107
12
64
120
142
106
40
100
97
131
32
120
120
187
75
168
84
380
256
325
193
189
243
62
307
130
173
159
126
74
271
261
155
198
225
183
241
301
299
114
299
232
268
410
199
250
183
177
249
257
246
157
109
111
208
291
82
148
196
204
402
195
210
409
212
249
241
210
257
339
78
295
121
354
316
228
236
268
252
255
216
287
96
238
197
239
201
213
122
86
219
99
262
189
197
221
57
203
193
64
217
325
267
245
293
354
304
245
259
228
499
260
204
303
206
282
190
300
269
268
343
281
223
13
167
238
71
274
307
263
272
168
79
213
289
288
180
269
246
328
95
319
13
217
354
150
264
237
266
242
204
179
116
142
346
55
271
104
253
29
59
76
335
164
136
257
354
258
357
251
127
254
260
99
266
237
234
499
247
305
301
260
280
234
337
300
240
247
260
240
157
179
365
227
267
257
195
103
270
325
252
224
277
219
280
316
119
229
239
203
302
278
237
277
184
184
449
368
218
195
252
217
237
232
314
83
277
232
222
260
225
207
138
197
271
260
245
199
257
220
264
239
71
239
174
275
187
206
276
168
13
253
175
272
190
263
245
242
132
332
244
443
279
220
312
219
455
203
205
106
25
352
249
243
217
309
366
249
250
242
264
293
215
308
244
249
256
236
285
224
266
230
249
210
366
287
255
133
253
253
282
238
242
301
268
288
314
243
247
241
274
201
272
218
267
337
57
284
235
59
250
254
246
195
228
211
233
286
36
262
301
226
83
71
51
260
237
39
276
350
264
245
202
227
270
259
287
267
245
277
217
441
304
248
104
254
245
293
292
99
92
93
242
139
237
92
247
266
290
253
185
183
81
237
291
265
117
264
195
75
237
195
235
227
41
499
210
282
336
65
395
223
384
202
244
242
283
226
207
152
499
100
234
314
187
365
255
362
315
225
81
150
96
198
166
235
356
170
176
225
175
197
234
249
185
499
187
203
225
269
187
183
195
177
199
242
311
288
301
203
220
161
190
256
268
302
159
142
201
182
144
135
225
189
346
190
148
235
164
315
211
346
163
225
209
167
157
148
275
313
220
208
229
191
168
365
308
179
271
428
189
234
215
214
175
361
254
127
213
321
499
499
214
238
222
207
499
258
339
403
234
189
499
361
423
441
328
300
178
222
168
380
297
284
187
205
215
215
161
290
316
322
481
244
191
196
499
347
359
225
301
499
138
265
273
234
307
280
229
212
287
212
213
172
233
192
499
172
210
314
186
208
193
263
258
229
78
201
185
240
499
280
259
365
125
223
152
179
200
205
210
162
139
382
241
177
301
181
178
346
175
387
213
221
250
255
193
191
123
278
167
226
171
228
345
416
246
215
499
194
383
216
499
300
185
499
233
275
175
499
281
242
238
192
203
238
177
169
200
230
36
324
153
193
326
243
186
237
157
282
185
163
182
149
135
163
499
210
225
424
189
206
175
172
204
172
188
313
173
180
242
369
257
213
322
197
286
186
199
416
258
399
202
164
297
368
296
189
184
167
154
149
157
188
159
262
184
159
264
232
136
144
154
280
240
200
141
150
171
224
136
144
239
171
247
126
196
234
191
270
238
247
124
176
194
187
192
170
325
199
127
167
194
142
267
450
129
326
326
200
216
168
261
189
200
136
389
193
248
155
135
113
145
188
195
188
186
200
157
153
142
225
247
130
149
304
118
191
219
152
187
180
158
124
160
133
208
199
151
311
162
188
214
154
132
227
121
229
246
177
118
185
148
143
115
298
157
150
218
108
433
475
156
137
149
211
420
298
209
178
230
197
190
123
259
156
160
180
184
165
198
304
302
139
249
118
116
179
117
208
133
222
143
207
128
328
241
186
140
249
170
99
151
206
163
24
190
173
336
315
190
235
128
117
199
238
136
128
132
115
109
102
131
126
