38
24
25
16
28
16
17
11
12
52
19
16
27
11
29
13
20
17
11
12
14
28
14
11
27
40
12
20
10
16
18
22
15
10
24
17
12
12
15
28
20
16
22
17
17
45
25
13
19
12
33
16
17
13
25
16
35
19
111
16
28
98
10
18
15
72
34
29
72
121
30
32
21
19
43
61
76
31
22
19
51
94
31
33
23
33
34
29
58
47
35
39
40
38
11
26
56
26
17
49
51
43
40
44
28
27
55
122
69
77
86
71
112
103
30
27
90
83
14
153
140
100
86
136
169
180
245
185
97
144
201
211
155
73
88
143
20
168
23
232
103
190
301
49
157
190
65
369
81
358
131
118
97
89
273
92
261
55
242
17
51
234
220
47
206
49
193
67
331
36
258
205
193
73
278
203
117
281
275
244
51
220
240
150
162
278
222
15
288
252
246
233
199
294
334
322
222
157
183
108
131
81
70
237
217
187
249
101
280
243
181
199
165
139
191
207
194
223
126
148
110
245
343
357
256
324
171
265
125
266
231
212
313
310
214
260
198
115
269
246
344
267
195
213
217
216
77
217
59
198
193
220
221
76
296
216
281
242
151
239
239
237
248
380
221
180
206
198
253
216
188
94
185
260
249
189
245
433
351
347
345
329
187
308
284
298
206
217
149
253
193
299
197
320
274
195
286
130
242
251
216
295
230
307
198
259
224
346
318
173
261
33
23
42
191
216
202
220
217
203
209
229
207
283
218
272
233
275
43
254
212
227
259
232
307
251
197
258
176
211
255
213
180
216
265
208
309
218
250
136
252
190
177
215
277
171
199
229
365
328
122
197
158
164
124
237
278
210
111
148
169
180
325
224
193
266
177
198
263
256
293
269
193
219
228
271
244
213
128
257
230
224
211
248
252
65
215
279
317
213
33
195
187
173
232
236
115
183
202
179
233
213
206
199
191
210
194
176
184
259
198
187
180
197
232
224
221
202
198
209
304
166
199
191
225
162
305
188
181
195
216
191
209
217
227
224
262
248
203
274
249
217
241
206
218
232
195
130
214
247
264
218
92
261
242
217
183
252
158
221
146
217
144
88
107
150
97
38
56
180
86
242
126
110
245
227
294
216
216
276
226
289
224
204
210
339
217
288
202
240
231
215
256
306
210
401
208
248
194
244
211
260
268
292
217
290
269
219
436
287
319
258
275
291
283
296
433
258
244
327
227
246
266
170
171
277
146
32
41
196
169
207
369
155
211
189
161
216
185
45
164
127
222
204
236
173
281
299
146
141
153
165
225
307
128
140
333
148
179
245
165
162
145
224
158
146
167
146
140
157
168
184
225
171
154
226
200
135
133
141
71
161
148
156
131
176
142
171
143
122
122
161
135
132
137
162
123
175
138
134
117
144
182
19
158
176
165
157
158
125
159
200
131
227
125
276
207
135
142
84
101
215
80
137
79
152
123
181
177
224
206
211
231
144
168
229
189
186
143
380
331
221
156
171
342
130
193
305
187
270
197
168
239
221
197
277
200
254
306
210
77
227
245
425
266
264
144
232
255
361
212
210
295
234
220
256
111
240
222
174
307
44
225
231
224
173
162
120
256
247
252
189
49
35
184
222
221
168
208
208
171
193
167
191
168
194
177
159
178
229
167
205
156
206
220
165
186
139
199
185
187
161
181
177
163
144
138
167
201
226
178
178
169
152
179
170
177
177
173
165
154
184
125
157
178
205
150
153
179
223
176
191
206
335
279
279
249
274
349
205
151
178
172
128
18
141
162
36
103
44
203
146
177
281
401
271
219
410
217
197
200
261
213
221
208
236
201
256
239
234
175
183
256
238
249
206
180
282
233
234
217
208
205
235
204
203
499
173
186
174
178
165
190
309
121
154
324
332
141
133
106
172
155
149
312
171
30
55
44
144
129
159
162
127
102
153
355
222
245
281
206
218
273
176
236
196
205
158
220
157
155
131
129
147
150
163
169
181
267
158
135
144
182
309
242
172
195
119
66
196
174
256
147
120
243
169
44
39
143
124
131
42
215
165
125
226
189
174
223
292
151
175
178
142
146
131
209
178
160
147
178
121
215
135
256
141
191
129
171
191
192
283
169
283
195
195
206
175
127
213
113
120
222
289
188
243
142
239
212
144
208
101
220
169
224
134
167
242
180
231
205
311
135
88
216
140
271
189
190
196
164
181
219
191
141
176
285
238
248
125
197
205
211
190
500
352
500
66
236
222
213
251
473
197
245
221
144
175
123
200
134
365
209
245
323
180
500
236
165
202
