24
16
27
15
17
25
21
31
14
26
24
11
18
25
10
89
26
33
9
17
26
30
32
11
25
13
14
27
10
16
13
29
30
20
9
18
15
19
7
12
13
9
32
18
16
14
13
26
21
14
12
8
19
15
13
10
11
12
14
11
15
11
9
16
18
16
19
18
80
17
12
37
57
17
16
75
38
43
54
28
46
32
79
33
29
14
50
13
11
45
22
26
30
44
26
38
27
28
23
59
51
62
38
42
53
22
44
71
23
33
63
28
67
29
104
15
64
75
96
26
58
52
38
66
60
20
33
18
74
88
112
116
108
50
170
115
238
106
92
37
33
133
106
98
124
43
89
189
92
93
115
85
67
36
28
43
27
144
238
142
18
209
184
117
58
90
256
166
205
156
58
103
213
216
403
64
138
224
250
209
232
294
69
175
163
220
306
366
264
204
410
238
289
350
262
74
182
317
249
290
405
255
295
328
334
252
283
238
366
334
244
42
338
358
249
148
414
366
280
230
238
312
255
236
408
223
244
357
258
81
397
436
83
258
104
232
291
140
31
354
217
238
263
216
248
308
219
403
201
499
196
136
363
258
333
329
177
301
272
369
291
295
270
243
296
331
271
295
281
64
281
314
283
257
337
271
397
408
293
494
308
318
375
264
347
409
194
319
278
314
271
347
265
271
266
251
307
236
268
319
268
499
324
499
334
423
289
257
337
377
303
454
254
499
499
499
297
354
363
322
335
258
246
499
367
307
363
261
217
244
341
299
152
387
326
254
334
284
205
366
258
421
263
282
414
294
298
499
330
263
294
341
312
268
322
296
473
272
471
267
245
421
221
314
280
270
338
250
175
378
273
317
285
284
274
408
279
336
307
279
297
499
476
339
252
231
284
282
386
347
371
353
443
355
390
375
336
249
264
485
364
268
347
332
367
377
262
289
499
378
319
363
305
258
283
272
334
288
499
469
234
275
367
287
297
388
305
268
360
248
266
387
405
435
279
394
292
216
300
339
499
272
316
265
199
414
246
349
222
249
499
209
499
225
329
354
272
277
269
285
256
345
242
335
232
267
201
344
244
264
394
277
323
499
235
308
217
237
291
349
357
217
236
378
306
289
253
275
499
251
192
185
205
360
310
235
191
136
416
228
195
451
293
192
240
197
196
325
163
173
424
228
405
258
270
311
292
167
241
232
311
238
313
345
228
231
475
84
187
148
184
90
170
232
286
241
263
186
178
499
243
295
243
177
159
318
176
333
125
228
252
197
163
140
103
207
223
249
361
273
171
289
470
177
241
229
268
225
283
190
159
188
322
315
126
298
151
132
133
217
234
160
187
216
372
197
270
219
235
215
131
200
282
234
165
209
183
259
163
269
234
238
185
191
206
276
168
139
163
160
333
245
233
167
192
142
151
179
135
137
107
138
184
259
223
117
326
363
229
162
167
133
292
224
156
166
286
126
170
114
105
141
181
209
206
111
147
224
272
172
179
114
216
170
290
306
121
121
185
185
141
210
162
140
198
203
147
141
108
144
300
142
186
140
205
298
145
151
254
123
165
270
265
50
113
318
167
199
377
131
97
124
103
140
176
121
219
173
124
121
123
151
146
169
234
279
144
138
107
114
32
193
120
124
140
163
193
359
189
163
109
122
251
208
131
202
87
102
138
175
193
137
263
100
132
182
261
97
110
117
141
314
171
96
163
99
166
98
169
151
116
46
163
159
100
189
205
133
177
88
183
333
110
139
255
307
191
22
263
219
268
139
200
188
203
126
135
171
259
359
168
102
121
243
297
129
99
174
93
26
98
99
116
145
102
158
179
136
100
31
95
227
284
281
321
224
311
236
266
274
164
215
165
92
150
95
93
115
301
100
106
210
156
183
168
176
207
238
190
113
343
120
155
193
273
233
174
163
286
178
123
179
297
92
183
290
95
194
83
163
173
134
164
204
284
231
187
140
193
45
100
123
159
123
69
130
499
223
61
222
167
195
218
436
156
203
208
113
221
201
121
155
136
346
183
227
287
239
131
113
364
101
191
130
267
270
188
102
153
175
263
285
177
210
149
252
443
161
161
160
145
139
123
150
91
291
122
222
156
143
256
131
141
198
169
111
167
297
176
146
163
126
111
116
191
198
238
157
128
251
141
134
104
120
300
156
299
193
197
199
130
113
179
176
142
389
167
126
98
205
166
147
80
132
172
179
103
111
278
268
240
253
165
179
265
163
215
213
200
194
216
360
303
261
134
130
112
148
217
104
253
141
319
216
142
207
125
112
113
96
