31
20
28
19
20
17
19
15
12
12
22
17
36
39
67
40
14
8
18
12
10
13
20
30
12
14
12
23
20
14
14
13
12
19
15
18
26
12
12
18
10
13
16
12
19
13
16
8
18
18
20
11
31
12
24
14
9
10
13
20
11
19
25
13
14
20
11
16
16
27
20
18
16
17
27
10
13
17
9
12
28
8
16
10
33
10
8
11
9
15
9
11
22
15
15
11
11
17
9
16
10
19
13
19
17
10
10
9
18
21
10
10
23
14
9
14
22
17
15
17
9
17
13
11
13
7
12
24
15
9
8
8
9
12
9
10
14
14
14
8
11
15
9
12
12
11
12
8
9
12
19
12
13
10
12
13
8
12
10
10
10
9
9
10
22
14
15
9
26
11
12
21
10
16
10
13
12
10
11
8
9
9
11
8
24
15
11
13
8
10
22
11
9
8
8
12
8
10
7
11
7
9
9
11
8
9
13
9
10
8
12
16
15
8
9
8
9
12
12
8
7
10
8
11
7
12
11
7
8
9
8
8
37
21
17
11
14
10
13
11
9
14
9
49
11
9
9
41
17
8
15
14
10
31
8
9
9
17
11
18
8
8
22
15
14
9
9
11
21
10
28
12
8
10
10
13
12
10
13
11
14
13
13
15
16
14
13
11
15
13
17
17
19
32
32
29
27
36
27
25
35
48
84
23
28
48
64
96
40
71
88
23
15
12
15
12
28
9
11
12
14
23
14
18
9
15
10
18
13
14
38
67
15
10
11
10
9
9
10
12
9
11
10
11
9
9
11
8
8
10
7
9
8
8
8
8
9
9
9
9
10
9
9
8
9
11
9
10
12
9
10
9
12
8
9
58
88
31
43
32
12
12
11
27
69
19
27
12
13
12
26
11
36
12
10
11
13
13
9
10
10
11
10
11
19
12
59
77
104
76
123
57
95
43
65
62
20
11
64
45
9
9
9
18
29
22
26
8
20
15
11
12
19
10
95
65
10
11
12
22
12
30
38
41
28
33
21
22
9
18
59
53
9
12
50
16
9
60
17
51
75
91
63
22
58
94
52
52
52
53
113
39
56
59
38
60
38
98
27
24
30
75
19
9
72
58
20
38
33
91
87
43
74
50
10
83
61
16
54
39
9
40
75
74
46
25
73
75
55
95
59
72
61
105
66
85
78
24
72
77
14
46
116
72
72
28
70
79
87
74
66
48
43
93
74
62
70
39
65
72
78
74
73
55
59
18
46
66
55
86
57
83
92
48
35
32
70
61
62
117
59
44
32
124
31
42
107
39
99
67
52
66
53
38
52
61
48
28
46
56
75
64
53
52
107
66
36
43
57
85
48
50
38
43
15
74
61
68
73
64
47
68
37
54
56
52
48
93
50
44
69
94
58
102
121
60
38
70
58
51
39
59
59
76
81
40
62
16
62
79
54
53
44
80
47
72
12
65
56
57
99
80
68
95
80
78
34
34
25
26
45
14
11
24
11
16
19
10
19
9
15
13
7
10
15
9
25
12
18
13
23
26
21
12
31
15
33
17
9
36
35
11
42
12
12
35
28
25
38
22
12
21
34
53
68
44
20
23
58
135
10
37
10
40
47
12
45
10
20
30
39
10
77
12
28
39
38
33
33
11
50
26
32
30
43
33
42
34
38
55
59
35
76
18
39
32
64
11
41
10
61
34
44
118
27
24
74
45
11
104
67
40
12
29
23
89
55
10
48
20
54
32
10
18
16
15
19
35
33
10
10
72
66
88
25
11
29
35
18
10
81
70
17
37
80
10
84
23
125
31
74
12
26
20
46
12
43
25
55
20
23
34
75
56
13
43
28
54
46
39
26
29
19
75
27
13
36
13
26
26
61
27
49
13
46
38
37
57
35
27
18
49
36
41
57
65
28
44
37
43
13
46
63
12
33
20
28
26
42
18
41
24
18
25
48
23
13
38
45
19
98
33
35
9
9
42
15
45
63
11
38
53
52
27
32
10
45
11
50
9
31
28
14
12
20
53
22
30
13
53
36
34
25
36
11
58
45
78
11
45
9
39
40
46
73
44
25
13
14
36
11
62
25
35
20
34
19
9
28
42
14
10
9
80
23
12
58
71
31
22
36
25
15
21
20
31
16
18
32
59
17
35
39
96
11
29
24
17
22
26
40
28
24
17
56
12
24
28
15
41
20
48
20
15
24
28
35
30
35
24
29
23
38
28
66
26
27
28
62
16
10
17
19
15
31
21
23
18
30
42
32
90
21
30
26
42
49
18
24
10
