30
24
20
27
20
29
35
19
20
33
16
16
24
34
11
26
12
19
12
21
11
21
28
21
19
11
16
15
16
18
14
13
9
13
11
13
12
23
14
14
20
13
13
21
15
16
9
28
10
11
37
28
18
30
11
27
23
23
11
15
11
26
13
13
13
17
16
19
10
42
20
18
26
20
16
23
51
10
16
54
10
18
13
31
12
16
15
10
23
19
14
11
13
12
15
13
13
20
11
17
17
21
12
22
17
17
12
12
39
48
12
14
17
10
16
10
10
17
12
9
11
13
18
11
28
10
10
11
14
13
8
35
11
9
22
10
17
12
8
11
9
13
15
12
18
14
13
20
10
13
10
14
10
19
17
23
13
11
11
13
16
15
19
13
15
11
12
13
9
8
10
12
17
15
10
20
11
16
11
9
11
10
9
14
13
11
10
11
8
11
11
9
10
12
9
10
11
16
10
15
12
10
12
11
11
8
11
14
9
14
12
8
9
10
10
12
12
11
8
14
11
14
9
10
10
10
10
13
11
10
10
12
12
11
15
14
9
17
9
11
9
10
8
11
9
12
11
11
13
10
9
11
15
13
10
9
8
15
11
9
12
12
9
10
10
10
10
11
9
11
9
10
11
13
11
12
9
9
15
9
16
10
27
9
9
10
11
11
11
20
26
12
13
12
12
31
10
11
10
11
11
12
36
96
70
79
61
72
19
73
97
112
67
11
83
72
99
93
94
40
72
107
85
102
104
102
84
10
74
18
17
107
58
75
55
15
14
12
65
43
57
64
60
62
82
16
77
43
13
26
57
49
74
85
25
91
81
16
59
76
28
69
84
22
95
57
73
22
64
38
68
75
47
31
46
74
68
41
36
82
48
50
55
71
94
59
51
40
72
61
50
41
35
68
48
10
12
39
38
26
20
45
41
12
56
11
13
10
27
32
26
33
24
63
47
13
32
21
30
44
14
30
13
47
31
15
10
16
11
47
54
12
54
11
11
60
24
52
26
22
53
17
10
57
11
13
17
31
100
19
29
22
10
14
15
26
28
22
11
14
14
28
19
10
12
30
77
65
12
25
22
21
47
22
17
29
25
15
31
25
39
14
27
22
16
12
21
11
74
12
17
97
13
14
37
25
34
22
25
10
19
25
11
27
11
16
12
28
31
16
10
28
13
19
10
16
15
71
30
12
28
12
11
11
23
23
12
13
10
13
10
14
17
77
14
28
11
18
13
19
60
9
10
16
11
23
20
22
12
9
13
79
12
12
20
31
18
12
13
48
14
20
11
12
11
18
32
31
12
16
12
12
11
12
19
58
16
15
11
12
39
14
37
13
16
25
13
16
82
16
25
50
10
20
34
18
12
53
12
17
13
10
89
9
28
14
12
104
23
17
26
12
28
20
11
22
16
28
21
28
78
11
43
26
11
13
11
15
12
19
27
25
16
22
22
32
70
37
27
35
13
31
26
32
12
38
13
27
14
14
13
18
10
27
15
12
14
24
85
17
97
26
24
8
25
18
12
12
10
11
29
12
24
11
11
9
29
38
84
28
79
19
54
11
27
20
19
12
17
24
17
31
96
18
28
29
32
76
11
35
26
19
49
11
61
10
13
79
12
10
20
19
13
85
10
11
28
29
23
12
24
24
11
27
17
13
26
33
14
25
16
34
13
25
54
26
25
74
10
21
23
29
30
24
12
12
11
13
18
13
15
11
13
27
44
87
12
11
27
17
29
10
26
56
23
23
18
12
27
21
30
56
28
19
11
13
13
20
46
10
27
11
12
22
13
30
21
12
11
14
11
20
11
12
17
16
26
58
28
51
124
69
12
34
102
31
23
22
30
31
12
21
11
42
21
30
18
13
82
21
15
25
46
22
12
22
19
20
29
15
18
13
10
14
67
46
25
27
31
37
23
29
45
82
21
29
14
34
94
29
16
64
105
19
18
58
25
73
91
37
85
28
28
23
23
40
54
85
41
118
62
77
53
29
32
29
44
49
44
250
94
46
35
81
142
48
69
25
49
26
33
34
27
79
33
69
44
37
115
87
40
98
86
197
54
64
146
119
31
28
69
144
52
194
88
31
63
38
87
202
160
39
163
177
93
43
147
98
148
210
49
344
269
113
228
321
165
270
144
218
143
75
35
56
271
12
14
14
24
13
12
16
132
34
59
11
11
11
13
26
50
13
14
11
11
15
12
13
11
10
10
10
12
21
10
18
13
12
16
27
12
12
13
12
26
11
13
30
13
18
10
12
21
10
13
13
12
10
12
14
