28
19
22
13
27
19
24
29
11
17
17
19
28
15
21
12
24
24
24
24
13
19
14
17
33
17
23
13
11
12
15
12
11
42
18
24
12
12
14
14
18
17
13
34
18
9
22
8
13
29
15
18
19
40
13
15
9
11
47
45
15
19
66
93
66
45
67
47
13
67
28
20
78
93
45
21
44
12
57
56
21
80
61
80
22
61
53
53
41
62
18
22
20
46
48
32
84
54
39
48
59
71
33
80
85
50
62
102
135
62
24
63
48
137
70
112
24
100
71
140
120
76
53
149
83
80
305
108
252
21
135
159
111
157
136
195
24
174
168
205
113
81
133
272
131
81
195
218
244
241
175
48
58
55
185
141
323
156
88
167
282
145
110
290
31
16
170
342
480
55
63
187
204
302
179
98
202
318
206
259
345
79
33
48
184
108
296
190
268
333
302
417
47
193
115
313
291
277
69
127
319
56
50
366
33
230
490
122
300
172
226
242
104
291
366
256
27
207
188
192
352
317
353
305
361
261
37
212
74
279
245
244
23
190
271
359
100
136
319
90
88
303
280
297
256
287
256
239
343
242
73
239
186
285
236
200
284
271
296
51
215
228
228
190
450
252
245
140
265
230
245
264
228
232
252
277
114
255
116
261
266
245
223
337
295
250
183
233
241
271
271
307
182
251
214
296
112
163
77
11
209
216
345
283
41
61
248
427
299
234
287
212
111
325
210
267
403
341
190
259
291
271
278
200
288
197
208
345
336
369
201
225
253
226
206
196
186
319
272
235
246
175
214
68
237
44
208
237
248
187
229
51
185
259
181
174
67
179
126
325
240
187
354
198
247
298
169
186
340
195
215
242
267
250
309
236
215
188
198
212
236
88
197
154
265
217
218
85
121
201
192
219
194
204
312
176
252
140
193
208
212
202
170
234
227
276
367
236
197
204
196
284
260
226
202
157
164
249
182
222
212
212
171
152
184
215
149
169
185
178
203
206
167
450
209
189
40
203
205
235
96
244
252
173
15
70
217
182
92
239
253
110
274
354
219
340
98
236
121
369
193
225
347
208
360
197
309
278
119
430
175
280
226
222
208
190
220
284
249
233
33
101
223
368
299
500
296
258
227
236
284
341
200
287
267
205
186
168
168
183
180
119
220
199
173
99
323
122
500
323
251
194
187
175
179
165
189
70
159
194
191
224
202
239
184
162
500
391
164
193
174
231
251
210
184
153
413
189
395
199
138
244
153
394
270
243
197
159
150
176
209
147
170
140
148
171
180
169
44
182
183
500
260
251
154
106
241
257
500
167
359
309
471
307
500
90
388
148
199
218
298
500
39
291
231
138
166
74
159
479
226
183
140
28
80
500
25
443
500
488
158
500
86
500
500
307
144
204
500
348
309
232
318
500
372
500
146
201
269
388
469
240
500
232
201
500
324
490
141
386
291
222
171
131
314
241
263
160
16
483
273
446
198
317
54
35
401
189
276
166
344
378
269
413
325
293
310
235
500
256
249
451
215
467
341
395
318
407
428
336
474
500
302
329
410
253
486
127
193
128
170
115
250
404
333
193
170
358
208
392
106
252
136
215
294
54
177
140
55
145
26
124
158
170
140
140
45
413
151
500
187
140
428
159
139
155
138
20
211
459
128
169
412
132
163
439
151
152
229
500
210
182
500
211
500
463
437
191
478
122
471
106
159
208
106
146
188
155
146
259
212
122
312
97
37
102
51
107
158
116
83
148
155
270
43
297
283
204
269
194
205
156
261
330
183
211
172
247
258
244
203
214
190
172
167
277
224
156
137
210
193
464
290
232
276
305
266
220
185
215
107
83
170
369
236
322
156
161
168
149
180
388
143
204
129
129
190
392
156
243
391
134
387
378
137
273
75
43
178
82
128
448
251
371
301
160
187
347
151
401
205
137
260
194
249
182
78
147
142
156
252
23
272
269
500
464
259
209
313
140
122
163
87
186
137
359
280
212
212
184
276
498
292
260
111
213
500
40
73
339
373
119
328
500
279
162
225
430
281
154
190
194
199
95
274
132
86
289
168
320
110
348
500
500
224
342
140
334
152
194
190
200
11
186
298
194
275
178
140
242
186
213
290
177
315
144
222
185
276
446
500
308
341
146
255
184
139
500
181
303
70
500
192
158
344
167
178
112
154
173
398
378
61
184
332
346
168
460
500
406
161
207
204
119
337
100
258
435
206
145
151
40
308
277
296
179
474
388
401
245
123
161
205
222
154
29
206
389
260
235
357
411
203
340
220
500
304
234
201
193
