31
20
33
12
28
29
21
10
12
21
36
10
13
20
18
14
23
27
13
19
18
9
14
11
14
17
16
11
11
20
11
24
20
18
19
13
21
24
20
33
10
15
23
15
11
15
27
16
50
45
75
45
25
47
40
16
95
73
104
23
72
100
92
50
53
67
48
18
63
100
38
81
144
43
18
68
23
32
68
131
82
27
18
75
45
64
65
70
16
60
126
46
41
23
43
129
114
37
9
132
77
47
87
92
45
24
146
134
102
54
28
48
52
131
78
78
24
79
20
52
23
170
60
119
132
51
54
137
61
22
126
84
46
38
181
72
68
147
55
178
182
26
11
63
182
124
267
179
76
14
12
178
55
70
130
19
55
20
13
173
192
11
175
132
115
142
37
164
115
136
32
86
144
156
85
107
110
27
42
69
51
31
175
172
158
133
120
26
187
164
133
17
160
213
106
11
149
33
148
162
145
151
179
135
41
161
114
96
146
136
96
141
56
165
145
53
199
29
11
175
14
13
160
9
12
124
191
48
15
134
12
27
140
126
160
130
179
138
214
105
158
142
100
63
147
132
161
101
51
147
145
11
140
140
134
151
147
76
164
94
111
150
122
120
134
145
12
139
27
28
161
120
10
132
12
134
150
126
135
119
127
30
84
135
138
11
142
138
15
80
134
70
114
149
41
126
10
28
142
125
119
149
13
17
21
128
128
129
133
128
67
58
67
137
11
50
135
82
22
127
93
39
148
138
140
125
127
74
128
56
100
13
124
118
144
55
11
18
134
84
50
58
23
124
88
148
128
10
143
154
16
113
46
13
155
13
74
124
116
130
58
86
142
178
126
10
141
131
136
123
153
139
130
119
136
118
35
146
151
118
148
122
129
154
119
63
130
126
111
87
70
65
14
47
114
18
131
122
137
118
130
125
140
155
133
138
156
147
15
144
119
139
178
124
14
156
135
93
40
143
137
22
142
142
143
17
124
73
15
47
136
150
68
23
149
149
147
136
141
160
132
145
138
144
19
160
132
181
158
37
144
131
139
32
33
22
129
154
150
146
138
158
22
130
131
138
132
75
17
141
147
62
125
152
152
133
128
130
155
144
145
90
146
134
141
194
139
130
28
128
131
164
127
146
10
36
140
149
49
49
128
127
148
153
60
19
142
136
134
197
155
137
124
55
149
166
133
144
63
12
166
143
38
11
146
148
140
132
139
134
147
84
12
149
148
97
72
163
141
137
166
126
132
14
106
145
60
145
149
134
144
140
137
158
16
123
139
144
200
135
143
43
124
163
150
139
150
152
189
127
190
151
146
154
163
103
137
159
135
73
127
136
131
125
127
124
24
125
150
147
18
162
129
134
89
19
133
108
148
144
144
158
153
59
145
136
140
136
155
121
35
170
12
18
102
132
144
152
133
174
143
119
132
148
162
131
138
130
139
178
130
143
67
139
127
61
114
135
143
156
150
176
136
133
128
180
171
38
157
142
169
155
147
134
181
144
142
175
153
139
132
83
150
160
151
147
125
123
153
156
132
63
131
158
72
190
122
123
125
161
120
58
142
121
142
144
136
146
186
163
131
129
22
163
136
156
241
82
162
172
151
157
156
194
362
163
185
131
161
190
110
166
169
200
158
148
149
142
133
134
168
127
239
140
298
127
136
194
169
197
126
195
130
229
135
111
121
188
110
117
177
81
452
131
128
149
115
150
167
115
119
132
237
149
240
117
205
168
108
258
158
141
148
205
165
139
130
151
110
156
206
438
121
125
142
375
170
161
140
199
104
179
112
156
287
354
107
141
238
130
173
182
137
177
280
114
121
138
202
234
169
102
105
183
140
199
176
236
146
141
240
44
63
151
140
140
149
163
215
315
145
257
104
108
170
133
273
201
202
233
212
182
129
167
191
39
158
166
133
209
166
149
423
201
46
212
145
296
73
188
182
153
230
128
127
265
199
112
215
170
173
230
186
117
240
273
188
244
198
131
97
200
136
118
124
219
248
203
175
489
135
162
155
182
232
141
192
222
203
192
90
184
244
162
189
198
132
320
159
250
123
18
178
145
153
18
260
248
134
315
156
90
124
134
136
143
236
181
384
189
304
149
159
147
183
198
220
166
126
104
204
69
322
332
169
354
123
158
146
148
231
261
147
136
437
158
216
138
202
215
215
33
177
155
127
195
199
139
215
164
115
130
255
142
96
108
63
202
187
146
111
214
140
152
149
151
123
206
30
62
143
37
111
99
95
213
183
106
171
218
118
164
209
251
458
129
104
101
101
143
