24
13
40
25
16
13
14
13
10
13
21
60
24
13
17
13
23
16
14
23
10
12
11
18
19
10
14
18
12
25
15
12
29
16
13
21
10
28
23
23
35
22
11
25
12
10
21
13
10
45
15
21
24
14
22
10
21
9
14
57
38
44
14
47
21
33
11
24
75
28
30
14
67
20
44
67
87
21
24
91
36
77
54
67
16
64
86
90
131
58
12
19
59
65
11
78
17
106
100
168
20
16
26
120
89
45
84
30
26
17
52
64
89
138
53
81
174
124
179
159
179
62
88
103
140
131
50
11
61
15
205
98
62
85
258
13
73
110
132
185
30
146
104
76
21
156
180
74
78
68
86
162
94
248
181
175
160
170
17
178
58
216
155
89
179
65
123
67
36
199
96
39
82
57
162
228
129
330
136
92
21
154
74
138
52
98
161
200
163
108
172
27
151
54
122
124
44
148
101
114
175
25
51
74
220
27
57
172
51
205
170
265
172
60
105
14
117
45
67
12
88
154
227
130
190
108
140
131
132
120
141
28
131
128
41
118
136
138
51
98
127
12
51
44
105
85
156
143
54
93
123
130
85
91
89
110
116
60
106
117
68
25
101
142
126
16
41
115
51
88
95
60
83
82
114
89
135
143
77
88
136
39
134
167
144
119
153
125
367
102
22
103
65
200
13
107
171
91
22
102
33
39
73
133
148
128
74
193
112
95
14
40
61
138
66
91
9
133
195
39
225
71
92
11
83
81
178
51
24
106
152
144
137
116
35
154
33
60
97
188
128
52
45
165
110
136
108
37
107
106
400
47
125
109
312
96
113
12
55
100
116
117
146
81
401
191
53
107
98
102
120
157
103
134
56
255
109
121
142
306
117
33
87
113
83
87
53
94
171
16
119
110
130
72
65
13
26
107
116
105
129
19
135
37
114
259
116
211
75
163
183
42
104
150
53
109
91
243
64
141
104
191
65
136
106
128
34
111
127
231
223
153
305
122
112
264
19
151
19
179
23
116
81
219
123
87
147
41
57
81
41
78
294
18
67
46
140
141
146
187
60
155
215
70
201
205
80
60
254
97
228
58
250
107
105
182
150
55
104
189
263
118
13
178
71
33
499
264
90
9
101
252
56
11
189
192
109
101
135
89
59
37
138
87
93
189
114
284
57
499
201
163
132
148
69
165
388
114
94
79
184
31
117
221
90
145
132
177
265
55
144
105
213
148
115
48
104
80
160
76
218
106
118
88
57
46
25
110
143
194
135
129
102
101
34
45
110
120
30
190
126
137
85
106
56
95
300
300
154
306
95
140
111
12
142
44
133
276
337
292
23
112
141
65
147
65
113
159
138
170
185
310
216
17
27
134
73
235
320
137
67
56
203
135
107
227
153
13
101
164
188
119
35
191
74
167
132
181
98
175
118
12
188
298
62
54
156
235
253
164
99
96
115
109
105
9
170
11
99
156
171
41
153
244
499
144
181
388
166
114
115
104
164
197
127
160
248
87
100
106
15
159
161
136
155
141
105
123
395
196
81
202
212
239
67
192
104
36
123
120
90
139
103
120
11
152
60
247
146
21
56
44
70
103
99
59
132
115
176
127
101
120
139
100
287
113
132
158
146
161
308
164
111
94
159
106
94
116
72
123
122
119
78
119
120
281
120
123
102
126
195
92
166
114
66
270
207
53
201
167
228
216
164
101
199
106
228
112
229
116
146
107
128
136
115
119
285
154
142
99
130
116
99
52
110
194
25
117
25
174
98
99
113
55
150
135
143
169
223
241
49
26
160
162
286
199
122
97
170
55
106
106
142
137
122
252
67
139
102
106
116
31
210
176
51
182
273
359
146
235
295
209
42
179
285
463
228
253
109
116
221
126
25
108
129
82
129
146
184
128
291
155
112
186
150
105
120
228
101
150
448
102
463
499
67
295
113
499
163
168
259
150
113
125
168
289
107
200
255
175
10
18
208
168
253
309
263
40
182
140
118
157
211
144
135
117
222
191
175
160
137
177
185
151
177
97
163
159
19
100
102
210
181
141
104
121
42
122
134
135
98
92
112
106
166
255
93
155
108
192
99
159
209
95
102
117
97
93
94
224
119
149
127
204
27
57
164
227
57
46
230
135
152
103
207
139
94
130
378
142
186
272
251
186
147
229
115
183
148
34
56
109
82
235
62
56
114
94
195
324
101
136
236
54
166
99
139
120
131
131
147
124
128
127
124
82
139
146
124
181
137
48
93
22
117
140
145
137
169
128
139
98
83
95
164
132
146
269
217
92
