32
21
34
13
29
30
22
11
13
22
37
11
14
21
19
15
24
28
14
20
19
10
15
12
15
18
17
12
12
21
12
25
21
19
20
14
22
25
21
34
11
16
24
16
12
16
28
17
51
46
76
46
26
48
41
17
96
74
105
24
73
101
93
51
54
68
49
19
64
101
39
82
145
44
19
69
24
33
69
132
83
28
19
76
46
65
66
71
17
61
127
47
42
24
44
130
115
38
10
133
78
48
88
93
46
25
147
135
103
55
29
49
53
132
79
79
25
80
21
53
24
171
61
120
133
52
55
138
62
23
127
85
47
39
182
73
69
148
56
179
183
27
12
64
183
125
268
180
77
15
13
179
56
71
131
20
56
21
14
174
193
12
176
133
116
143
38
165
116
137
33
87
145
157
86
108
111
28
43
70
52
32
176
173
159
134
121
27
188
165
134
18
161
214
107
12
150
34
149
163
146
152
180
136
42
162
115
97
147
137
97
142
57
166
146
54
200
30
12
176
15
14
161
10
13
125
192
49
16
135
13
28
141
127
161
131
180
139
215
106
159
143
101
64
148
133
162
102
52
148
146
12
141
141
135
152
148
77
165
95
112
151
123
121
135
146
13
140
28
29
162
121
11
133
13
135
151
127
136
120
128
31
85
136
139
12
143
139
16
81
135
71
115
150
42
127
11
29
143
126
120
150
14
18
22
129
129
130
134
129
68
59
68
138
12
51
136
83
23
128
94
40
149
139
141
126
128
75
129
57
101
14
125
119
145
56
12
19
135
85
51
59
24
125
89
149
129
11
144
155
17
114
47
14
156
14
75
125
117
131
59
87
143
179
127
11
142
132
137
124
154
140
131
120
137
119
36
147
152
119
149
123
130
155
120
64
131
127
112
88
71
66
15
48
115
19
132
123
138
119
131
126
141
156
134
139
157
148
16
145
120
140
179
125
15
157
136
94
41
144
138
23
143
143
144
18
125
74
16
48
137
151
69
24
150
150
148
137
142
161
133
146
139
145
20
161
133
182
159
38
145
132
140
33
34
23
130
155
151
147
139
159
23
131
132
139
133
76
18
142
148
63
126
153
153
134
129
131
156
145
146
91
147
135
142
195
140
131
29
129
132
165
128
147
11
37
141
150
50
50
129
128
149
154
61
20
143
137
135
198
156
138
125
56
150
167
134
145
64
13
167
144
39
12
147
149
141
133
140
135
148
85
13
150
149
98
73
164
142
138
167
127
133
15
107
146
61
146
150
135
145
141
138
159
17
124
140
145
201
136
144
44
125
164
151
140
151
153
190
128
191
152
147
155
164
104
138
160
136
74
128
137
132
126
128
125
25
126
151
148
19
163
130
135
90
20
134
109
149
145
145
159
154
60
146
137
141
137
156
122
36
171
13
19
103
133
145
153
134
175
144
120
133
149
163
132
139
131
140
179
131
144
68
140
128
62
115
136
144
157
151
177
137
134
129
181
172
39
158
143
170
156
148
135
182
145
143
176
154
140
133
84
151
161
152
148
126
124
154
157
133
64
132
159
73
191
123
124
126
162
121
59
143
122
143
145
137
147
187
164
132
130
23
164
137
157
242
83
163
173
152
158
157
195
363
164
186
132
162
191
111
167
170
201
159
149
150
143
134
135
169
128
240
141
299
128
137
195
170
198
127
196
131
230
136
112
122
189
111
118
178
82
453
132
129
150
116
151
168
116
120
133
238
150
241
118
206
169
109
259
159
142
149
206
166
140
131
152
111
157
207
439
122
126
143
376
171
162
141
200
105
180
113
157
288
355
108
142
239
131
174
183
138
178
281
115
122
139
203
235
170
103
106
184
141
200
177
237
147
142
241
45
64
152
141
141
150
164
216
316
146
258
105
109
171
134
274
202
203
234
213
183
130
168
192
40
159
167
134
210
167
150
424
202
47
213
146
297
74
189
183
154
231
129
128
266
200
113
216
171
174
231
187
118
241
274
189
245
199
132
98
201
137
119
125
220
249
204
176
490
136
163
156
183
233
142
193
223
204
193
91
185
245
163
190
199
133
321
160
251
124
19
179
146
154
19
261
249
135
316
157
91
125
135
137
144
237
182
385
190
305
150
160
148
184
199
221
167
127
105
205
70
323
333
170
355
124
159
147
149
232
262
148
137
438
159
217
139
203
216
216
34
178
156
128
196
200
140
216
165
116
131
256
143
97
109
64
203
188
147
112
215
141
153
150
152
124
207
31
63
144
38
112
100
96
214
184
107
172
219
119
165
210
252
459
130
105
102
102
144
