27
19
16
18
18
40
17
11
16
16
16
26
15
18
22
22
9
26
55
12
16
10
14
20
22
8
14
10
20
12
11
17
38
17
11
12
21
17
27
17
8
11
48
15
37
43
13
14
13
33
19
25
19
12
30
14
14
15
23
8
10
18
68
49
20
15
11
25
81
26
38
72
85
47
69
11
17
16
83
67
55
21
59
48
104
28
90
70
47
44
18
26
44
49
14
39
26
42
28
39
16
65
76
55
42
48
56
65
19
30
100
42
107
48
57
31
37
35
40
74
43
128
50
86
89
18
140
40
193
135
162
174
111
79
150
93
36
75
194
165
46
37
80
108
121
229
10
185
30
97
28
202
229
298
290
299
21
356
375
11
89
86
317
264
223
181
190
39
82
215
17
45
31
151
49
153
13
164
198
153
175
112
271
47
35
22
132
185
177
252
177
128
168
50
19
190
207
190
113
235
213
179
154
260
56
238
36
107
269
242
258
340
279
499
62
37
376
91
154
106
226
309
499
80
334
214
126
240
179
261
88
143
499
234
266
155
499
499
499
279
183
219
210
87
164
172
152
190
172
14
16
175
176
197
226
193
259
239
237
193
227
252
92
13
50
489
414
339
228
405
79
321
92
348
113
343
157
128
131
156
200
188
178
206
164
152
161
181
155
152
161
133
152
116
131
131
147
148
116
138
122
88
110
74
120
133
26
68
33
57
120
122
126
129
130
126
115
118
128
121
126
129
138
122
118
113
113
117
121
124
121
115
135
113
13
15
127
104
133
119
122
72
103
20
116
112
126
129
131
120
135
121
125
120
111
133
119
110
110
115
112
112
124
17
124
115
149
125
135
165
178
142
153
154
143
158
150
140
150
172
90
79
158
177
19
167
44
157
238
234
150
182
168
203
207
291
218
212
130
308
175
96
125
133
36
18
135
143
141
127
151
149
140
134
131
12
130
128
136
143
149
159
141
160
185
157
152
287
185
164
167
208
17
32
22
24
109
170
152
137
160
176
145
162
147
143
143
153
147
147
132
152
145
142
143
136
147
143
125
143
149
127
131
132
136
122
128
10
28
22
157
122
142
135
156
147
135
203
165
204
205
220
217
155
397
267
190
207
197
209
183
200
14
199
235
173
211
227
148
166
32
46
55
153
177
151
169
252
175
160
195
155
133
155
140
174
156
162
193
167
180
179
299
160
207
143
153
233
194
188
177
242
148
141
172
152
146
147
183
156
191
181
313
130
38
145
189
129
151
216
170
149
169
125
227
169
208
209
280
225
178
193
165
140
186
132
148
171
143
168
175
86
74
156
133
139
133
182
154
149
119
125
112
111
116
129
137
176
165
136
231
17
177
166
244
201
51
21
63
50
52
150
250
179
227
263
164
156
13
135
138
214
150
151
142
155
164
149
203
161
140
211
160
133
310
128
35
10
12
9
18
24
10
12
92
21
114
157
153
136
136
143
125
130
122
116
115
121
130
58
109
94
105
108
104
102
100
101
105
101
107
106
106
42
37
114
23
107
62
114
117
106
120
115
107
104
112
107
112
116
119
116
115
113
116
126
14
104
104
102
103
68
105
112
111
114
113
115
16
132
129
134
124
104
121
105
106
107
105
26
114
110
131
120
128
125
145
170
151
135
117
147
211
171
226
173
154
133
124
167
132
106
182
164
155
151
131
279
163
143
147
182
187
139
136
153
152
130
129
134
186
151
177
133
187
259
147
181
154
154
176
73
95
21
12
47
85
163
308
215
214
180
94
182
234
267
275
361
332
378
161
118
140
173
499
10
160
169
141
143
135
102
122
128
125
124
111
123
120
110
116
106
59
117
78
23
140
31
131
116
123
141
139
137
135
142
130
137
116
203
142
147
177
162
222
218
227
204
229
237
499
152
174
169
147
145
153
147
144
144
147
141
131
122
150
128
167
151
150
133
163
169
185
166
155
146
187
143
192
166
165
144
195
125
136
126
126
112
136
132
149
127
132
132
118
64
118
129
129
128
112
121
127
132
133
154
143
109
130
148
133
136
155
151
213
171
61
29
15
14
9
38
52
174
131
271
393
166
179
165
169
163
137
188
242
168
201
162
212
174
153
158
196
225
190
175
184
212
261
213
230
195
361
92
24
111
117
295
193
236
216
253
250
150
163
159
143
154
122
234
165
161
160
132
136
146
111
130
176
110
90
77
94
104
11
9
112
217
374
274
287
186
38
136
91
445
499
463
279
265
240
32
21
152
158
140
147
131
137
126
143
115
125
129
129
129
109
135
122
107
