27
18
20
12
19
13
18
13
16
9
18
16
18
19
12
14
15
21
35
17
45
9
21
54
17
16
13
11
14
8
16
15
13
22
16
11
14
13
9
10
16
25
25
19
13
24
23
13
18
20
14
10
16
24
13
15
16
13
12
35
25
15
12
11
8
14
15
9
10
25
16
12
18
103
11
9
27
17
30
29
103
42
36
62
54
43
16
11
11
69
38
18
89
48
30
23
24
35
65
65
69
36
65
38
103
21
50
17
9
65
31
17
87
130
74
33
106
134
25
47
49
114
173
41
68
67
273
250
120
75
34
197
102
82
254
185
105
284
13
295
104
64
75
79
176
81
66
331
174
46
262
106
339
169
113
412
335
152
187
44
316
270
76
333
44
85
292
96
186
263
62
145
227
50
196
278
116
266
292
169
48
111
290
225
68
34
123
302
271
117
15
15
312
190
292
430
29
369
484
303
304
254
258
293
233
315
321
88
103
230
29
235
272
163
361
270
86
388
190
252
306
419
212
230
231
438
239
263
122
87
213
211
322
209
270
278
212
262
206
277
324
87
105
266
200
303
341
265
193
214
143
235
300
146
288
215
288
261
217
309
232
323
298
183
215
242
234
213
441
222
332
296
330
217
259
212
247
223
236
234
18
179
173
209
188
166
251
67
191
200
188
192
272
361
295
273
195
333
270
331
284
272
205
178
197
185
230
354
83
114
155
263
154
230
110
341
317
245
297
280
499
134
310
97
221
236
226
322
182
377
340
188
326
213
294
148
339
46
301
252
69
144
250
41
204
209
153
409
126
175
80
258
246
286
146
358
219
210
167
260
152
104
315
202
224
222
163
66
154
259
277
142
207
213
133
68
363
178
140
317
225
191
267
208
284
58
57
218
140
171
271
284
499
320
207
73
226
47
248
163
245
84
43
80
114
160
292
200
203
221
76
134
320
254
171
47
392
96
72
264
74
208
193
296
237
278
51
204
203
335
89
349
252
246
205
263
222
302
329
110
172
174
90
41
217
48
251
135
286
92
195
35
98
293
186
187
158
72
236
142
187
56
231
289
421
193
307
196
223
28
179
61
228
19
369
201
175
224
160
184
98
218
151
92
147
178
336
195
235
317
161
224
151
195
193
250
64
67
171
194
194
295
205
163
172
173
252
72
193
39
205
163
166
264
254
156
85
187
191
331
206
260
225
306
163
473
186
196
236
154
191
201
249
228
66
174
114
46
277
74
171
29
178
301
150
174
85
190
263
36
76
172
226
184
241
297
171
186
198
163
396
382
138
429
206
99
169
205
56
40
264
186
163
267
214
216
263
47
215
443
86
233
297
298
355
241
238
170
450
194
499
193
362
185
321
182
281
231
181
230
210
196
186
159
339
324
329
185
217
203
177
320
385
297
208
181
205
317
263
211
186
305
36
209
254
310
274
154
183
260
88
178
190
499
176
229
287
454
249
149
226
237
262
437
201
242
79
338
238
194
203
335
189
292
349
355
191
174
199
217
345
108
55
170
144
287
168
158
78
363
211
254
354
499
299
302
179
199
177
255
180
241
161
291
198
164
245
213
371
279
148
84
198
206
129
192
111
177
179
160
212
198
199
170
191
175
124
230
157
262
211
263
199
141
183
153
257
148
197
456
211
234
184
115
202
157
184
177
312
212
150
237
172
244
247
52
11
187
205
234
130
210
148
225
175
167
184
257
203
178
49
166
234
203
173
206
241
332
184
246
224
163
350
165
207
337
60
159
226
143
205
201
48
185
304
139
126
282
178
184
135
159
191
311
47
143
37
177
190
144
282
194
317
151
158
267
179
262
231
179
498
160
380
158
301
104
20
243
167
191
193
267
264
217
234
165
198
186
247
173
183
214
205
134
233
141
144
256
182
33
410
148
173
220
235
343
153
231
167
349
129
129
167
201
241
152
229
153
157
177
210
133
225
169
121
170
160
303
147
190
153
390
328
123
28
212
227
58
235
131
49
237
127
211
219
253
129
281
306
221
182
136
155
130
240
361
282
248
315
173
224
159
286
178
111
419
223
245
182
227
225
63
151
75
58
227
234
154
189
129
236
105
208
196
499
181
262
129
198
185
224
202
300
327
417
276
229
237
241
140
129
61
135
192
391
238
363
161
120
308
170
345
128
273
198
120
194
284
142
275
167
199
214
275
160
210
369
189
190
170
244
44
185
71
463
119
144
174
125
318
301
146
151
267
412
147
125
216
197
182
200
228
140
174
137
157
181
237
410
53
115
193
157
126
160
210
389
157
276
264
