31
19
53
29
14
17
12
16
16
16
31
16
24
17
20
12
41
13
48
14
20
19
24
12
26
19
15
12
17
22
15
12
12
13
11
29
26
13
15
12
12
30
13
11
29
14
15
24
17
10
15
12
13
15
14
11
19
12
11
18
12
18
14
18
16
15
14
14
16
13
10
14
19
12
15
10
17
33
16
11
14
13
11
12
8
17
14
22
13
21
28
10
10
12
9
10
10
15
16
10
12
10
14
15
14
9
17
9
18
11
21
18
15
13
14
41
11
9
11
10
19
14
15
10
10
16
13
12
9
17
14
20
13
14
17
11
12
10
17
11
10
16
9
12
11
12
10
13
10
15
18
16
11
14
16
21
13
14
15
13
17
14
13
16
9
10
12
15
9
13
12
11
16
10
12
13
14
16
10
10
11
10
12
11
10
10
13
12
12
13
13
9
13
10
14
19
15
12
10
14
14
12
11
10
13
10
13
9
11
9
9
12
10
10
11
11
9
10
11
12
11
11
10
10
12
10
12
13
14
10
10
10
12
10
9
12
9
13
11
11
10
10
11
10
12
11
12
12
11
12
8
11
15
13
9
12
9
16
10
12
12
9
12
11
10
10
8
11
8
12
10
10
10
15
13
13
11
10
13
8
14
8
10
10
10
11
11
9
11
11
10
10
10
8
11
9
11
12
9
11
11
12
13
10
11
8
8
12
9
9
9
12
9
12
10
11
9
9
11
14
9
10
9
15
10
10
9
9
11
10
9
10
11
11
11
9
9
11
12
9
10
8
10
11
11
10
11
12
11
13
9
12
10
10
10
10
12
9
10
9
8
13
10
10
11
12
8
10
10
10
9
9
12
11
10
10
10
10
10
10
10
10
10
11
9
11
9
10
13
8
11
10
9
10
8
10
10
10
9
10
12
10
9
11
12
10
9
9
8
9
8
10
9
10
9
9
9
8
11
13
10
13
8
9
13
10
17
10
9
8
10
14
9
11
13
8
9
10
9
9
10
11
10
11
11
11
10
16
12
18
9
9
12
8
10
10
11
10
15
11
10
10
16
9
9
10
8
14
9
10
10
12
10
10
11
8
9
10
10
10
10
10
10
8
12
8
9
12
9
8
14
10
9
8
18
10
9
9
9
10
9
10
10
8
11
9
10
18
15
8
8
11
11
11
19
10
13
10
10
10
11
10
9
8
9
9
9
9
9
11
9
18
10
9
9
12
14
9
9
12
12
9
8
10
9
10
9
8
12
13
9
10
9
9
14
9
10
12
10
13
12
12
13
9
14
12
10
11
13
11
10
9
8
10
16
10
23
9
12
8
11
11
13
8
12
8
10
10
10
10
10
10
10
10
10
9
10
10
10
9
10
9
11
10
10
9
13
9
11
14
10
12
18
13
9
9
10
9
9
16
11
11
9
10
9
29
9
13
9
12
8
16
12
9
11
10
10
12
9
10
12
9
10
9
13
9
12
11
10
10
9
8
23
10
11
11
17
11
30
13
10
18
11
10
10
10
11
11
16
9
13
10
10
10
9
10
10
8
11
11
9
25
17
11
12
10
18
10
10
17
24
24
10
11
10
19
25
20
20
13
31
19
21
10
56
18
19
33
37
32
19
35
22
39
36
21
31
72
17
18
17
10
14
21
10
33
18
19
14
26
27
22
21
29
27
20
32
19
19
22
23
25
19
19
10
45
17
22
19
19
21
33
23
146
20
25
10
19
11
26
197
36
187
90
88
31
202
185
127
18
19
121
88
18
175
54
137
42
121
74
20
50
23
43
76
122
12
46
35
59
98
34
56
153
104
28
102
112
36
91
124
108
12
98
45
30
62
78
57
47
78
65
53
88
98
85
10
100
131
125
119
101
113
113
64
94
143
98
90
110
88
70
88
113
245
78
106
96
78
120
82
81
134
69
71
83
80
80
37
82
107
101
83
80
77
57
64
82
52
101
55
76
47
79
103
50
45
64
76
69
74
56
66
73
70
34
18
80
48
62
52
38
60
62
55
102
134
232
182
165
28
31
123
26
50
88
84
48
115
14
19
92
96
11
12
10
21
14
33
60
11
70
33
68
62
17
13
13
10
14
11
13
15
12
12
10
15
11
24
11
10
11
12
11
15
11
17
15
62
14
11
12
55
12
10
12
19
68
17
16
11
12
11
15
56
12
10
11
10
11
11
10
11
16
12
12
11
11
11
10
13
11
12
9
12
11
11
14
12
11
11
17
14
10
13
14
13
11
11
12
11
50
14
14
13
11
13
13
11
13
