34
14
35
13
24
19
13
16
12
33
24
13
23
18
20
9
38
21
17
18
18
14
15
18
31
22
19
12
26
22
41
13
12
25
70
15
15
22
27
32
18
23
38
31
10
35
8
34
92
34
73
37
10
8
32
27
65
33
14
39
54
158
66
39
17
58
50
17
70
43
19
52
83
72
51
67
29
61
12
50
37
89
31
87
66
25
18
118
65
50
137
124
72
97
105
21
65
91
88
138
42
194
29
24
75
23
30
146
104
36
71
65
129
181
117
51
188
81
80
77
98
19
45
187
275
14
91
132
26
205
76
124
12
118
121
73
163
86
117
140
266
179
65
103
64
246
302
27
126
138
35
116
74
117
499
33
150
115
83
128
81
21
80
262
131
266
73
117
138
138
69
82
23
85
145
235
209
42
15
93
93
106
73
80
72
203
59
14
30
112
309
136
24
164
121
242
88
10
197
80
98
232
121
176
43
100
47
35
150
21
20
12
175
15
35
16
40
62
184
12
153
87
10
112
209
68
35
33
134
82
123
33
211
122
28
143
213
172
27
25
140
76
150
130
222
77
185
129
106
74
57
43
11
9
73
29
25
43
45
136
29
53
32
50
31
171
11
117
92
53
41
65
53
155
134
137
128
113
209
82
13
151
175
71
12
154
135
137
93
151
118
90
14
17
50
147
142
34
147
71
128
117
102
102
165
133
104
15
91
27
271
124
39
38
102
88
12
40
48
109
47
11
108
142
37
73
82
92
13
109
24
77
132
40
80
14
94
109
33
61
40
55
106
129
185
100
56
29
191
12
64
18
52
34
41
33
41
118
118
55
102
56
53
48
70
131
156
28
235
41
166
237
135
109
33
93
98
293
100
38
59
10
86
122
94
64
54
40
12
174
34
92
92
155
152
11
90
130
124
12
117
10
76
15
80
107
106
71
34
25
29
99
162
187
77
69
105
33
124
53
22
130
237
59
135
59
43
137
111
69
58
52
20
38
58
20
97
140
138
51
107
81
177
104
109
98
102
79
105
100
108
173
181
14
103
48
101
25
45
103
124
116
124
97
106
10
149
228
18
210
23
9
130
96
135
144
188
183
94
136
180
158
114
215
110
426
28
102
67
70
100
164
109
104
232
47
121
55
122
17
122
51
130
141
100
162
182
118
218
10
12
152
91
96
193
12
170
73
107
137
80
126
237
147
153
114
143
110
93
245
124
121
150
105
88
78
185
104
170
98
38
26
220
85
136
127
373
146
124
119
113
115
262
167
232
72
136
206
138
115
206
176
207
128
43
92
101
131
201
98
95
149
13
149
64
105
143
102
159
225
46
156
108
58
137
76
13
246
144
95
50
117
35
170
39
143
107
278
70
76
135
127
137
109
112
157
109
153
57
168
102
25
136
116
209
188
233
27
111
99
267
100
420
103
96
118
157
47
223
108
120
119
158
104
252
11
312
22
257
97
423
106
173
260
234
186
116
173
137
205
63
102
213
211
94
11
105
112
122
140
128
244
141
166
132
145
124
481
139
197
147
37
235
82
99
182
119
318
78
140
273
112
294
106
167
85
131
115
100
173
168
389
60
214
216
78
164
246
168
244
149
207
208
139
317
126
222
174
111
204
299
136
98
205
116
147
111
121
82
123
173
89
157
234
129
182
156
80
40
104
18
170
469
106
118
205
125
143
123
410
93
140
200
129
154
97
96
70
30
108
114
54
99
183
63
151
120
108
59
139
38
137
103
113
184
130
114
109
174
24
177
182
151
129
194
101
103
140
103
106
106
15
306
146
112
129
156
104
164
69
124
45
95
178
190
120
48
110
139
59
46
152
427
104
115
234
163
108
230
135
191
126
141
86
107
198
97
125
64
282
126
35
144
107
125
36
26
100
176
485
157
10
221
206
150
25
181
101
251
267
114
118
211
145
167
38
360
134
314
108
270
212
111
106
118
112
151
135
112
128
329
113
140
170
129
121
100
128
128
288
108
73
155
322
120
139
101
158
217
140
103
206
115
128
32
98
299
216
197
123
108
468
142
87
96
222
128
135
133
97
127
288
146
157
473
178
101
194
96
107
68
100
153
259
195
256
158
150
152
125
453
146
381
230
123
212
322
168
119
127
149
223
120
103
395
211
137
103
204
499
144
243
158
130
113
128
143
132
138
113
210
112
176
75
131
175
110
151
149
151
140
499
237
108
344
373
122
106
227
127
115
118
156
103
128
286
143
85
259
113
326
114
105
184
399
153
331
170
161
122
174
217
94
109
332
171
335
124
140
157
