24
13
19
24
31
23
14
13
22
13
41
17
18
17
19
19
10
26
20
13
38
44
17
15
25
18
10
14
10
13
54
11
16
12
20
10
14
21
19
13
12
16
18
35
22
10
16
13
31
14
20
12
10
18
24
21
26
12
26
15
20
11
19
19
18
12
10
14
50
11
19
37
14
12
9
14
10
33
11
26
20
21
10
22
20
13
14
13
17
13
17
18
12
11
10
12
11
8
15
11
12
12
21
10
12
15
11
12
9
14
14
15
12
12
11
16
11
15
15
10
11
12
11
17
13
17
18
14
13
10
10
16
24
11
14
13
11
10
11
15
11
10
13
10
14
10
8
13
28
11
11
9
12
9
9
16
12
12
15
17
17
16
13
12
9
30
11
14
16
14
13
11
17
11
15
11
10
10
20
9
11
12
12
12
18
10
11
15
20
9
10
17
13
13
12
14
10
11
11
11
16
19
10
9
9
10
11
11
12
12
8
9
11
9
14
15
11
14
12
13
8
9
11
10
10
11
8
15
17
9
11
9
9
16
11
9
12
12
11
18
10
10
9
12
16
9
13
12
13
13
11
10
10
12
10
13
12
12
12
10
10
14
13
11
9
10
10
12
13
11
11
10
10
15
11
9
14
9
9
9
11
8
12
10
10
11
10
9
12
11
18
29
13
23
99
48
163
65
102
116
56
56
95
67
52
62
48
62
174
117
110
113
51
82
56
49
92
56
77
104
57
65
172
85
83
69
112
147
68
73
85
119
143
111
166
137
117
101
158
116
70
63
11
14
61
24
24
47
60
17
10
34
74
27
10
44
9
10
11
9
27
10
9
9
10
11
14
28
10
10
29
11
31
9
11
20
39
9
29
9
24
15
34
10
28
10
10
15
10
10
8
11
9
11
9
26
10
10
10
22
13
8
9
10
11
14
11
10
20
24
15
13
10
15
10
9
21
29
10
12
22
10
11
10
9
10
9
27
10
9
24
9
10
10
8
11
9
10
13
10
9
11
8
8
12
10
10
11
13
11
9
9
9
10
10
11
11
26
11
15
9
8
11
8
24
8
10
8
9
10
11
9
9
12
10
9
9
12
9
11
9
11
9
10
10
10
9
9
12
21
13
9
9
9
10
10
10
9
10
9
11
9
10
16
25
10
28
9
9
13
20
9
28
10
10
30
11
9
10
9
8
10
10
9
10
12
11
8
11
9
10
21
12
11
10
10
8
9
9
10
9
9
9
9
21
10
26
9
9
9
9
9
9
27
10
10
9
11
9
9
10
12
24
8
9
9
8
9
12
11
10
8
19
9
9
10
10
25
9
10
9
13
8
20
10
24
9
8
9
10
8
10
10
10
9
9
23
9
20
10
9
10
9
9
10
10
9
10
21
9
10
25
13
21
8
12
9
10
10
9
9
26
9
10
8
10
10
23
26
10
10
10
9
9
11
11
27
10
10
8
10
9
11
10
8
9
18
11
10
10
9
10
15
11
17
10
11
9
8
9
10
13
11
11
9
10
11
10
9
10
9
19
8
9
10
8
8
9
9
9
8
10
9
10
9
9
10
19
10
10
10
10
26
9
9
25
30
9
25
10
20
10
19
9
10
13
9
9
9
10
11
10
8
10
10
8
9
10
10
9
10
10
27
8
9
8
10
22
10
9
20
10
9
9
19
9
9
8
10
9
9
9
30
10
11
10
23
10
8
10
9
10
25
9
8
10
8
20
9
22
10
9
10
9
9
10
10
29
29
9
8
9
27
10
22
8
8
9
15
8
8
29
10
10
9
9
25
25
19
10
20
10
19
10
10
22
10
9
10
13
10
9
10
12
9
10
8
8
8
10
9
10
31
10
28
8
28
10
9
10
9
8
9
11
9
10
26
10
10
20
10
21
8
9
24
10
9
10
10
8
10
10
31
9
19
10
23
19
9
9
10
11
10
24
10
22
8
9
9
10
9
11
9
9
9
9
10
9
9
9
31
9
18
9
18
8
10
30
9
9
32
9
10
30
10
10
34
9
17
11
9
29
10
32
9
9
8
10
8
23
10
9
21
9
10
10
10
10
9
23
9
23
9
13
8
10
27
10
10
31
26
10
24
9
20
27
10
9
19
9
10
9
8
9
8
9
14
15
10
10
19
10
9
26
8
21
9
9
11
24
8
9
27
10
9
10
9
20
10
8
17
8
10
9
11
9
9
8
9
26
10
9
10
9
9
10
10
12
9
14
19
10
10
9
9
9
24
10
11
9
10
11
12
9
35
8
10
21
34
27
