27
16
17
14
26
31
13
16
62
15
20
18
25
14
37
50
24
16
11
12
21
19
25
22
9
23
11
13
27
44
16
18
18
17
27
41
20
14
23
37
27
34
19
20
27
14
19
9
10
14
19
39
19
12
16
16
10
16
9
18
11
23
9
15
12
22
23
18
20
13
32
33
23
28
21
39
76
30
26
29
26
14
51
14
64
53
54
20
36
19
17
25
54
85
36
48
55
17
48
32
61
34
58
10
39
24
39
62
44
71
43
76
61
77
41
33
54
29
22
76
67
18
38
27
65
107
18
66
36
62
46
47
101
53
75
63
73
55
40
153
84
78
142
134
63
84
77
135
66
126
69
218
123
111
268
86
33
17
136
169
200
123
143
186
30
36
251
123
225
219
224
108
56
63
226
190
224
147
260
63
137
222
193
287
262
125
27
162
251
257
500
211
232
238
115
259
236
256
300
268
67
178
237
235
138
248
272
281
263
278
282
272
232
333
35
254
352
264
275
217
184
84
283
301
114
237
270
256
242
299
234
202
260
350
258
262
268
180
89
241
245
239
233
243
221
106
251
248
228
332
272
258
232
372
220
269
276
201
211
227
27
291
250
238
125
255
235
214
249
232
234
112
253
55
295
291
252
180
82
259
259
253
269
237
226
237
19
243
59
260
238
279
304
215
212
248
32
317
250
267
278
275
253
218
295
245
243
284
92
83
239
307
29
104
242
15
296
239
269
53
261
248
283
242
317
282
205
304
235
237
319
249
200
133
233
236
252
104
286
248
135
250
120
335
249
287
237
234
63
109
271
237
241
258
228
218
240
268
248
271
290
224
135
213
286
252
265
257
218
331
257
271
243
398
265
238
189
252
219
117
305
248
222
231
253
253
214
427
166
40
330
321
72
275
238
250
258
13
317
227
244
234
268
217
251
271
255
287
209
382
240
38
297
236
247
237
320
52
285
228
260
99
270
243
217
262
237
275
227
289
118
248
238
278
40
200
257
255
234
241
244
226
184
281
340
228
224
259
27
291
13
246
275
28
255
202
223
97
63
282
210
302
232
292
321
206
304
255
276
306
274
216
391
207
236
226
240
267
45
315
407
232
254
247
312
250
223
221
217
296
278
253
245
195
338
286
272
172
231
272
73
335
236
336
303
249
347
233
24
236
238
345
337
86
249
227
247
39
319
267
282
299
323
257
178
391
202
280
276
259
364
227
211
239
439
27
56
264
234
258
229
223
315
234
471
270
225
242
317
257
261
225
240
240
359
191
447
258
284
305
221
320
50
109
231
258
278
282
224
247
228
208
225
223
249
196
249
224
240
301
297
221
321
173
197
198
212
51
164
86
160
203
176
237
326
217
370
249
337
252
208
227
165
202
188
176
206
220
186
225
242
190
208
199
210
274
208
201
215
198
207
262
178
179
208
197
180
211
205
27
251
214
176
382
190
270
237
246
177
170
134
196
245
224
167
192
159
223
199
216
204
307
198
194
140
252
200
191
208
156
219
279
261
186
196
189
196
158
189
173
165
171
189
168
184
151
190
177
175
225
172
200
228
142
223
124
175
224
162
143
149
199
179
244
140
193
196
151
167
191
134
147
173
117
179
145
208
128
124
157
303
111
169
142
158
131
149
114
263
175
195
171
142
145
167
192
144
176
214
152
127
141
141
158
150
162
183
155
166
171
194
142
163
169
159
180
164
133
201
161
184
176
132
138
160
173
179
238
119
120
151
147
168
156
191
160
129
156
154
149
156
190
128
206
113
147
179
114
211
180
141
130
189
202
168
152
122
119
134
206
165
163
210
189
164
226
202
215
168
131
141
196
115
150
38
134
129
138
114
168
140
163
209
153
37
225
165
203
180
212
176
261
116
186
196
153
134
120
174
145
158
151
124
64
104
156
143
133
122
124
253
149
135
185
131
253
139
183
153
144
177
221
246
147
162
160
81
135
150
161
240
105
165
189
313
313
133
141
238
171
187
143
133
141
150
132
140
158
170
120
113
122
229
173
137
223
141
122
155
228
147
217
113
140
141
111
175
157
136
165
154
172
146
206
147
168
359
176
177
141
100
225
197
69
136
130
281
231
33
148
161
152
156
155
106
170
205
133
196
144
97
233
164
170
163
138
169
174
185
155
234
202
138
134
352
153
110
201
181
216
79
139
171
232
125
145
156
88
195
196
134
142
147
259
128
182
203
237
143
186
141
117
164
174
160
121
278
364
226
186
141
170
219
341
175
138
144
144
178
190
375
121
188
128
135
213
293
134
131
181
