35
14
31
32
49
15
12
36
21
60
22
11
10
18
31
22
11
17
12
17
21
28
22
8
21
13
17
23
31
16
16
12
24
26
26
10
38
29
21
9
14
9
12
20
43
29
35
21
20
37
53
44
33
44
15
63
13
25
56
49
30
16
69
34
30
59
56
21
22
59
26
14
90
15
26
17
43
58
77
107
100
48
51
24
62
14
44
118
114
114
23
123
150
33
21
11
219
27
50
57
46
78
62
100
92
122
105
178
22
30
94
54
241
176
16
107
91
115
20
30
19
179
75
136
128
283
82
90
40
188
239
67
14
67
140
27
208
187
108
102
59
165
232
203
41
194
86
20
59
87
163
97
198
151
117
18
45
31
86
18
255
54
179
260
155
317
92
127
333
155
398
144
19
79
206
196
82
90
38
165
52
17
290
162
140
147
135
17
153
191
196
25
187
103
122
166
209
256
203
75
161
21
199
178
132
166
111
169
130
147
91
146
132
174
87
203
140
120
132
94
72
18
145
87
40
148
24
63
139
22
162
130
257
122
96
15
69
89
14
149
142
218
52
93
34
115
210
117
52
114
86
99
111
68
111
126
73
30
64
123
133
148
14
17
14
130
140
76
80
84
72
104
214
172
76
122
116
112
127
97
125
137
135
133
120
56
102
12
115
61
101
157
11
105
108
59
132
112
108
67
126
17
111
13
142
100
115
135
120
129
114
105
176
106
257
81
120
167
40
27
95
107
120
96
138
106
23
116
10
100
99
130
51
23
67
60
117
122
169
174
60
68
92
119
110
140
41
136
57
54
91
149
35
13
110
55
55
106
47
107
110
110
194
109
35
67
130
58
73
148
148
254
154
28
114
157
110
58
143
117
64
38
124
160
66
125
67
195
98
112
39
98
67
109
34
46
22
162
124
78
62
28
54
102
124
139
86
86
121
91
139
131
33
48
150
71
72
122
55
59
132
110
47
106
130
108
48
123
102
92
49
200
120
116
112
15
86
109
116
130
125
42
121
16
110
112
110
106
102
111
72
122
109
107
128
122
114
29
68
105
78
115
32
153
52
208
185
106
105
80
96
31
127
218
111
114
109
49
81
11
167
41
107
11
168
109
98
121
110
146
81
60
15
33
75
20
87
117
119
101
52
104
141
113
95
76
107
172
140
100
66
100
115
40
111
72
80
77
131
108
132
106
139
101
82
63
141
36
286
118
68
24
95
42
23
128
34
125
67
99
162
123
255
14
19
115
39
122
107
110
57
176
120
113
129
112
69
100
19
100
110
114
103
16
121
98
108
89
106
14
129
115
122
157
108
104
107
161
139
66
108
113
136
110
131
131
157
134
15
115
135
148
150
136
17
60
41
38
108
26
119
53
140
75
45
104
120
119
113
21
62
99
79
104
112
120
15
113
103
134
104
111
125
131
68
114
144
119
128
76
124
122
500
118
39
103
99
265
95
97
104
97
121
55
114
124
101
125
13
77
115
114
110
107
72
30
85
102
112
87
106
105
87
105
121
97
121
55
135
113
114
108
116
120
117
95
71
88
118
18
117
108
145
144
193
66
182
125
210
108
103
166
111
100
149
102
105
184
147
48
144
83
99
38
52
81
78
66
113
132
104
106
136
107
142
100
80
116
105
112
119
116
122
103
67
101
141
115
117
119
233
11
120
113
121
129
104
113
52
97
98
133
116
178
127
176
104
119
133
88
112
170
170
108
118
132
106
26
115
131
123
25
162
98
50
128
97
61
117
98
18
106
18
12
126
159
99
115
144
173
115
180
15
20
111
62
107
124
114
134
104
112
59
107
144
114
110
112
88
164
113
100
41
110
425
168
170
106
175
107
114
94
109
147
99
105
129
106
176
114
105
109
119
150
138
128
87
147
90
125
15
122
111
161
111
165
108
95
107
76
145
102
170
144
98
101
113
105
107
140
104
116
11
108
106
87
43
208
110
104
111
154
107
162
116
114
136
91
150
107
99
99
124
89
147
50
78
27
63
42
113
121
141
12
121
153
104
104
84
106
101
116
129
124
18
69
106
106
114
98
122
110
171
133
141
97
102
122
126
135
110
44
119
102
103
131
105
140
159
20
16
18
114
108
135
116
105
108
107
128
147
113
109
166
112
108
143
121
164
116
131
134
50
166
138
129
136
123
154
116
172
117
102
113
29
101
100
128
122
110
99
118
35
113
126
125
137
115
127
152
120
114
117
112
168
173
106
85
55
133
143
108
112
86
119
176
151
172
135
31
142
111
75
153
109
109
125
76
136
189
