32
27
16
24
18
18
13
15
12
14
50
16
20
23
14
40
25
29
14
17
11
18
19
16
16
15
13
10
20
11
17
15
12
27
24
18
11
12
10
17
34
36
20
14
33
35
15
15
20
12
38
13
15
21
14
23
12
17
10
17
12
15
15
13
13
12
16
16
21
19
16
17
15
43
9
31
14
10
14
16
13
14
11
13
14
20
11
13
8
9
10
11
10
17
20
14
16
15
15
12
12
14
10
12
14
13
12
12
14
17
14
40
12
14
13
12
9
19
16
18
16
10
11
20
28
22
12
13
11
15
21
19
8
12
20
12
11
10
11
10
10
11
13
17
9
12
13
19
22
9
10
14
10
15
17
19
14
9
12
15
17
10
9
12
14
12
15
15
13
15
13
10
11
12
13
12
11
12
9
10
13
13
11
12
14
12
13
11
9
10
13
16
15
10
12
9
8
10
9
10
12
11
14
10
10
10
9
12
16
10
11
13
11
12
10
13
16
16
9
12
11
15
9
10
9
9
11
11
10
9
10
9
10
10
10
9
12
12
9
11
9
10
15
12
10
10
9
10
14
13
12
10
13
10
12
12
11
10
10
11
11
12
10
9
10
9
10
13
14
13
10
14
11
10
9
11
9
9
13
9
9
11
11
10
11
10
9
10
10
10
15
9
11
10
10
26
9
8
11
13
10
8
10
10
10
9
9
11
10
10
13
9
14
13
12
13
11
9
25
9
11
14
10
18
16
9
9
13
15
8
12
12
11
16
12
10
10
9
12
10
10
9
17
10
22
10
16
10
10
14
17
16
13
10
15
14
10
12
14
9
10
11
11
10
11
10
10
10
32
11
26
13
11
18
11
14
9
10
10
16
24
23
10
13
15
78
13
37
59
76
46
73
62
46
56
52
105
96
85
146
99
97
123
125
93
36
84
114
163
77
114
101
98
50
101
120
96
114
93
76
15
38
42
11
44
22
11
42
61
42
23
21
45
32
53
36
14
11
57
39
38
109
51
66
48
18
91
10
17
35
89
207
134
47
129
30
118
237
211
282
97
242
173
278
132
155
136
91
82
78
14
27
18
43
15
15
13
60
52
30
15
18
13
14
12
14
77
14
39
68
24
103
11
16
25
25
11
42
9
14
11
18
28
13
17
17
43
37
14
25
15
33
85
189
62
85
52
93
48
44
93
42
66
56
117
165
79
57
139
133
44
51
77
62
69
60
99
140
49
61
49
41
35
29
86
40
50
134
91
171
41
164
141
111
142
51
73
96
49
157
124
152
139
86
203
120
79
83
96
88
157
103
109
128
168
101
70
108
101
154
79
66
16
175
146
109
142
180
12
13
34
94
75
119
21
63
13
74
62
80
12
34
39
87
55
71
36
14
32
15
69
42
73
16
10
65
81
9
75
56
23
47
25
26
70
33
40
10
12
23
53
30
15
27
95
16
100
10
85
70
69
32
24
64
68
37
73
49
45
57
64
78
58
33
52
11
43
36
48
50
74
79
19
104
20
43
36
108
76
9
87
90
33
34
84
81
44
65
33
100
73
32
69
26
76
74
16
84
83
84
16
105
85
88
92
76
35
79
87
25
16
75
100
14
69
74
22
33
112
62
83
69
86
85
60
88
76
88
98
10
76
15
54
73
117
52
70
32
99
82
106
81
77
21
22
30
14
67
68
28
14
72
17
100
26
110
68
73
72
73
105
25
27
70
33
24
29
42
27
22
22
22
25
16
64
49
10
23
20
11
43
10
19
23
11
22
18
17
87
34
12
23
103
80
32
34
34
11
23
21
21
34
62
13
28
10
23
25
135
13
11
17
17
23
27
18
19
24
27
23
11
36
24
75
55
22
23
27
9
33
120
16
19
17
28
30
18
72
24
15
17
29
20
55
61
32
39
10
14
23
32
26
38
21
121
24
58
21
17
66
35
73
29
20
29
30
89
34
44
110
14
43
68
22
17
10
49
61
51
23
26
71
14
26
10
36
40
57
40
20
46
19
13
40
22
49
35
25
22
33
10
63
17
27
39
61
43
21
54
22
100
13
12
10
41
69
30
25
29
22
39
26
39
28
26
51
32
34
33
33
10
20
80
26
73
27
24
18
123
27
44
94
30
33
27
29
21
38
23
11
27
23
30
49
103
20
24
16
72
89
78
21
131
27
17
107
80
13
27
26
34
25
152
20
37
52
55
51
66
150
47
98
13
27
47
10
18
56
17
29
121
92
28
26
31
37
79
44
22
38
31
24
31
96
63
16
12
119
29
80
