32
44
25
17
28
23
28
19
24
13
18
25
15
21
15
13
28
36
31
22
37
17
13
9
43
14
13
31
31
15
12
13
35
26
21
14
14
18
13
28
16
21
51
20
14
29
20
13
12
19
14
18
13
21
13
13
15
13
13
13
17
13
19
14
92
22
122
14
94
27
39
17
27
15
18
23
18
13
29
14
37
50
101
44
31
21
25
35
34
52
26
44
27
37
36
115
47
14
26
56
127
40
56
102
56
60
20
44
81
139
26
69
40
46
42
85
47
133
118
167
161
42
169
55
358
158
105
207
194
64
118
101
118
118
136
217
39
20
133
26
379
237
250
32
160
25
134
167
214
291
123
106
222
120
96
184
172
217
129
242
15
198
40
166
129
219
182
258
31
218
198
258
72
145
87
107
353
56
173
162
235
106
332
426
59
29
100
14
309
182
58
368
432
494
14
497
175
37
312
170
277
241
16
12
205
277
292
252
283
421
223
260
31
27
52
81
214
200
315
34
174
181
234
259
218
240
192
175
169
179
68
133
153
176
237
155
240
167
185
149
92
163
192
232
64
165
166
169
146
25
164
149
10
151
156
181
207
164
222
190
23
157
179
149
148
197
167
153
156
148
127
171
184
171
204
17
188
179
156
153
174
154
13
139
20
145
163
140
171
151
150
161
143
135
107
133
15
122
153
178
163
161
163
162
169
191
162
165
167
192
163
246
182
172
194
237
243
87
184
48
161
159
147
177
192
188
219
118
157
139
150
141
143
139
98
160
183
153
146
241
196
152
153
159
156
151
156
182
185
190
159
206
180
176
171
152
166
172
178
166
154
172
181
186
170
194
175
182
169
192
205
266
239
236
254
230
21
155
12
78
51
141
91
96
10
69
191
229
228
213
167
155
162
155
158
162
166
163
153
149
153
153
166
158
235
196
220
262
215
212
216
216
216
199
199
197
33
183
193
181
167
164
163
163
146
156
137
139
151
154
134
156
169
191
187
194
193
214
196
186
208
206
199
164
177
175
41
76
16
164
366
419
500
237
242
210
170
152
174
156
158
152
150
137
146
134
133
122
135
117
116
112
111
108
109
104
101
112
102
98
106
100
102
110
109
101
103
51
103
105
23
123
132
154
251
82
164
190
187
306
477
392
259
54
78
255
207
180
171
169
154
169
150
144
149
182
147
148
137
148
15
167
148
160
222
249
213
131
222
291
253
244
209
223
26
186
184
154
154
141
178
154
134
148
226
87
53
173
199
193
227
285
500
32
28
65
345
195
307
224
203
195
193
197
172
160
239
190
252
193
248
164
154
164
164
162
170
205
213
206
316
257
175
133
201
222
213
156
315
139
190
168
99
9
41
276
129
147
135
146
15
154
33
141
165
173
141
144
161
147
124
132
155
130
116
68
196
176
234
157
193
189
189
212
163
224
297
268
218
326
269
247
256
266
318
348
334
170
85
263
254
219
218
230
226
210
266
360
369
192
290
329
316
219
104
79
155
36
36
152
190
208
248
212
185
228
225
236
211
240
256
241
249
272
320
321
365
264
216
282
205
272
122
81
268
215
247
240
485
287
178
185
500
246
263
321
359
276
204
339
322
415
299
383
241
212
300
139
177
186
186
304
316
262
160
365
159
304
173
172
158
159
257
235
211
126
226
155
141
144
111
137
115
138
147
161
66
10
26
13
61
167
210
185
153
163
158
158
140
167
139
152
144
164
179
153
167
150
177
170
147
164
163
156
164
177
177
287
112
289
234
240
256
150
148
208
136
165
154
120
136
130
108
74
231
148
36
215
176
92
175
194
254
179
162
158
155
176
203
194
202
197
196
197
199
209
361
212
448
194
145
166
63
217
136
343
236
218
356
164
242
196
398
304
281
286
366
386
294
194
166
169
175
141
153
138
158
162
99
144
98
190
107
149
146
155
166
141
144
126
135
130
135
144
120
125
123
128
118
125
116
121
110
119
35
116
114
115
104
116
486
160
119
103
107
108
105
107
85
28
20
137
155
107
138
173
158
156
210
175
182
185
224
164
51
413
249
352
152
205
220
181
178
177
162
180
222
155
200
164
164
154
225
177
171
170
199
107
147
67
126
75
149
92
93
95
251
154
156
124
95
144
127
120
119
123
198
145
149
126
125
121
147
134
188
118
142
132
110
90
127
133
110
234
169
140
148
150
138
115
108
118
137
152
138
135
133
139
121
130
142
151
139
133
124
136
117
126
147
130
124
124
120
121
116
110
120
114
116
119
122
110
107
110
109
119
108
116
100
108
