20
8
66
23
31
13
26
28
24
12
21
27
35
16
40
10
16
11
11
19
40
13
27
11
13
23
15
21
7
14
21
14
12
12
12
16
22
19
20
19
12
20
14
43
45
24
20
11
43
146
16
55
88
17
12
12
50
40
16
12
88
15
78
82
76
31
17
12
37
19
46
10
50
23
88
46
71
108
39
54
88
10
31
71
75
72
111
39
135
30
28
30
74
21
38
135
60
200
53
163
84
114
141
73
54
50
102
179
138
138
117
125
18
120
45
22
22
143
59
68
17
54
22
111
213
80
190
88
39
188
35
87
153
51
64
91
141
87
71
54
156
174
135
18
81
18
277
123
117
60
102
65
157
17
251
24
146
207
22
90
180
71
241
21
186
67
41
127
77
107
16
147
56
239
194
174
254
54
204
94
185
40
107
280
140
200
126
119
218
139
39
221
183
204
34
52
151
66
169
46
17
213
19
156
130
138
31
100
24
141
86
139
188
141
25
13
93
54
26
148
23
47
153
146
145
16
45
66
32
12
15
59
55
71
135
138
63
88
12
41
15
33
131
104
81
139
177
23
24
115
84
64
166
122
107
21
18
119
139
103
42
97
156
135
89
50
93
13
12
21
49
211
113
138
91
19
15
13
78
74
108
67
72
12
153
37
69
73
95
61
50
135
31
10
31
68
122
129
189
115
35
62
59
33
47
36
35
134
54
150
37
13
60
212
157
87
9
62
104
59
142
146
39
33
87
87
63
44
46
31
19
100
123
78
51
40
90
114
132
113
65
112
125
15
102
142
24
38
59
21
65
104
32
121
42
152
196
13
49
112
18
114
19
11
11
156
90
37
13
105
138
61
104
152
103
78
115
150
129
31
143
134
40
17
148
103
94
11
134
138
121
22
133
137
141
105
35
105
29
106
68
161
202
176
191
190
116
102
128
169
141
99
166
99
116
25
224
109
94
215
37
122
34
13
101
310
104
89
466
105
227
153
103
106
102
79
122
64
102
107
51
101
261
102
248
26
106
156
115
28
70
109
108
82
45
297
266
98
94
110
106
167
41
161
142
13
179
105
102
12
97
87
32
58
226
46
284
225
58
211
97
158
227
228
57
98
51
215
116
28
92
96
69
97
92
121
20
20
118
191
153
117
181
132
57
47
35
105
47
93
105
215
33
9
140
117
102
125
92
105
110
158
97
86
216
112
64
98
104
84
151
115
102
85
126
106
30
166
137
111
182
95
159
87
241
213
69
93
130
198
133
144
102
150
28
201
90
55
113
106
136
87
94
258
114
60
163
86
87
106
71
85
332
105
57
109
265
46
112
118
265
182
166
108
43
59
129
120
91
206
132
144
133
132
267
115
47
138
227
53
187
153
88
184
172
91
99
191
100
361
210
66
43
151
133
90
128
182
103
140
218
204
93
158
83
51
92
84
175
316
32
98
123
56
60
150
212
186
117
144
186
206
132
187
71
166
105
71
135
105
155
273
191
219
126
96
216
96
44
58
193
144
106
175
125
101
165
125
166
152
132
121
95
113
136
266
124
130
178
106
36
160
53
25
11
93
130
93
208
121
76
168
160
120
167
159
109
215
145
99
318
135
118
154
227
101
70
193
39
115
14
100
116
347
150
204
179
154
119
115
41
48
176
135
99
130
151
101
58
129
113
163
47
178
109
186
104
224
130
100
155
145
109
122
158
54
142
117
84
53
154
62
134
126
229
178
294
129
94
113
10
234
115
46
148
19
45
26
125
225
104
162
100
105
149
123
111
27
147
110
87
202
106
61
105
394
146
193
123
148
160
126
34
364
180
217
140
129
65
132
231
112
129
117
122
151
179
99
208
120
161
79
53
362
111
495
252
102
61
135
161
181
255
496
88
132
127
108
225
264
112
114
152
146
126
50
142
111
177
101
151
329
183
137
299
109
38
202
176
122
93
163
100
113
158
17
323
124
93
60
140
169
126
101
128
333
227
156
203
101
52
45
118
125
172
118
119
499
42
104
140
59
140
154
109
108
111
177
41
119
133
137
179
130
317
373
69
130
131
118
157
110
121
85
456
116
105
109
118
182
106
140
124
50
161
117
167
83
138
167
140
499
294
102
150
107
112
18
125
103
39
196
91
99
108
120
154
92
154
221
151
252
133
451
38
185
119
206
125
36
151
124
98
135
101
95
110
143
109
144
130
112
93
100
107
101
153
107
388
138
133
238
140
146
224
134
499
267
125
131
158
38
161
190
139
142
392
112
150
181
121
61
86
114
186
222
126
499
396
207
