31
37
14
12
14
36
30
7
21
13
32
16
19
16
30
19
24
24
13
27
19
14
13
17
11
27
11
12
14
13
14
22
13
12
15
12
20
11
12
16
11
11
9
25
10
31
14
7
17
18
19
23
16
35
28
14
41
23
86
55
97
25
17
17
15
53
13
28
27
76
22
130
69
38
40
30
24
84
22
23
31
19
57
99
36
81
71
90
76
15
58
53
91
41
89
159
119
12
19
40
45
88
20
131
54
24
46
126
150
130
79
156
38
204
50
32
67
133
151
171
73
49
219
58
70
98
199
11
258
47
120
51
14
169
176
104
100
95
65
78
80
133
116
241
85
209
243
213
162
44
76
108
76
191
163
112
75
256
32
102
91
37
148
202
135
140
236
498
160
287
142
158
115
266
243
103
105
38
288
135
222
336
137
181
250
195
251
215
412
176
226
73
121
205
158
135
444
218
38
113
21
277
227
248
59
212
202
97
96
335
343
27
58
14
167
204
104
168
346
24
46
65
228
227
127
52
313
103
225
76
121
46
135
99
197
254
231
392
237
103
133
272
125
185
100
235
85
70
63
126
262
59
107
296
209
37
224
137
101
168
29
209
78
207
96
176
184
174
165
52
104
175
9
201
25
217
192
17
104
53
50
312
22
309
250
21
85
209
63
197
79
182
126
12
228
53
28
46
14
24
212
109
15
19
51
103
80
62
36
196
32
66
88
235
231
126
122
175
19
35
51
12
84
10
163
133
256
80
64
146
85
65
98
19
197
84
161
25
246
25
207
179
213
150
310
212
124
117
147
181
79
34
10
58
130
163
267
132
68
18
90
285
114
148
147
158
244
240
67
175
273
183
218
172
18
430
139
45
133
354
60
23
97
21
54
165
215
178
145
74
129
152
188
145
222
79
189
112
142
136
233
155
136
437
119
153
212
164
261
165
68
180
79
22
146
151
167
293
57
307
143
207
201
285
73
97
153
109
230
290
31
147
148
122
96
168
99
219
69
111
42
135
223
110
109
229
135
126
287
70
197
178
56
128
69
152
13
148
115
97
105
11
149
59
110
158
67
118
76
152
147
272
132
172
214
109
145
45
114
129
42
227
111
119
25
169
201
140
114
167
97
161
133
283
119
301
122
111
38
112
122
156
131
115
215
42
73
112
112
123
124
117
97
142
136
101
18
269
131
159
155
99
123
15
217
127
96
114
241
168
222
190
103
116
136
179
171
151
157
255
125
207
122
53
181
129
126
149
110
154
48
129
149
329
204
172
108
103
9
117
157
237
145
183
170
244
175
161
143
176
121
46
164
79
220
77
142
137
130
236
255
199
57
159
179
285
158
79
121
20
55
69
255
167
210
128
82
98
148
36
135
57
125
156
128
198
109
222
24
179
120
126
115
187
124
55
119
168
140
102
244
19
112
18
200
220
177
408
103
195
99
132
132
199
171
253
135
499
136
59
170
222
196
89
68
64
179
103
182
58
166
191
123
123
132
96
127
70
164
142
219
164
190
108
177
95
299
36
134
242
135
128
174
178
452
175
121
146
118
164
113
106
249
158
240
135
183
21
190
189
100
252
317
114
101
302
161
167
146
140
222
146
117
153
160
159
163
165
219
499
102
256
211
107
133
207
353
220
332
127
170
324
112
68
269
124
270
39
150
39
97
103
137
187
121
108
320
105
105
126
146
246
95
113
182
197
147
155
85
296
121
155
139
109
104
136
129
411
126
77
104
159
151
146
206
94
283
148
108
162
364
266
241
333
153
115
162
159
106
76
170
189
129
127
376
106
126
154
80
123
100
71
199
110
147
121
100
96
135
96
109
114
129
458
131
228
183
184
231
109
499
203
210
184
100
151
20
194
210
119
117
244
213
375
100
182
144
158
66
248
119
141
180
292
125
146
102
146
499
115
132
101
117
117
130
110
165
137
122
182
92
114
103
176
142
186
210
168
156
128
125
174
126
158
109
162
109
164
123
124
148
175
164
231
160
112
125
168
203
186
181
146
122
131
75
259
228
224
280
336
142
118
69
125
163
246
76
198
177
147
152
61
246
21
170
169
65
143
122
217
295
108
115
10
165
176
265
401
158
134
119
101
156
138
182
197
261
107
133
68
117
92
120
110
143
180
96
196
144
160
104
120
104
174
128
111
159
131
125
38
89
140
132
158
139
82
89
494
112
102
34
499
329
133
289
138
243
266
95
125
119
104
246
161
173
96
409
118
94
161
149
222
221
158
328
147
499
305
109
499
324
148
117
119
238
176
214
10
308
114
