33
22
22
18
15
13
11
14
23
14
13
19
15
36
11
66
10
27
29
18
20
26
9
16
19
19
14
10
20
10
19
20
30
64
14
35
34
19
29
22
9
19
16
20
24
15
39
10
25
14
12
18
18
24
13
12
12
24
15
11
12
14
17
10
29
13
15
9
11
35
13
14
11
46
25
42
45
11
11
14
21
21
11
25
24
38
21
41
38
33
55
42
24
15
47
34
84
35
13
16
30
42
32
47
27
30
40
48
38
63
29
62
64
101
22
86
88
43
13
49
34
81
44
49
44
101
139
37
78
9
32
22
54
33
35
62
80
74
29
49
58
84
76
33
26
25
150
41
97
47
42
54
98
85
112
83
66
95
163
147
113
170
146
90
146
57
162
105
262
54
174
117
249
160
309
217
162
142
332
274
236
324
218
256
44
143
308
331
170
269
189
150
231
139
256
227
313
319
127
220
246
256
309
204
234
292
427
290
249
264
281
315
65
216
242
329
185
246
372
248
250
323
312
254
279
165
160
289
305
500
217
228
232
229
399
243
386
196
302
259
238
341
242
139
145
299
268
148
19
228
237
86
215
248
164
342
274
201
223
378
292
368
205
321
30
277
216
253
245
374
343
47
128
308
212
469
284
427
337
327
291
305
242
211
280
20
276
324
374
285
232
456
110
363
188
227
318
445
278
249
300
260
286
500
302
257
185
343
323
343
249
301
380
292
351
203
249
376
316
58
260
347
242
348
482
372
338
52
290
299
249
466
465
206
292
260
24
189
287
389
336
330
394
302
249
193
235
295
211
338
326
18
407
291
263
209
202
278
248
294
268
420
126
242
447
264
294
332
265
287
334
358
323
275
285
262
291
365
259
398
266
204
261
338
228
373
299
274
366
326
500
321
59
62
314
180
330
269
340
169
246
239
272
265
428
274
290
466
335
461
311
227
369
334
363
268
315
177
262
440
242
272
347
262
285
343
399
339
300
383
500
258
336
221
373
426
284
351
330
367
435
355
276
320
243
327
265
241
254
241
302
308
258
254
356
324
386
68
445
396
285
276
256
327
268
268
264
277
390
324
234
342
301
378
207
500
234
308
285
275
266
274
321
243
348
248
454
396
244
381
217
263
296
50
237
249
311
261
247
295
302
263
254
279
297
362
271
336
269
257
308
268
402
321
240
308
284
288
213
288
227
211
254
226
371
213
433
272
225
249
260
500
313
221
339
148
254
380
245
189
362
308
319
259
288
299
343
313
274
229
145
230
222
56
336
244
352
317
244
321
277
29
199
327
137
239
251
254
358
237
208
204
299
267
345
262
115
192
316
221
205
234
207
302
229
300
24
224
306
200
215
227
44
59
89
288
258
270
279
197
398
67
318
248
190
338
228
294
329
251
335
137
160
101
224
146
159
240
262
285
255
147
432
273
149
195
223
214
225
222
178
217
206
250
218
155
251
375
257
434
362
269
452
206
205
183
172
210
178
204
208
311
370
261
76
419
292
143
181
280
264
203
263
135
176
221
488
165
323
214
280
31
40
371
249
13
327
74
493
72
31
189
148
292
196
111
284
344
217
165
182
339
364
119
166
184
285
93
177
249
182
173
144
218
279
59
211
287
444
85
371
287
202
351
118
23
134
71
137
375
326
82
304
201
361
201
190
38
180
101
349
188
268
142
88
182
128
230
159
173
175
41
131
141
152
133
253
173
11
193
218
287
162
154
179
51
140
173
172
228
223
229
10
194
155
160
27
137
227
24
156
129
142
145
303
276
191
283
290
378
191
500
384
424
256
163
256
308
165
169
162
217
488
130
207
242
407
344
188
153
238
162
410
238
256
198
363
189
500
166
389
500
165
153
402
341
474
461
379
338
178
175
144
428
155
182
500
428
70
314
216
123
500
375
191
255
304
218
259
239
412
500
356
308
141
188
188
500
500
120
154
322
184
252
198
409
70
291
134
32
177
235
200
130
370
175
500
375
111
359
437
500
342
176
500
242
492
367
314
171
397
356
292
187
304
196
500
320
314
193
325
186
408
214
257
248
257
393
331
190
78
272
360
119
240
264
500
500
336
216
225
313
500
187
249
175
289
139
233
351
500
122
62
119
125
267
202
325
358
224
230
348
189
331
275
197
193
160
177
500
168
500
145
500
181
323
130
192
177
182
500
276
401
193
395
228
292
161
178
227
227
500
168
335
431
496
265
224
500
291
179
500
245
115
264
387
347
196
333
35
327
483
134
322
139
166
209
417
376
215
319
268
369
67
128
434
437
500
225
197
