24
17
15
17
26
17
49
10
14
74
24
27
61
22
20
22
26
14
17
16
15
40
12
13
13
19
31
27
16
11
12
17
36
10
26
16
15
48
22
26
15
16
13
11
13
15
18
33
10
28
11
30
12
14
12
21
14
12
19
14
52
20
12
10
32
25
12
20
11
16
22
16
17
14
16
21
12
13
10
12
14
11
12
13
36
13
29
10
35
13
10
14
12
13
17
12
15
32
11
15
10
10
10
13
16
13
10
19
10
12
21
10
17
20
30
28
11
9
12
11
12
14
13
11
14
11
11
16
10
10
14
10
12
14
26
15
14
11
11
11
9
10
15
19
17
22
12
11
10
13
10
13
13
27
16
14
13
14
13
13
12
11
12
11
14
13
10
17
9
11
24
10
11
10
11
11
10
11
8
9
11
11
9
50
17
12
9
9
12
16
13
10
12
12
10
10
18
17
32
29
14
10
11
11
28
10
9
13
20
11
11
11
10
12
13
16
10
15
10
20
9
18
24
31
10
12
12
30
9
13
10
15
9
33
14
10
28
23
11
19
11
15
9
13
10
25
11
11
10
14
11
12
12
13
14
11
11
9
13
10
10
11
12
10
10
9
12
11
10
11
12
12
14
11
9
11
9
10
11
12
11
10
9
15
14
14
13
17
16
14
12
19
11
18
20
18
22
16
17
20
17
31
25
21
20
21
23
23
25
20
18
18
26
25
24
21
23
19
18
21
15
39
26
32
31
18
22
19
28
22
31
26
28
28
34
27
29
29
22
26
39
29
23
26
38
23
34
29
26
35
30
28
32
39
31
32
36
35
29
42
44
38
33
50
45
59
65
63
93
72
58
57
95
122
106
99
85
75
73
100
308
27
30
77
144
12
16
10
10
9
13
9
13
10
17
9
12
13
13
9
9
10
21
11
10
9
9
10
11
9
11
10
9
12
21
13
9
13
11
11
11
11
10
14
18
8
11
9
12
20
10
51
20
11
48
16
9
11
9
34
12
29
16
35
10
11
11
41
18
13
30
11
13
11
10
9
30
11
12
33
11
34
13
13
36
31
28
11
28
13
13
11
22
13
28
11
10
12
16
10
14
38
15
10
9
13
15
14
14
10
11
11
28
37
59
33
27
33
50
150
47
66
160
40
131
33
25
45
53
35
163
70
30
36
288
500
43
32
56
40
48
59
42
132
45
92
130
40
39
70
38
43
40
42
42
46
60
51
42
64
51
38
66
36
85
75
66
37
40
33
42
53
167
50
64
81
59
40
57
70
49
73
65
67
50
52
38
43
65
57
27
55
61
47
54
60
43
44
219
51
23
40
9
11
11
9
10
10
9
9
24
25
9
9
9
8
9
8
9
8
9
42
15
11
9
9
12
9
9
10
13
9
34
19
14
9
10
10
10
10
12
9
31
8
8
10
10
9
10
8
8
10
62
22
11
8
9
9
9
10
9
8
10
43
34
9
10
9
9
9
10
10
9
9
33
40
8
9
10
8
10
9
10
10
10
33
44
9
9
10
10
8
9
9
9
9
10
31
33
38
10
11
9
10
10
10
9
8
10
9
9
10
10
9
8
16
10
9
8
9
9
9
9
10
31
37
50
15
10
9
10
10
8
10
10
10
10
10
9
41
10
9
9
9
9
8
10
10
9
10
10
10
78
54
28
13
10
9
9
10
9
9
10
10
8
13
9
10
33
53
27
9
10
8
9
10
10
9
9
10
10
27
30
10
11
8
9
11
9
10
9
9
68
28
17
9
10
10
10
10
9
9
9
9
9
8
49
24
10
13
9
9
8
9
9
9
8
9
10
10
47
20
28
9
9
9
10
12
10
8
9
10
10
9
51
20
34
13
10
10
11
10
9
9
9
10
10
10
10
38
13
24
11
10
9
10
9
9
10
10
11
9
10
26
22
31
17
10
10
8
8
9
10
10
8
9
9
9
10
61
31
25
10
9
9
10
9
8
8
9
9
25
63
41
51
73
26
69
40
54
67
39
50
28
37
33
52
32
28
37
61
68
27
29
24
42
44
27
58
52
71
53
25
80
39
59
43
28
38
61
41
27
24
23
34
55
37
26
29
27
40
40
21
33
29
33
28
41
31
49
33
48
32
34
29
85
25
42
31
131
22
37
28
79
23
61
63
27
57
39
29
52
68
84
75
57
30
80
37
22
78
37
31
41
34
36
27
85
56
29
27
78
34
60
31
47
84
49
29
46
45
32
25
32
60
73
27
27
24
26
40
28
39
30
34
61
55
41
41
78
