23
14
13
53
64
43
26
11
11
16
14
26
15
17
44
21
14
20
10
24
24
25
14
13
27
14
18
21
15
18
10
16
13
22
16
29
17
24
17
11
15
32
45
52
31
23
43
22
72
44
33
21
34
49
27
30
33
26
50
23
15
41
61
61
15
45
26
19
83
23
88
40
32
47
57
37
49
47
60
63
103
19
83
12
13
37
182
100
33
47
260
48
47
83
77
48
152
39
58
112
139
23
70
90
44
41
127
53
35
97
91
91
87
24
69
23
51
22
96
164
23
86
9
16
11
58
38
31
35
18
17
23
14
21
42
58
21
53
27
63
29
25
24
79
44
103
54
133
23
83
27
71
63
126
33
33
135
100
103
16
137
131
94
80
298
174
125
62
145
130
180
110
125
158
143
167
87
163
83
200
272
24
163
101
42
32
122
121
187
20
147
97
53
40
93
225
30
183
133
174
182
110
172
163
232
172
107
53
164
132
51
129
95
135
41
186
184
33
184
162
36
36
169
224
227
313
59
235
81
115
25
30
25
59
96
176
33
177
95
64
200
103
80
69
27
118
119
51
36
17
120
146
162
174
116
139
117
182
76
36
102
140
158
63
64
120
227
51
150
61
341
500
83
322
123
115
121
131
118
121
47
110
24
94
29
105
13
111
105
128
117
208
142
72
27
111
25
81
163
180
440
161
97
165
258
42
78
131
118
259
111
44
17
147
117
120
24
140
90
111
213
69
153
113
102
143
155
160
148
79
59
296
40
44
26
15
119
142
80
108
128
120
199
154
65
37
13
25
156
174
210
181
105
74
86
106
111
17
35
15
191
500
36
113
321
37
12
61
58
74
69
64
108
154
333
346
148
113
38
96
68
107
196
100
22
144
144
121
114
132
110
50
94
109
61
12
90
65
37
50
126
74
40
92
134
119
75
109
112
161
110
73
56
67
91
48
132
316
106
120
152
111
90
31
75
85
71
124
20
13
131
106
100
80
59
141
106
107
134
144
103
89
81
39
115
22
102
101
97
139
125
114
129
80
178
142
192
155
127
78
22
62
86
166
127
40
182
159
94
115
154
214
88
78
229
210
79
84
213
131
45
18
20
23
104
32
117
104
112
139
26
29
116
107
114
26
80
58
193
10
105
35
74
96
159
63
82
169
147
45
149
16
185
47
12
59
38
165
117
106
97
159
118
222
125
22
123
181
27
68
75
121
14
120
59
132
347
114
177
174
106
243
66
138
129
29
119
161
145
134
63
118
160
155
48
135
166
119
103
13
91
249
54
69
14
160
26
104
53
73
291
387
161
89
133
121
117
55
108
72
91
218
132
37
42
13
108
157
121
118
115
134
133
128
89
104
101
81
156
29
90
114
98
92
106
75
147
71
16
10
40
101
174
121
97
71
31
61
113
46
22
55
79
154
130
139
105
126
104
146
94
141
11
14
85
71
81
38
123
97
98
113
112
122
147
118
173
124
40
75
37
39
74
25
118
131
124
166
216
93
79
248
35
131
408
130
121
174
20
124
15
27
26
22
21
105
13
105
26
130
167
144
140
98
219
141
210
31
108
205
259
303
209
123
49
97
242
97
90
91
134
275
124
191
104
169
113
59
119
140
143
122
34
177
193
121
175
86
166
142
135
136
142
119
142
143
155
205
146
150
93
220
142
142
96
136
159
64
109
264
202
98
75
374
224
223
142
136
96
48
42
95
100
124
81
47
93
113
97
102
107
100
13
46
44
108
57
109
103
127
28
73
126
153
170
207
175
173
159
144
76
141
95
117
176
157
147
136
22
89
104
172
141
109
83
85
125
121
126
113
148
141
157
11
22
80
32
50
82
106
104
80
84
143
126
17
337
111
109
112
21
110
143
119
96
17
14
127
102
99
102
13
141
127
86
125
65
18
73
65
89
94
80
83
74
143
223
146
169
56
149
194
234
165
254
42
176
14
200
317
18
80
128
42
19
260
97
291
211
193
107
386
263
111
51
92
19
85
134
136
125
234
299
164
87
139
115
139
74
107
199
120
15
99
65
84
24
137
27
37
38
80
198
38
60
30
16
36
17
45
91
123
44
129
292
150
105
356
70
65
113
33
141
115
274
140
147
101
193
156
178
127
76
197
176
478
255
277
210
117
82
26
56
217
216
166
91
122
50
121
92
87
89
85
89
59
102
116
65
70
73
48
102
19
136
109
82
118
57
190
178
54
145
90
81
84
95
34
195
69
58
21
100
79
130
12
58
28
14
18
14
13
74
15
14
15
20
15
14
11
