28
20
29
24
21
18
14
11
13
16
35
19
12
38
14
41
27
18
59
18
13
12
19
22
17
22
11
28
21
21
10
19
20
33
35
20
16
37
19
13
9
36
25
14
33
54
13
27
27
54
53
29
30
75
22
12
17
16
101
29
25
79
43
46
28
59
73
17
8
15
74
62
27
32
26
38
51
36
77
81
13
94
16
31
28
14
23
14
36
82
142
25
149
145
160
129
37
24
25
95
45
70
45
138
43
69
288
31
117
48
49
22
169
146
125
64
148
62
124
15
18
21
27
102
31
37
186
11
64
79
143
51
92
97
130
65
151
155
63
151
131
176
104
74
136
92
70
69
127
21
335
73
84
136
56
123
109
226
25
239
65
17
225
69
142
35
179
22
117
26
201
20
19
29
91
194
156
52
185
34
324
146
268
109
41
15
51
149
11
81
194
222
77
184
187
27
145
115
14
49
209
163
153
123
103
186
166
104
185
16
155
15
154
165
50
121
39
97
148
156
145
63
55
17
149
52
13
10
169
122
214
155
131
96
232
54
110
20
67
97
121
108
85
19
185
43
74
225
179
76
108
171
239
178
64
81
98
70
114
86
81
46
33
46
145
133
145
36
13
172
74
133
123
131
34
177
143
131
61
72
56
28
13
19
36
53
63
37
177
30
35
154
197
35
176
30
29
154
41
85
130
132
138
120
31
109
62
243
180
44
183
93
158
39
10
17
149
185
153
61
122
184
154
135
28
11
123
54
126
50
32
50
311
20
22
137
121
107
88
137
78
59
94
125
95
130
117
22
136
61
89
193
167
112
103
174
135
100
243
152
97
128
32
174
194
104
126
144
124
267
61
98
14
326
307
319
122
278
180
322
85
144
169
94
19
69
138
175
95
67
15
95
107
98
95
143
136
203
194
11
14
30
111
168
107
110
116
25
124
309
149
25
172
13
321
149
141
78
105
41
208
44
11
48
116
103
120
159
164
106
245
141
176
139
162
133
184
185
84
178
22
24
124
167
234
172
139
164
162
124
186
77
146
153
126
144
120
210
177
137
413
132
162
131
116
160
136
102
32
45
13
121
175
72
500
77
67
26
100
239
238
54
177
91
69
134
150
80
99
157
175
132
121
133
70
24
219
155
121
164
233
156
159
129
144
138
153
206
138
14
130
250
147
74
17
79
182
84
249
91
251
78
64
116
110
189
153
20
78
50
58
120
159
249
92
500
303
100
25
26
108
59
139
182
132
214
146
114
53
30
148
111
165
259
100
79
416
266
158
303
298
48
15
64
93
88
55
74
64
63
201
72
131
159
130
151
151
221
79
147
176
163
170
180
334
108
102
117
154
130
153
283
129
52
81
34
103
119
101
105
100
114
104
89
109
103
89
85
26
448
134
133
118
163
118
136
187
284
216
143
107
183
186
247
170
65
300
250
156
137
142
240
156
130
172
139
121
108
120
107
90
105
141
236
139
65
95
220
27
211
168
152
151
57
49
99
121
172
53
108
199
45
119
100
74
292
143
170
208
124
264
234
197
128
134
127
122
135
136
132
144
54
20
18
119
129
142
124
152
148
118
163
54
60
115
136
118
129
118
114
119
121
119
118
123
119
130
149
115
178
68
111
97
126
109
14
190
139
136
106
317
138
140
173
81
73
117
25
30
103
144
28
38
123
357
179
382
220
157
298
396
179
125
53
112
305
123
132
116
214
130
218
224
94
31
154
287
318
312
387
131
138
188
279
57
50
102
339
166
106
135
151
375
176
260
123
42
120
105
216
341
203
203
393
99
67
82
76
69
58
54
42
66
133
71
118
186
449
426
34
25
249
49
125
147
124
112
133
213
120
141
126
141
106
152
189
141
113
146
147
124
103
142
123
136
135
137
124
129
114
112
150
151
117
157
191
124
126
135
125
119
197
54
113
111
110
118
139
138
127
123
119
169
41
132
144
123
118
107
132
142
118
121
127
197
178
144
146
61
140
148
130
105
115
119
142
107
110
74
158
134
129
194
123
132
188
158
143
118
114
104
155
110
125
113
24
115
127
135
135
44
129
106
111
121
113
128
121
113
122
28
104
215
106
136
113
123
110
129
178
123
199
166
146
172
57
144
184
141
136
112
120
110
99
82
251
86
101
500
94
96
99
97
113
118
85
105
100
93
80
103
100
105
130
129
348
98
107
105
62
96
100
102
106
107
105
116
95
96
107
110
119
84
94
95
105
114
126
114
127
125
118
130
122
115
58
122
131
137
95
110
100
197
51
54
105
19
149
414
120
