39
20
17
18
13
58
25
24
44
27
17
26
10
26
18
25
37
20
17
21
24
21
11
17
60
13
20
12
11
19
31
9
27
24
17
36
13
12
22
14
21
12
14
17
14
20
18
24
11
8
13
13
9
17
8
9
14
11
9
30
8
35
20
16
13
34
22
26
15
23
13
12
13
19
11
22
12
11
8
36
22
11
37
15
11
13
9
10
8
29
11
14
10
12
60
17
18
10
30
11
10
9
19
9
14
10
15
12
11
8
10
21
27
21
16
11
11
17
17
9
14
27
22
39
12
15
36
21
32
31
25
30
25
25
29
20
10
24
40
22
36
27
14
14
49
27
24
26
23
23
29
17
29
29
21
23
25
58
22
15
30
18
27
38
26
19
34
26
13
37
18
22
24
25
29
23
21
32
15
31
22
34
23
26
29
20
55
31
30
20
20
21
19
18
15
18
21
21
23
21
15
23
22
16
24
19
20
23
34
19
17
12
27
20
14
28
29
15
21
25
13
42
25
21
15
15
17
28
19
21
31
31
13
18
12
32
29
26
19
17
27
19
21
34
16
12
29
19
13
20
29
26
15
21
23
22
25
12
29
19
36
14
45
12
39
27
27
33
13
40
52
14
24
32
14
16
41
31
14
14
45
16
14
39
16
44
31
21
43
30
18
43
54
13
27
49
24
12
21
35
35
11
12
64
16
14
18
44
49
15
43
58
17
22
62
21
59
28
12
16
67
26
15
19
67
36
16
19
109
20
56
44
11
13
46
22
50
43
33
11
11
11
9
10
12
13
10
7
11
9
10
11
8
8
22
9
8
12
8
11
11
9
8
9
9
10
8
7
11
10
9
9
9
12
7
7
11
8
11
7
8
8
9
7
9
9
9
9
10
9
11
10
9
9
9
10
25
16
7
8
12
11
7
7
8
10
9
9
8
29
13
12
7
9
10
9
10
8
10
8
8
8
9
8
7
9
26
9
10
9
8
9
10
9
10
9
9
8
10
10
9
8
8
8
7
9
7
7
8
13
9
8
9
9
8
8
8
8
8
8
7
10
9
9
9
8
8
11
8
9
9
9
11
9
9
9
8
8
7
11
10
8
9
8
9
8
13
8
10
8
10
10
8
9
8
9
8
9
7
24
29
7
45
21
28
10
22
27
37
29
31
22
26
21
21
19
23
21
22
21
20
18
28
22
20
22
26
20
24
25
21
22
18
23
26
23
24
18
20
20
21
26
19
22
21
18
19
19
23
23
16
20
24
21
23
30
25
28
23
22
28
27
25
32
21
26
26
24
29
24
26
30
34
31
31
30
28
20
26
23
27
39
34
34
22
25
29
24
27
35
26
21
33
28
28
37
35
22
22
29
31
24
41
44
43
58
44
36
37
41
52
42
55
28
11
20
16
12
25
29
38
51
44
10
11
13
25
26
41
13
15
11
40
23
19
16
10
18
9
11
11
85
12
8
54
11
8
11
37
8
53
9
9
9
10
57
9
87
34
46
14
80
13
41
42
41
17
10
10
46
8
35
10
15
15
24
22
24
30
22
10
49
11
12
15
11
13
13
10
15
11
14
13
13
10
77
10
8
13
28
10
23
9
21
32
67
11
14
9
14
13
11
23
74
21
9
9
19
9
73
12
74
44
80
12
69
86
42
9
39
21
16
29
24
19
10
18
22
27
45
28
25
20
21
15
9
28
20
13
10
14
19
11
12
13
11
33
19
23
21
20
29
64
17
28
21
26
23
25
20
12
15
15
12
27
21
22
21
27
25
24
21
47
10
11
27
20
45
12
24
14
12
34
15
88
17
29
20
18
13
10
24
24
16
26
10
11
11
13
31
27
69
10
14
14
10
13
11
28
13
26
26
28
173
16
9
24
71
8
15
31
9
16
144
7
27
22
21
21
26
26
16
23
13
10
53
49
26
11
10
13
20
9
18
24
191
21
9
25
41
119
51
64
70
24
34
52
30
63
30
43
47
19
39
31
32
46
32
75
82
27
26
24
45
24
24
71
103
53
20
55
56
25
22
24
31
39
24
79
71
17
94
54
85
26
32
53
12
36
13
56
68
30
19
19
40
96
10
14
60
63
55
27
28
59
80
64
53
32
76
92
70
34
18
42
112
7
17
23
37
31
14
28
67
71
97
10
24
33
71
20
18
11
102
49
49
57
31
49
31
17
59
29
68
21
31
126
19
54
83
17
30
25
45
31
19
33
10
50
36
71
71
14
58
18
66
57
28
36
17
20
43
53
37
32
36
13
35
40
18
