33
9
19
44
26
11
12
15
15
15
18
13
7
19
21
22
51
29
10
8
14
30
20
20
17
16
12
13
11
9
14
18
51
10
14
12
41
28
24
51
15
10
9
17
50
10
17
20
16
20
22
36
46
9
13
14
13
12
9
53
36
86
39
43
26
23
27
74
18
19
16
46
30
25
23
22
15
42
49
48
56
52
10
42
28
66
27
46
24
46
37
63
25
90
38
27
68
75
60
51
89
33
132
70
66
70
72
79
45
81
18
81
30
43
161
150
70
158
90
71
193
46
35
120
93
297
172
285
59
72
130
49
65
85
82
170
38
133
121
212
15
180
20
45
75
168
45
155
199
50
80
134
225
183
132
272
138
114
146
155
280
152
132
126
136
90
145
138
79
153
170
157
152
175
157
16
56
84
177
95
21
270
299
306
126
33
121
76
199
167
191
28
129
124
140
161
41
60
222
178
182
164
89
16
170
211
63
12
176
64
251
225
140
191
213
114
231
230
163
97
182
96
157
174
244
320
213
395
414
83
102
356
14
38
153
8
221
133
24
177
203
194
177
195
191
206
198
178
51
333
389
34
190
178
160
190
216
107
343
499
176
256
214
47
301
129
368
133
235
404
258
239
20
225
51
290
209
201
210
231
198
213
277
247
247
66
363
395
444
493
266
149
173
162
148
151
154
141
137
136
153
135
139
77
16
124
104
10
49
11
147
142
165
147
168
163
159
167
237
175
148
90
180
225
176
184
333
246
186
382
165
227
362
163
185
195
202
162
148
19
41
131
71
159
93
179
119
159
167
147
193
181
148
143
113
128
19
14
169
136
137
149
159
164
188
175
167
156
180
149
154
165
138
142
135
123
138
63
125
125
122
136
126
118
127
141
138
141
134
132
133
132
151
136
124
141
126
119
115
39
105
112
113
106
110
90
120
136
133
127
131
133
58
129
141
95
136
150
318
409
350
320
223
244
226
253
215
265
307
393
186
162
201
188
165
198
168
157
164
164
17
155
216
197
189
208
173
165
169
169
195
179
180
360
218
240
347
163
271
200
184
309
337
301
499
334
292
176
154
131
39
12
37
125
272
274
393
257
266
189
209
204
186
241
157
169
341
192
181
142
146
153
155
134
158
187
163
159
64
180
232
320
347
292
290
189
206
209
222
90
153
58
197
165
103
102
242
320
201
183
208
197
184
179
168
183
170
181
169
179
235
171
202
204
214
236
202
280
269
335
160
31
100
90
315
271
210
169
169
162
214
210
307
267
214
342
332
296
344
332
346
305
218
285
270
281
277
297
270
283
347
252
328
115
216
274
268
38
216
329
292
257
287
265
336
314
414
362
261
248
217
222
270
267
208
233
233
303
272
287
276
230
252
224
275
247
238
248
226
202
215
256
259
255
218
196
220
221
176
26
40
79
26
26
10
23
31
33
78
100
182
91
207
183
179
165
197
170
170
177
174
175
166
175
172
165
160
182
166
155
172
172
170
170
146
159
149
150
146
148
148
140
140
142
143
151
134
137
153
147
138
146
150
163
156
163
163
172
155
174
168
167
162
164
167
197
15
44
149
155
151
161
169
148
163
156
148
147
167
154
170
176
175
159
165
180
185
199
177
181
201
235
292
376
235
230
23
21
88
12
156
326
119
103
403
439
499
287
499
53
202
31
19
499
484
486
398
499
139
58
499
310
274
231
295
217
207
188
362
476
251
208
207
233
227
271
222
181
217
225
202
232
220
220
225
221
225
223
218
205
157
356
203
187
226
228
247
279
255
241
334
171
244
275
225
242
228
264
212
146
172
111
144
194
264
343
247
335
231
251
499
32
76
27
25
44
232
255
353
236
253
245
262
277
300
271
258
220
217
229
223
271
179
51
52
36
290
299
267
294
316
361
435
349
423
349
376
304
264
278
244
219
20
263
203
380
290
278
364
278
254
256
208
191
200
197
242
192
230
279
263
263
264
230
181
199
184
72
125
97
42
231
343
401
499
418
278
277
232
201
193
260
218
246
199
183
203
207
170
179
176
180
167
167
169
164
169
170
162
165
153
168
158
75
225
232
211
216
231
219
246
159
214
196
231
271
256
206
179
207
199
162
51
381
188
242
288
243
238
296
364
216
188
231
207
222
239
324
204
53
40
359
276
499
499
499
319
499
178
137
335
70
12
18
121
21
22
12
15
54
21
35
22
134
185
156
171
181
172
154
151
144
139
147
132
123
127
125
123
125
127
122
124
135
134
129
130
126
134
135
135
133
132
137
137
146
133
144
134
172
