25
16
19
15
20
11
16
16
15
32
11
22
56
19
34
12
18
32
18
12
13
15
23
18
15
25
12
20
27
18
16
25
12
15
11
18
11
10
11
11
34
15
11
12
23
9
26
21
13
26
41
14
37
19
13
15
19
14
9
9
22
15
21
15
10
17
11
16
16
12
28
16
20
21
43
38
60
58
32
105
58
19
24
26
14
23
55
50
43
56
134
41
15
79
57
133
136
70
72
37
10
43
36
34
12
10
283
39
131
86
55
62
68
16
180
36
323
109
32
59
229
108
154
54
109
32
178
37
46
11
140
180
161
78
178
180
35
17
73
86
59
284
37
119
100
119
30
126
192
181
56
149
206
195
121
317
242
226
15
72
139
203
249
152
128
150
95
167
62
10
12
68
156
305
500
161
235
86
307
228
234
289
71
227
75
220
352
348
34
100
268
417
191
126
500
477
247
185
21
231
201
208
375
376
24
376
148
64
454
20
500
500
404
163
45
174
86
73
309
284
132
278
105
255
222
172
159
116
154
63
247
180
189
197
56
215
207
350
142
140
192
156
150
125
146
138
135
168
20
124
15
138
166
145
107
145
120
119
121
122
125
105
51
55
123
56
120
11
143
139
132
138
10
133
142
126
125
95
123
151
127
125
129
117
131
127
14
11
135
133
147
130
130
116
128
60
103
137
136
147
137
143
133
155
141
138
15
135
139
128
150
155
147
157
137
13
164
222
151
177
159
185
175
183
144
158
310
192
259
78
221
313
242
294
243
202
276
384
268
329
249
213
311
360
374
500
309
277
260
209
242
224
213
12
11
207
185
242
212
314
262
289
191
200
183
224
198
12
186
214
176
314
244
204
216
174
254
168
181
272
206
231
228
185
73
209
194
150
202
163
225
389
195
208
268
193
204
336
243
214
208
285
97
91
127
140
154
128
133
140
129
146
145
129
144
137
134
133
134
129
142
149
140
138
146
141
148
146
127
137
146
131
142
133
143
133
146
150
145
139
142
153
124
134
128
107
144
163
168
147
178
136
159
157
165
154
150
153
185
147
159
154
151
157
143
144
150
160
139
177
154
156
161
139
156
146
155
150
148
149
106
165
181
143
218
192
152
146
187
177
176
187
174
180
182
190
161
155
173
164
139
156
156
152
143
162
154
148
170
173
162
175
384
210
168
193
180
192
178
153
146
160
167
188
178
142
128
148
144
155
157
151
135
142
149
132
80
128
152
82
69
105
163
103
220
292
180
180
180
212
184
154
195
235
204
94
16
31
29
79
102
165
299
150
207
194
192
159
190
201
166
163
171
197
180
169
161
191
192
178
196
199
217
212
218
212
232
201
228
273
289
296
258
264
179
227
233
229
334
211
212
199
195
213
195
214
216
201
202
209
200
204
209
223
219
210
263
245
204
236
251
153
323
246
293
308
267
250
381
304
257
310
473
13
59
37
35
39
63
231
218
198
184
176
195
193
182
173
171
199
202
236
186
209
259
194
199
192
241
218
224
196
189
235
190
211
212
309
218
210
210
338
228
285
401
226
306
246
309
250
296
268
206
231
211
267
274
211
217
207
216
272
277
253
264
320
297
419
240
245
248
249
316
174
500
217
164
172
153
162
156
166
187
320
20
26
25
13
28
30
315
145
113
154
148
151
157
157
149
158
159
168
145
152
147
160
142
154
142
143
154
158
302
357
156
71
122
500
368
144
79
75
37
28
134
144
221
500
500
494
166
229
271
276
259
264
273
322
231
303
229
264
297
242
270
252
253
227
198
224
225
220
195
343
293
285
141
11
12
11
31
14
11
11
17
30
14
33
46
118
107
116
130
126
77
145
167
163
158
157
162
158
165
164
172
164
167
166
167
175
157
193
177
165
159
162
167
157
182
154
152
170
158
159
169
169
134
157
264
179
200
193
200
209
207
215
221
241
210
219
253
68
191
246
198
203
198
191
189
189
217
211
182
200
201
190
206
183
177
183
168
159
172
162
141
143
138
138
67
162
191
221
274
192
310
189
206
178
186
194
208
166
161
165
158
161
208
152
222
157
216
168
179
207
205
263
268
267
318
351
500
378
500
362
447
360
500
342
369
311
323
305
100
212
249
228
184
244
463
500
347
298
317
279
500
230
174
196
221
495
310
272
246
298
170
204
390
209
121
284
259
209
221
173
178
206
287
314
219
245
42
228
195
204
194
169
174
161
196
166
168
138
219
201
186
178
166
189
173
170
247
200
194
198
194
187
276
226
92
152
138
150
162
156
162
144
180
157
228
198
