29
24
30
18
18
29
15
10
25
20
44
19
29
17
11
13
21
31
19
13
14
11
20
22
17
18
38
14
20
29
25
31
14
55
14
19
14
17
13
20
12
12
9
39
19
40
33
33
37
27
12
44
91
28
71
47
17
41
86
15
55
116
14
96
68
23
26
87
15
26
34
13
27
37
44
38
74
78
117
10
68
30
13
30
118
106
63
29
142
74
38
23
13
23
15
142
50
32
44
28
98
142
117
88
56
38
47
88
52
180
27
14
235
14
156
179
29
104
42
160
72
32
151
60
55
21
50
15
253
166
45
32
97
42
27
43
99
373
32
51
38
55
13
183
33
79
117
77
163
111
133
258
31
179
92
114
102
43
165
28
75
343
239
27
75
50
122
161
208
113
118
176
114
323
500
71
153
69
426
500
284
150
439
341
26
72
308
90
216
47
72
59
119
74
207
27
39
47
142
260
99
101
95
52
45
14
161
235
138
65
79
45
14
51
335
136
30
21
25
60
30
29
95
28
19
260
162
30
15
12
248
95
36
51
18
35
91
30
62
110
376
102
73
49
54
31
83
159
60
63
38
23
40
15
100
84
52
14
187
25
13
28
231
25
119
79
108
52
102
29
20
13
109
81
19
18
16
34
254
139
71
305
205
116
20
43
73
53
25
178
67
147
96
28
166
63
17
89
47
447
90
56
66
42
55
57
42
11
150
388
80
15
32
76
108
47
101
36
109
109
66
32
38
113
29
42
116
133
29
12
147
93
47
78
305
146
111
185
141
64
49
31
52
33
43
28
154
221
66
53
11
70
76
12
49
128
162
500
36
91
27
99
65
14
81
34
44
125
55
80
116
56
103
162
29
100
144
92
110
14
100
128
114
118
287
30
94
193
107
90
108
107
49
67
10
102
122
33
65
96
175
100
15
153
117
100
106
25
29
111
12
174
77
112
91
14
14
179
130
36
98
21
96
98
47
105
107
62
12
96
56
105
139
114
64
70
41
111
59
235
48
107
118
57
22
128
116
42
180
162
122
157
143
125
138
203
250
17
105
43
91
16
24
141
59
108
185
73
107
141
178
195
105
105
399
76
28
152
149
99
97
247
119
12
126
185
24
130
104
136
230
106
129
372
53
110
32
37
123
116
235
276
16
118
136
122
103
82
193
151
183
176
202
69
96
35
168
218
174
114
112
303
48
218
138
121
29
218
124
109
102
331
125
114
100
53
182
141
55
111
98
68
110
138
90
94
108
112
99
158
17
54
119
156
163
121
68
26
98
116
104
222
59
111
11
195
120
90
31
105
119
109
37
165
160
141
104
110
45
160
55
126
175
131
134
111
100
115
144
134
157
101
145
101
127
231
200
52
126
199
195
107
144
77
122
77
14
15
107
102
97
147
153
112
50
125
110
182
118
69
123
206
50
103
179
244
79
105
278
121
123
115
172
159
93
111
141
243
152
230
189
135
175
114
282
15
247
223
115
154
143
131
193
35
92
139
102
106
108
108
48
102
153
175
152
145
202
71
152
92
118
104
96
141
122
128
184
142
76
118
183
388
254
110
253
137
108
159
201
145
26
107
105
172
186
122
97
98
112
209
91
97
107
123
112
98
124
89
108
189
45
110
104
172
148
203
61
147
88
80
112
148
210
254
61
427
190
153
80
166
20
208
191
104
130
183
185
90
54
97
123
140
112
126
128
12
266
196
223
150
117
285
163
123
206
373
113
257
121
318
109
223
215
111
89
107
101
120
67
115
189
135
361
183
185
69
41
78
12
182
106
103
97
96
118
113
292
120
20
95
130
123
144
142
308
159
97
101
131
115
402
62
150
104
114
265
103
255
102
92
96
64
147
137
127
170
77
118
109
156
213
105
139
100
104
260
222
111
94
128
204
166
169
132
165
240
68
130
112
158
115
226
266
162
192
117
130
111
116
114
125
94
181
50
97
116
20
118
37
64
231
132
137
113
71
246
126
98
192
98
123
117
187
240
102
39
38
212
59
101
78
139
25
60
16
99
87
195
111
107
91
238
500
121
321
149
126
103
105
120
130
11
129
164
122
110
177
172
160
113
110
207
239
123
237
178
99
212
232
107
175
204
178
143
115
400
162
151
118
94
132
138
105
17
65
28
142
151
109
97
78
118
163
76
96
140
33
263
100
315
104
127
287
126
127
124
120
16
167
142
79
147
132
135
137
121
183
36
125
102
307
114
26
116
106
47
121
98
61
46
101
139
115
145
77
148
130
49
111
59
161
102
162
59
24
85
86
23
23
176
