27
20
28
34
24
15
11
11
14
19
30
54
15
15
10
46
16
8
13
17
12
15
16
29
10
18
16
31
31
21
27
12
13
29
31
49
17
23
28
23
41
14
11
15
12
14
14
13
8
10
10
8
9
9
17
15
16
10
18
11
16
10
12
11
13
18
21
18
11
16
19
15
10
23
9
10
18
8
18
14
19
11
11
10
9
20
10
12
10
9
9
8
12
15
10
12
12
10
13
8
16
12
8
9
8
10
13
29
12
11
44
11
9
8
11
12
22
13
9
10
9
15
12
8
15
16
14
9
15
14
11
20
10
13
8
18
13
17
12
13
11
12
19
11
7
11
10
15
11
14
10
9
9
9
12
9
12
16
13
9
11
12
13
11
11
14
10
12
15
18
9
21
9
11
15
14
14
9
14
10
8
10
8
10
14
12
10
10
13
9
12
12
12
9
10
8
11
21
10
8
9
9
12
12
8
9
7
10
8
8
7
13
12
11
11
15
12
9
8
9
7
13
8
9
9
16
12
8
11
9
11
10
10
9
9
15
8
8
11
13
9
12
10
8
8
9
9
11
9
9
7
9
10
10
9
10
11
9
12
12
8
10
11
8
11
11
14
8
12
9
9
13
9
9
8
10
9
8
9
8
8
12
9
11
8
12
7
12
10
12
7
13
12
11
16
9
8
8
9
9
12
8
9
10
9
8
8
13
8
8
13
9
8
10
9
11
8
9
12
29
10
16
13
9
9
7
9
10
12
9
11
8
11
9
11
8
8
9
8
8
9
8
16
10
7
10
9
11
12
8
9
10
9
11
10
9
7
8
11
9
8
8
10
7
8
10
10
9
8
8
7
9
9
9
8
9
8
8
9
9
8
9
8
8
9
9
8
8
18
9
7
7
8
8
9
9
10
8
7
9
7
7
8
9
7
8
8
8
9
9
9
12
9
9
8
10
13
9
9
8
8
7
11
10
9
8
7
9
10
7
12
8
9
9
9
8
7
9
9
7
8
8
10
8
9
8
9
11
11
7
9
8
12
8
9
7
12
9
12
18
7
10
9
9
9
9
11
8
8
10
8
9
12
8
7
12
9
10
7
10
8
11
18
13
7
8
9
13
8
8
9
8
9
12
7
8
8
14
7
9
9
9
9
8
9
9
9
8
14
9
8
8
13
9
7
8
9
10
8
9
14
9
10
10
10
11
11
9
9
10
9
9
9
8
9
12
10
9
8
9
10
11
9
8
8
8
9
15
9
9
9
13
8
7
9
10
11
13
9
10
7
10
9
10
8
8
8
7
8
8
12
9
8
10
13
9
8
8
8
9
15
9
8
7
7
12
9
10
16
8
9
8
8
15
10
9
8
8
9
8
12
9
9
9
8
8
10
9
22
7
11
10
21
8
7
8
10
8
9
11
9
11
9
9
10
7
8
8
8
9
8
8
9
9
11
8
7
19
9
7
8
8
10
9
7
8
9
8
9
8
17
10
7
10
9
9
9
9
10
9
13
9
8
9
16
8
13
9
9
9
8
7
11
9
8
7
10
7
8
13
10
24
10
11
9
8
8
9
9
8
9
9
8
9
8
11
9
10
10
9
9
12
9
8
9
9
8
9
11
13
9
9
8
8
11
9
9
8
9
10
8
9
21
9
12
9
12
9
9
15
9
10
13
13
8
9
21
8
17
13
9
9
8
9
9
20
8
9
7
9
8
8
8
22
12
8
7
7
20
9
9
9
9
8
9
9
8
9
9
9
9
9
16
20
9
9
8
9
9
9
8
8
18
13
9
9
8
9
9
12
7
8
14
13
10
10
9
9
8
9
9
9
8
15
9
9
8
8
13
9
9
9
9
9
9
20
8
26
9
9
9
8
8
10
9
9
9
8
10
11
8
7
9
13
17
8
9
9
8
11
8
9
10
7
8
9
9
8
7
14
9
7
11
10
9
8
9
10
12
8
7
21
8
8
23
11
10
18
9
8
9
15
9
43
8
28
10
34
9
23
7
9
10
8
10
14
14
8
9
42
12
15
13
8
15
15
14
8
7
9
7
9
20
15
21
28
9
24
23
9
27
9
17
59
17
79
9
10
16
45
24
121
140
24
23
23
9
24
40
29
21
54
24
25
25
67
28
98
31
46
58
99
29
30
66
22
9
11
21
28
20
25
53
39
33
50
39
24
25
18
50
28
40
33
21
9
34
24
24
37
24
24
62
32
22
16
20
29
20
28
19
40
36
21
28
30
22
28
22
38
24
28
21
31
18
30
26
32
26
30
