26
15
19
32
15
52
10
12
19
15
24
13
11
46
45
16
14
15
16
12
12
17
24
21
14
13
26
10
15
29
12
10
20
12
13
18
18
20
19
9
13
27
32
13
8
21
15
14
18
9
22
14
11
23
10
17
17
17
13
19
11
9
12
9
14
13
12
23
13
11
35
46
26
36
39
19
62
17
66
39
22
34
57
61
40
44
48
26
49
35
46
16
76
65
39
22
56
36
94
43
60
35
14
49
34
20
70
14
37
37
44
40
53
47
65
25
32
21
36
31
48
26
49
24
67
39
32
43
34
61
63
29
55
126
56
67
101
83
49
51
48
119
104
131
103
46
57
84
113
88
72
138
133
60
113
78
242
12
187
70
47
75
84
103
151
55
71
46
101
60
73
117
115
86
112
217
130
116
89
176
161
191
81
167
252
252
196
499
377
298
180
231
130
224
152
192
204
175
153
67
146
171
190
35
173
160
154
151
137
114
128
114
120
113
60
116
80
115
76
60
29
139
133
164
70
146
236
195
202
499
419
73
382
214
212
263
186
42
177
163
308
265
238
161
161
306
237
499
254
53
59
168
99
203
116
16
87
352
333
54
368
444
271
308
297
270
107
290
295
47
240
251
224
288
239
199
269
220
194
207
186
239
43
171
217
185
205
194
235
248
90
153
295
279
326
209
259
361
288
442
499
499
131
37
228
137
156
44
210
301
238
260
134
240
235
243
200
371
287
304
356
365
146
77
226
185
82
300
499
378
416
341
220
202
154
178
178
176
234
210
179
223
225
195
197
197
227
289
247
199
254
499
495
107
215
234
184
164
162
181
11
205
213
259
301
499
398
77
162
20
45
499
499
499
499
499
499
221
251
499
135
177
113
140
319
131
118
136
189
164
161
153
146
152
157
167
144
149
154
174
224
210
180
172
173
190
149
112
28
184
91
53
171
178
86
213
152
145
201
257
219
296
239
233
205
162
191
198
177
186
179
165
195
178
182
176
195
197
199
203
261
255
255
285
139
129
119
103
131
164
172
175
29
59
114
47
128
20
31
14
46
22
41
15
62
356
273
225
259
165
229
189
235
161
171
177
185
199
217
221
182
183
187
172
203
206
180
210
194
194
320
331
280
224
232
90
70
235
144
70
151
160
117
203
170
234
279
211
200
163
196
168
157
140
130
134
143
188
247
155
214
223
193
195
218
200
147
120
243
143
153
209
72
11
9
25
27
9
11
27
12
107
125
103
149
232
217
256
240
213
169
198
204
205
190
190
188
184
215
183
214
183
201
167
173
193
185
162
177
159
170
158
165
143
144
160
148
149
129
141
130
140
141
141
153
128
130
121
125
128
134
123
124
134
124
140
122
134
126
129
136
129
125
126
127
126
116
120
125
131
132
128
121
123
131
132
127
130
122
124
123
21
214
12
161
59
106
60
94
20
114
107
118
136
130
133
130
119
134
124
122
118
121
120
128
122
118
124
123
126
136
124
124
125
129
146
154
151
168
166
174
87
147
292
291
193
154
150
241
165
166
143
146
151
145
157
137
141
10
10
149
157
145
147
180
202
203
161
182
187
180
183
206
212
178
209
179
186
173
176
225
206
213
433
49
127
54
17
220
40
139
190
185
165
201
165
207
174
157
147
154
153
156
169
149
173
150
129
207
202
209
196
207
265
212
204
218
224
97
205
173
180
142
130
116
170
156
143
156
148
164
141
139
137
133
126
158
28
13
113
61
141
35
255
158
209
211
193
289
243
247
216
199
220
207
201
194
124
268
410
129
39
25
104
12
106
197
178
181
182
196
230
241
212
206
198
189
190
224
361
160
324
284
125
211
128
115
130
127
121
24
31
29
138
41
10
60
217
358
499
217
214
152
139
127
148
83
20
206
151
145
133
138
219
140
129
120
122
117
120
137
121
125
116
113
113
128
120
118
122
22
26
71
45
121
289
160
124
109
151
108
103
36
75
188
175
209
222
294
222
308
155
210
162
157
153
136
148
134
147
137
138
153
139
148
132
143
138
126
137
127
129
127
76
141
120
208
113
160
222
172
134
146
26
118
129
100
189
178
226
293
150
145
191
113
77
135
53
162
38
44
151
203
150
127
275
142
146
160
155
167
163
143
144
162
194
156
135
144
98
141
124
119
175
25
14
89
33
207
133
282
185
263
138
137
142
135
153
148
145
141
153
143
31
174
140
182
24
128
69
143
165
228
234
224
313
174
151
207
176
156
165
150
169
157
141
179
174
95
112
212
107
107
124
102
17
22
19
31
130
