26
12
25
16
14
13
37
13
14
16
31
22
11
13
39
41
31
58
14
21
26
13
21
8
17
9
15
10
11
49
11
18
12
13
17
16
47
36
14
12
8
32
38
13
15
28
26
16
13
8
31
15
11
21
12
14
9
17
12
11
14
11
22
13
16
28
28
16
14
17
26
19
14
8
12
20
13
55
11
13
23
29
9
23
16
19
10
19
10
11
12
9
18
14
9
12
44
13
21
12
11
18
12
12
14
11
8
11
13
14
28
14
10
11
9
12
11
16
14
8
16
10
9
8
9
13
15
8
23
9
13
8
24
17
12
9
9
13
11
10
10
10
12
16
18
18
14
10
12
10
13
13
10
11
8
21
9
10
12
13
12
9
12
8
16
9
9
9
11
13
8
18
8
8
11
9
8
8
10
7
11
9
11
11
19
13
13
11
8
9
12
9
8
9
12
10
9
11
8
17
13
12
20
8
10
18
10
8
9
10
8
11
8
16
10
13
13
8
10
10
15
12
11
10
17
10
12
10
13
9
12
13
9
9
9
9
13
13
12
10
9
14
13
10
11
17
10
12
10
10
11
9
8
9
8
12
9
14
9
10
14
9
10
8
11
11
12
10
9
10
8
8
10
13
8
9
9
11
8
11
17
9
10
8
15
12
9
10
7
12
13
8
8
13
8
12
16
7
9
9
13
10
12
10
9
7
11
9
8
8
11
15
9
9
9
8
11
7
11
8
10
27
7
9
9
8
28
9
11
39
18
24
11
9
31
17
9
16
22
8
35
20
19
26
29
9
28
29
29
27
8
27
9
8
9
24
41
30
32
18
21
11
46
25
21
9
24
16
46
10
26
7
9
14
9
17
22
11
26
18
9
19
27
23
11
31
9
8
9
14
10
9
10
10
8
7
8
10
28
8
8
9
9
10
21
21
15
23
16
9
22
20
16
13
10
9
28
10
10
17
25
23
8
9
19
19
16
9
11
11
13
10
22
16
17
28
8
10
8
9
8
20
16
13
15
26
19
19
10
9
21
24
10
20
9
7
12
8
23
20
23
24
18
22
14
26
8
10
8
7
10
10
12
9
8
9
9
10
25
12
10
9
16
25
24
11
8
8
9
24
12
16
25
21
9
31
9
24
39
25
27
8
23
18
22
18
8
24
10
8
18
21
29
9
14
13
9
11
9
10
8
22
32
11
8
20
9
27
9
8
22
11
8
7
28
10
8
8
14
19
9
25
8
9
27
9
31
18
9
20
9
21
26
20
8
7
8
7
8
23
9
8
23
8
19
7
19
8
28
21
22
9
14
8
24
23
8
28
23
9
23
10
9
20
23
25
8
9
10
21
9
10
7
24
9
10
9
9
14
12
10
25
18
25
25
35
9
11
12
24
9
22
22
9
21
11
8
21
7
25
18
8
15
9
10
23
25
13
12
8
14
21
25
31
10
20
11
9
26
8
25
8
8
8
13
9
20
19
28
8
42
10
13
8
9
8
8
15
10
15
11
37
42
45
9
21
10
12
9
10
9
22
42
13
9
8
15
9
14
78
9
10
9
21
25
8
26
12
9
7
10
54
8
9
8
33
8
10
9
14
35
83
25
9
11
10
25
21
64
10
20
12
25
10
7
64
44
14
9
54
8
22
30
12
57
52
25
8
19
11
24
60
9
23
9
24
8
10
61
9
9
23
26
22
28
26
21
12
41
20
63
8
25
59
9
26
66
25
9
21
41
34
29
12
16
62
20
11
9
27
12
8
29
17
54
27
11
7
26
28
50
37
21
26
10
24
33
25
8
22
24
39
45
39
30
32
8
9
24
9
21
13
26
51
24
10
10
23
10
13
20
21
9
10
74
20
8
73
28
44
22
16
16
49
11
8
26
14
12
9
9
23
17
40
64
19
40
10
77
12
9
8
21
9
24
9
14
9
10
31
8
22
14
9
14
23
30
28
45
80
25
10
23
80
92
25
29
29
28
12
9
24
26
20
8
14
62
10
10
20
31
9
68
28
78
28
10
21
8
9
26
15
9
76
8
27
25
10
25
12
33
9
22
9
12
54
25
28
23
12
12
21
19
25
12
30
62
28
16
17
60
120
17
18
37
49
66
30
39
74
22
22
22
78
10
32
19
104
11
87
20
14
9
8
26
97
62
21
60
64
26
18
10
101
33
29
21
24
25
21
28
22
31
17
62
23
30
30
24
10
14
61
48
31
8
26
25
8
10
14
73
21
10
99
79
67
30
23
27
91
27
8
8
25
16
32
27
7
27
41
