33
10
96
16
19
16
32
59
25
16
48
8
20
11
18
8
20
19
16
13
17
11
21
11
23
37
10
15
17
11
12
18
20
19
18
13
25
38
11
16
12
43
23
20
22
19
33
23
27
74
40
21
23
26
28
14
11
23
12
14
18
21
66
17
48
35
28
46
19
57
13
61
60
21
47
58
53
15
28
21
24
40
56
64
79
15
91
21
54
55
17
12
199
16
47
66
163
72
18
92
105
130
43
96
24
33
137
156
9
157
85
105
160
38
69
30
290
301
207
64
81
99
123
13
112
92
170
15
23
60
68
17
28
42
39
114
81
186
17
46
83
158
54
146
83
142
15
87
128
63
317
163
174
10
215
120
153
225
218
17
63
69
166
23
217
163
171
199
63
122
57
102
115
495
187
40
223
204
31
149
177
363
36
173
204
217
226
10
416
30
152
170
29
193
242
222
159
64
274
200
191
314
158
171
203
173
54
88
153
180
120
175
110
173
187
161
78
98
71
290
154
63
157
170
165
33
171
46
150
77
21
54
46
128
33
158
62
42
145
90
96
16
157
141
42
189
78
206
172
61
106
153
31
181
17
198
50
81
14
53
34
113
53
125
83
141
283
61
42
136
174
103
110
161
155
158
201
14
139
181
15
187
143
125
155
15
84
35
149
25
192
139
16
41
46
49
32
54
94
164
98
70
108
133
31
132
213
11
135
10
140
140
144
66
153
91
54
157
190
134
10
127
131
75
9
144
149
36
44
188
317
56
42
13
84
159
108
136
164
133
11
173
46
125
130
156
35
80
128
243
170
215
155
89
142
160
123
113
70
141
271
188
105
214
176
33
155
145
125
193
30
126
141
125
166
102
156
143
137
120
178
135
199
152
163
124
228
339
200
95
49
43
102
127
123
121
96
148
117
36
115
138
177
10
127
75
129
125
106
122
499
145
111
115
138
226
10
167
164
17
133
130
145
65
143
122
40
97
184
71
135
103
186
135
133
101
141
122
102
153
123
45
113
118
26
10
120
74
98
458
104
86
112
134
227
157
253
114
113
239
26
19
164
10
91
110
29
153
127
102
118
11
107
121
156
173
49
91
129
152
156
81
100
210
101
230
80
316
8
95
42
125
93
97
125
156
98
100
69
384
118
104
96
100
97
17
122
440
221
109
42
131
106
120
96
136
129
78
13
60
120
104
108
17
107
119
212
107
137
112
94
93
141
102
64
101
137
93
104
117
105
17
93
94
298
109
19
358
303
499
283
81
38
93
106
38
51
127
60
87
83
380
423
111
128
393
109
106
132
81
374
101
173
95
63
197
267
129
260
245
326
407
357
131
61
47
98
180
209
204
116
202
114
13
143
110
29
93
163
197
94
17
195
105
149
190
176
196
83
201
178
108
190
94
19
110
125
103
110
151
200
128
241
101
163
141
35
113
109
94
251
23
197
197
143
116
128
297
12
126
101
118
142
100
96
120
107
102
341
273
127
221
179
116
95
28
185
125
132
53
332
108
270
225
108
142
176
48
224
499
224
320
13
119
131
163
114
124
256
149
124
194
102
101
359
193
138
225
138
120
306
93
420
67
148
117
107
169
499
52
145
353
107
157
456
175
134
101
194
229
106
93
229
233
143
143
202
232
182
116
299
117
154
29
224
469
80
98
499
126
108
288
143
162
106
101
322
146
257
97
369
156
116
153
171
97
168
167
228
299
270
165
229
138
91
178
116
109
141
94
124
103
182
184
73
122
109
162
250
109
18
187
375
150
193
123
112
120
297
112
143
268
137
256
404
109
197
147
240
63
138
297
161
112
28
261
103
141
189
140
151
79
167
88
109
294
220
146
336
101
188
268
279
99
267
129
104
150
107
382
119
64
37
121
107
225
245
132
113
104
102
101
303
206
106
104
131
124
293
72
159
203
94
277
128
297
279
194
55
116
157
194
201
15
185
96
108
29
129
328
158
132
238
103
214
353
17
499
135
190
144
136
252
408
238
181
224
33
217
221
131
255
129
119
144
278
253
334
125
157
372
165
418
12
98
132
122
240
443
156
275
136
149
212
135
280
175
167
185
135
189
119
239
185
309
193
113
142
46
115
108
135
144
187
185
128
165
46
164
158
190
118
104
105
138
268
104
125
499
146
283
133
321
275
104
74
93
185
136
119
79
117
204
112
106
44
114
182
120
144
197
13
150
104
125
129
104
135
138
128
135
296
185
48
37
179
140
182
132
205
17
100
125
322
150
260
83
146
122
144
382
171
188
124
366
125
119
252
125
185
