32
17
10
92
14
25
20
18
15
14
38
27
44
16
17
15
15
12
23
11
17
13
40
11
12
10
21
20
12
9
29
16
19
22
24
26
17
16
13
9
19
19
13
42
15
15
10
55
17
34
138
29
76
10
12
23
12
58
61
13
32
14
103
77
22
20
88
14
19
9
42
56
21
50
56
13
48
17
12
40
40
18
35
99
37
18
19
29
31
15
36
29
60
37
114
40
72
136
99
86
53
48
35
97
45
34
74
180
99
61
86
166
85
116
175
27
39
101
159
194
32
263
132
56
108
100
56
130
206
126
30
12
208
121
132
57
235
93
156
72
176
32
169
173
264
93
207
95
144
48
159
87
168
147
44
30
160
149
141
232
126
180
344
279
260
261
81
28
13
17
61
164
193
168
13
379
292
33
275
261
327
499
206
293
246
174
176
72
81
114
73
31
184
64
138
203
225
153
124
289
114
69
205
499
156
499
113
276
499
348
62
132
164
499
499
229
139
373
66
243
499
12
278
203
174
456
331
154
199
179
211
18
34
37
61
209
167
272
234
219
66
263
93
331
230
12
116
401
268
199
158
156
35
188
167
143
222
184
208
238
26
160
201
174
167
86
168
161
173
93
190
170
152
234
31
189
183
94
117
189
255
197
312
235
94
208
175
178
145
159
203
147
147
150
197
163
134
158
173
255
188
168
153
198
202
44
26
45
21
64
24
91
171
225
254
385
262
310
282
271
254
233
296
290
331
341
308
264
314
182
231
245
219
200
212
101
245
310
260
403
120
249
320
389
499
499
50
165
181
120
20
186
248
499
499
27
499
309
148
499
169
452
202
219
202
179
149
148
142
159
148
128
179
150
148
168
154
28
48
13
28
19
16
28
236
164
158
210
173
199
499
499
499
499
499
92
25
17
76
54
157
143
323
387
185
113
47
96
98
115
130
126
41
144
210
138
88
71
128
158
152
183
133
135
221
141
156
110
117
110
50
118
107
130
139
119
122
129
121
139
116
129
115
121
116
117
119
115
117
109
105
113
118
116
95
115
109
99
113
112
10
124
118
122
125
119
125
107
131
115
97
111
124
118
108
110
127
114
119
107
109
111
116
107
100
87
87
117
95
112
110
109
123
117
107
122
107
123
108
128
112
124
115
123
121
98
102
115
128
126
120
136
136
129
119
138
131
122
139
137
132
121
133
135
114
132
120
12
108
110
140
119
129
110
118
149
138
129
119
138
113
120
115
127
115
112
106
110
120
128
107
113
115
127
108
122
121
118
118
132
110
130
134
116
132
129
131
140
122
129
130
127
130
127
118
129
138
153
159
122
24
131
21
158
28
233
194
183
228
185
341
150
193
149
198
11
159
269
209
170
163
194
155
75
212
117
177
226
212
234
215
200
156
147
65
29
240
150
144
139
157
144
142
139
149
136
58
162
173
294
159
175
215
159
28
180
150
19
136
182
180
170
210
207
198
175
184
241
115
111
34
37
222
289
298
190
289
269
225
290
266
232
225
421
177
276
373
35
190
134
14
205
208
190
191
194
179
145
147
190
165
158
132
147
145
148
170
134
157
136
140
62
13
60
56
152
129
126
116
142
180
164
153
109
160
29
183
146
226
191
197
175
190
173
219
162
168
205
202
225
211
186
194
179
192
189
177
195
184
186
194
11
40
28
65
10
46
11
9
12
209
232
253
229
202
212
193
213
196
204
209
203
226
219
240
235
460
341
46
35
107
212
267
364
202
417
275
385
319
313
278
263
131
78
259
97
172
69
153
262
230
267
223
221
225
161
56
41
163
188
156
174
161
142
150
150
165
252
96
208
178
178
203
200
461
161
172
138
142
138
132
141
145
146
43
150
239
499
437
172
107
116
114
32
111
168
499
163
196
139
185
188
135
170
131
88
154
130
158
141
153
142
191
287
330
233
262
241
220
221
228
245
227
245
288
295
156
356
72
197
84
54
228
253
499
499
55
499
462
163
316
189
51
497
420
499
43
276
428
256
212
406
35
13
50
23
9
10
14
499
347
383
499
223
233
200
185
171
12
28
11
12
35
222
420
189
231
298
253
306
95
198
105
192
60
281
153
247
249
227
243
109
68
14
36
27
32
321
213
213
247
242
224
163
83
230
243
201
296
304
305
38
19
23
31
49
499
499
315
425
38
52
100
122
244
352
332
276
241
248
261
232
246
243
143
351
374
422
460
27
14
44
32
32
499
499
499
499
142
15
47
17
15
41
83
333
234
189
168
204
291
11
158
167
162
155
147
156
140
35
