28
20
17
19
19
41
18
12
17
17
17
27
16
19
23
23
10
27
56
13
17
11
15
21
23
9
15
11
21
13
12
18
39
18
12
13
22
18
28
18
9
12
49
16
38
44
14
15
14
34
20
26
20
13
31
15
15
16
24
9
11
19
69
50
21
16
12
26
82
27
39
73
86
48
70
12
18
17
84
68
56
22
60
49
105
29
91
71
48
45
19
27
45
50
15
40
27
43
29
40
17
66
77
56
43
49
57
66
20
31
101
43
108
49
58
32
38
36
41
75
44
129
51
87
90
19
141
41
194
136
163
175
112
80
151
94
37
76
195
166
47
38
81
109
122
230
11
186
31
98
29
203
230
299
291
300
22
357
376
12
90
87
318
265
224
182
191
40
83
216
18
46
32
152
50
154
14
165
199
154
176
113
272
48
36
23
133
186
178
253
178
129
169
51
20
191
208
191
114
236
214
180
155
261
57
239
37
108
270
243
259
341
280
500
63
38
377
92
155
107
227
310
500
81
335
215
127
241
180
262
89
144
500
235
267
156
500
500
500
280
184
220
211
88
165
173
153
191
173
15
17
176
177
198
227
194
260
240
238
194
228
253
93
14
51
490
415
340
229
406
80
322
93
349
114
344
158
129
132
157
201
189
179
207
165
153
162
182
156
153
162
134
153
117
132
132
148
149
117
139
123
89
111
75
121
134
27
69
34
58
121
123
127
130
131
127
116
119
129
122
127
130
139
123
119
114
114
118
122
125
122
116
136
114
14
16
128
105
134
120
123
73
104
21
117
113
127
130
132
121
136
122
126
121
112
134
120
111
111
116
113
113
125
18
125
116
150
126
136
166
179
143
154
155
144
159
151
141
151
173
91
80
159
178
20
168
45
158
239
235
151
183
169
204
208
292
219
213
131
309
176
97
126
134
37
19
136
144
142
128
152
150
141
135
132
13
131
129
137
144
150
160
142
161
186
158
153
288
186
165
168
209
18
33
23
25
110
171
153
138
161
177
146
163
148
144
144
154
148
148
133
153
146
143
144
137
148
144
126
144
150
128
132
133
137
123
129
11
29
23
158
123
143
136
157
148
136
204
166
205
206
221
218
156
398
268
191
208
198
210
184
201
15
200
236
174
212
228
149
167
33
47
56
154
178
152
170
253
176
161
196
156
134
156
141
175
157
163
194
168
181
180
300
161
208
144
154
234
195
189
178
243
149
142
173
153
147
148
184
157
192
182
314
131
39
146
190
130
152
217
171
150
170
126
228
170
209
210
281
226
179
194
166
141
187
133
149
172
144
169
176
87
75
157
134
140
134
183
155
150
120
126
113
112
117
130
138
177
166
137
232
18
178
167
245
202
52
22
64
51
53
151
251
180
228
264
165
157
14
136
139
215
151
152
143
156
165
150
204
162
141
212
161
134
311
129
36
11
13
10
19
25
11
13
93
22
115
158
154
137
137
144
126
131
123
117
116
122
131
59
110
95
106
109
105
103
101
102
106
102
108
107
107
43
38
115
24
108
63
115
118
107
121
116
108
105
113
108
113
117
120
117
116
114
117
127
15
105
105
103
104
69
106
113
112
115
114
116
17
133
130
135
125
105
122
106
107
108
106
27
115
111
132
121
129
126
146
171
152
136
118
148
212
172
227
174
155
134
125
168
133
107
183
165
156
152
132
280
164
144
148
183
188
140
137
154
153
131
130
135
187
152
178
134
188
260
148
182
155
155
177
74
96
22
13
48
86
164
309
216
215
181
95
183
235
268
276
362
333
379
162
119
141
174
500
11
161
170
142
144
136
103
123
129
126
125
112
124
121
111
117
107
60
118
79
24
141
32
132
117
124
142
140
138
136
143
131
138
117
204
143
148
178
163
223
219
228
205
230
238
500
153
175
170
148
146
154
148
145
145
148
142
132
123
151
129
168
152
151
134
164
170
186
167
156
147
188
144
193
167
166
145
196
126
137
127
127
113
137
133
150
128
133
133
119
65
119
130
130
129
113
122
128
133
134
155
144
110
131
149
134
137
156
152
214
172
62
30
16
15
10
39
53
175
132
272
394
167
180
166
170
164
138
189
243
169
202
163
213
175
154
159
197
226
191
176
185
213
262
214
231
196
362
93
25
112
118
296
194
237
217
254
251
151
164
160
144
155
123
235
166
162
161
133
137
147
112
131
177
111
91
78
95
105
12
10
113
218
375
275
288
187
39
137
92
446
500
464
280
266
241
33
22
153
159
141
148
132
138
127
144
116
126
130
130
130
110
136
123
108
