28
23
13
26
24
36
40
19
17
19
63
21
25
27
13
18
16
67
30
29
21
11
14
24
23
16
18
15
13
10
26
19
21
25
31
20
10
13
33
35
15
16
28
17
10
50
13
25
15
16
21
15
24
22
21
9
16
18
18
14
13
46
11
11
15
17
11
11
16
16
22
18
9
14
17
19
8
10
12
10
12
19
15
29
14
18
13
13
13
11
15
17
13
9
16
11
18
24
40
9
9
9
11
18
12
10
9
12
14
11
10
14
8
11
10
21
13
9
10
19
9
12
22
14
22
13
9
9
15
13
12
8
18
12
10
13
9
24
19
9
12
10
12
11
13
19
18
16
10
11
15
17
9
12
14
16
15
16
10
14
20
11
12
10
14
10
17
12
13
16
11
10
17
10
11
10
11
10
14
13
10
9
9
10
9
12
11
14
10
12
11
10
10
10
12
12
10
9
12
11
13
15
9
15
11
14
11
14
8
17
13
9
11
11
10
11
11
9
12
10
15
11
10
12
12
9
10
9
13
9
14
10
14
10
8
18
15
15
9
10
11
13
9
16
8
10
9
14
13
15
10
10
11
11
12
9
8
10
10
12
10
10
10
9
16
12
9
12
8
11
10
9
8
10
9
14
11
9
12
17
15
10
10
14
17
10
23
15
11
10
8
28
32
23
9
10
13
9
97
8
30
26
12
15
21
23
21
14
12
15
13
13
17
11
24
28
21
21
98
22
17
21
13
21
79
20
17
17
20
19
20
24
20
126
96
29
44
53
35
179
64
100
65
10
11
35
83
31
17
89
97
43
27
98
15
15
10
16
12
12
114
73
30
97
91
48
36
107
47
105
111
64
11
92
141
117
212
128
19
211
119
117
83
160
72
129
18
46
80
102
12
15
13
77
106
21
13
18
91
101
70
29
21
14
22
16
12
15
15
15
14
15
11
12
14
13
15
15
15
12
13
12
12
14
11
15
14
14
16
16
12
12
13
14
15
15
11
19
18
14
17
12
16
13
23
13
16
50
14
16
13
18
30
13
14
14
15
13
12
16
13
13
13
10
11
14
12
16
14
35
33
12
13
12
11
12
10
12
12
24
14
13
17
11
91
11
15
111
14
52
14
58
84
12
10
16
28
11
13
14
41
62
26
11
12
13
17
11
14
90
99
34
18
14
14
30
26
31
30
16
66
16
21
16
205
16
21
20
12
19
30
21
18
132
14
19
15
19
18
39
39
17
14
15
14
57
20
40
32
20
18
22
16
12
16
68
12
13
22
72
22
47
13
21
14
82
31
86
25
12
23
17
18
21
28
16
20
18
14
16
19
15
18
19
18
16
16
15
18
23
12
15
21
18
17
13
18
20
18
19
20
19
13
16
18
15
15
19
17
16
14
17
19
19
16
11
16
162
12
19
17
20
14
17
13
21
15
17
12
16
61
16
59
17
17
83
21
41
91
31
177
132
11
26
33
18
47
136
32
18
13
22
36
37
55
34
36
48
42
9
44
188
39
25
16
27
68
22
49
60
12
73
16
102
50
61
27
26
126
17
15
41
73
15
25
13
38
27
72
63
32
64
11
76
75
87
88
79
97
11
84
32
38
19
13
101
13
12
131
79
88
45
19
62
127
160
86
88
20
54
13
229
11
39
68
24
100
61
35
70
26
45
40
11
30
16
30
69
34
28
11
28
45
35
36
27
20
29
14
56
70
18
76
24
44
44
54
27
33
38
108
51
19
26
19
41
37
132
34
44
61
42
47
170
65
49
14
55
82
25
12
24
16
70
163
88
88
213
21
25
87
86
149
18
16
48
48
21
51
56
95
25
21
156
133
60
52
50
127
19
31
193
73
156
34
24
41
64
153
17
23
100
244
71
227
50
184
36
233
212
301
137
248
78
173
81
149
16
74
122
150
127
121
123
136
197
135
122
116
121
160
122
381
21
56
137
148
120
94
136
109
17
13
13
13
14
12
63
14
13
12
15
14
16
13
16
11
10
11
12
12
13
13
11
11
9
11
12
12
12
12
10
10
10
12
10
12
12
11
12
12
12
30
10
13
12
10
10
11
9
12
10
10
11
12
11
11
11
11
10
11
11
12
9
12
11
13
9
11
10
10
10
11
9
12
11
12
12
9
11
11
10
11
11
10
9
10
11
11
11
10
10
11
10
11
11
9
11
11
10
11
12
9
11
12
10
12
11
12
9
9
11
11
9
11
10
12
11
11
10
10
9
9
11
11
10
12
10
9
11
10
11
10
11
10
10
11
12
9
11
