29
40
15
14
21
16
17
23
12
18
11
24
12
11
13
20
25
10
24
11
10
41
11
8
20
25
16
24
24
13
12
30
30
11
20
13
16
11
21
17
12
8
13
12
10
10
19
20
14
16
14
13
34
15
17
58
36
56
45
81
67
37
45
19
34
24
73
57
18
38
75
36
58
23
37
38
14
48
36
19
18
13
20
32
17
31
51
64
21
69
38
50
12
56
33
35
34
35
45
53
43
31
77
115
46
81
48
69
59
19
40
71
106
68
44
27
34
56
64
76
30
194
8
62
33
132
76
96
129
78
108
89
228
95
106
119
133
141
126
110
133
58
145
99
60
290
93
77
98
119
63
239
170
98
62
223
226
106
214
147
186
248
43
160
202
160
282
314
12
220
17
47
128
123
79
144
238
81
342
243
233
154
169
251
17
341
259
337
201
339
372
294
204
248
286
211
220
233
249
321
266
283
314
263
246
405
240
230
345
217
202
262
190
287
92
201
261
270
240
264
189
262
216
214
235
200
98
327
241
235
299
177
203
206
200
140
191
303
307
197
263
284
300
199
178
258
22
242
191
156
206
266
17
253
163
198
287
45
454
255
153
274
321
133
250
189
254
268
336
35
33
277
256
183
189
199
275
332
227
198
196
265
340
237
197
204
289
499
204
252
331
230
64
221
196
213
274
201
180
208
204
165
159
190
179
156
201
186
190
233
213
158
187
187
175
205
170
193
78
179
130
149
240
231
136
165
177
199
210
192
173
289
105
134
212
281
180
251
204
214
59
226
209
199
235
242
43
235
205
272
201
247
211
217
236
158
178
260
319
170
225
183
176
181
300
170
193
46
216
161
228
198
182
227
217
168
203
258
313
192
350
258
192
235
227
175
234
200
499
216
177
174
255
186
230
223
186
395
199
214
211
240
237
234
267
217
272
201
251
183
242
167
178
198
170
215
188
221
167
194
193
251
185
169
215
195
203
166
171
226
195
160
224
183
194
172
198
197
197
140
237
219
191
207
188
195
188
217
181
174
200
203
177
155
86
166
50
168
176
156
154
200
78
112
189
93
154
167
171
126
185
150
316
163
175
237
158
173
195
172
250
212
168
143
185
114
160
190
175
174
179
174
192
212
180
189
153
171
212
186
138
259
232
242
208
270
221
271
357
188
187
267
240
200
277
283
225
420
228
205
20
246
33
297
55
257
114
130
163
246
177
202
209
251
193
211
177
182
220
310
186
207
318
273
171
188
137
168
249
194
261
183
191
184
145
181
151
192
158
194
183
203
141
136
188
206
238
126
160
133
146
188
155
150
177
183
189
172
184
158
158
222
160
184
286
160
294
236
180
226
171
164
204
279
164
291
247
167
346
176
195
228
380
190
397
148
297
27
23
36
61
75
23
29
11
96
58
42
56
176
145
189
176
203
227
272
192
149
194
169
211
160
154
237
224
183
224
193
44
195
274
226
346
179
202
317
173
162
149
206
223
267
480
163
194
226
211
348
175
211
225
323
278
203
311
429
321
272
285
254
203
172
177
220
235
187
228
176
275
285
184
273
215
36
178
280
254
225
243
255
380
71
252
225
240
295
247
185
237
216
287
333
258
334
213
186
241
91
190
240
132
222
202
63
243
191
88
210
421
238
303
293
263
314
351
298
387
257
411
270
323
270
253
299
286
384
345
469
241
272
267
419
291
323
321
273
264
279
229
321
275
193
184
215
253
261
200
206
195
180
211
162
203
25
219
189
195
163
191
195
234
219
216
236
189
189
85
242
116
33
60
27
160
122
111
187
184
204
164
184
174
163
189
173
163
215
143
154
203
204
180
157
301
156
218
160
196
226
222
245
184
246
202
99
154
184
258
198
180
189
198
185
196
206
213
177
173
148
169
169
178
163
207
175
146
133
150
179
186
230
164
182
152
62
195
214
188
203
175
267
200
345
237
189
308
207
249
203
220
179
290
58
223
240
342
202
330
217
203
242
236
294
362
388
241
208
197
225
236
193
218
200
234
196
499
247
269
248
242
86
184
227
196
246
229
357
182
189
191
178
174
229
220
182
154
196
155
256
181
163
228
115
231
233
151
181
62
414
197
239
327
237
199
178
398
377
172
227
279
101
499
282
197
266
362
239
324
172
201
255
265
308
177
75
225
319
222
165
242
413
298
272
181
305
485
258
170
259
256
105
271
256
266
229
248
18
300
115
263
237
62
303
294
344
312
267
203
241
380
299
245
227
337
261
318
300
395
479
499
499
287
376
288
305
488
276
84
499
321
310
