33
15
49
22
11
12
14
10
14
22
17
40
16
19
9
12
9
9
25
9
11
26
11
9
20
15
18
15
14
14
10
23
12
11
14
24
16
11
15
14
19
12
41
20
23
13
46
27
23
11
17
17
18
12
17
18
18
21
10
9
22
13
12
17
16
12
18
21
17
23
16
41
47
16
19
14
23
20
12
20
32
14
9
18
16
19
14
15
23
9
16
15
11
9
12
10
11
12
14
17
11
13
12
12
49
15
11
8
12
16
10
8
12
12
9
8
9
18
21
18
15
13
13
12
17
28
7
17
12
8
9
9
16
11
9
17
11
9
11
14
14
12
9
9
11
9
11
10
8
11
13
11
15
17
13
12
10
10
10
13
8
19
14
9
15
14
12
15
13
13
14
14
9
12
11
9
9
14
10
9
11
11
11
9
10
10
14
9
8
9
11
19
9
9
7
8
10
10
10
9
9
12
8
11
10
8
11
11
10
23
12
12
8
9
10
9
12
11
10
11
9
8
15
10
11
10
8
10
8
9
10
8
13
8
13
13
10
10
12
12
10
10
12
12
9
10
11
13
8
12
8
10
9
11
9
10
8
9
16
15
9
9
12
9
8
9
9
9
7
11
8
9
11
13
10
10
13
10
11
12
8
7
9
10
9
12
9
9
8
8
14
9
10
9
13
8
8
9
11
9
11
15
9
7
11
8
7
9
13
9
10
10
10
12
8
9
9
8
8
9
9
10
8
9
9
9
11
8
9
8
9
13
10
7
10
11
11
11
8
9
10
11
10
10
7
8
9
10
9
8
8
8
8
7
8
7
9
10
10
12
10
8
9
8
8
7
11
11
8
8
7
8
8
10
11
8
9
11
9
8
7
7
7
9
9
8
7
10
11
8
10
9
9
8
9
8
9
8
9
9
8
8
12
9
8
8
11
9
7
8
10
8
9
9
7
8
9
12
7
8
9
8
9
10
8
11
9
8
10
9
9
9
9
9
7
7
10
8
9
9
9
8
12
10
8
8
8
12
9
9
9
7
8
11
10
9
9
8
9
7
7
9
9
8
7
10
9
9
10
8
8
8
9
8
9
9
8
9
8
10
7
9
10
8
8
10
9
9
9
7
10
7
9
7
9
9
14
9
9
7
9
8
10
9
9
9
8
9
7
8
8
10
9
9
8
9
9
9
10
12
9
10
7
9
9
8
8
8
8
9
8
8
7
9
10
8
8
8
8
8
9
8
9
10
9
8
9
9
8
8
8
7
7
9
8
9
8
9
9
8
7
8
9
8
9
9
11
8
9
9
9
8
7
11
9
9
8
8
8
9
9
7
9
9
10
8
7
10
9
8
10
9
10
11
8
8
9
9
8
9
9
8
10
8
9
9
14
8
8
9
8
8
9
8
8
8
11
8
9
10
8
8
7
9
8
9
9
11
9
10
9
8
9
9
8
8
9
9
7
9
7
10
7
8
9
9
9
10
9
8
8
8
9
10
9
9
8
9
9
7
8
9
14
8
9
9
9
8
7
8
9
10
9
8
8
9
10
8
7
8
9
8
9
8
10
10
9
9
9
10
10
11
11
9
9
8
7
8
7
7
8
8
10
9
9
9
8
9
8
9
8
7
8
10
8
10
8
8
8
9
9
9
8
9
14
9
8
7
8
7
9
9
9
11
9
9
8
8
9
8
7
9
9
9
12
10
9
7
9
9
8
8
9
8
7
9
8
8
8
7
9
14
7
8
9
9
8
8
8
8
7
9
9
9
9
10
8
8
8
10
8
9
8
8
8
8
11
8
9
9
11
9
8
9
10
11
10
11
8
9
8
9
8
8
9
10
8
9
9
9
8
8
9
10
10
9
10
9
8
8
9
8
9
8
10
9
8
8
8
9
9
8
9
8
8
9
9
7
9
7
8
8
8
9
9
10
9
10
8
10
9
9
9
9
9
9
8
8
9
7
8
8
7
8
9
9
9
9
8
8
8
9
7
9
8
8
8
9
9
9
9
7
11
9
66
24
31
57
30
34
56
46
73
67
72
39
37
54
36
40
34
20
23
18
22
19
28
22
23
19
18
17
24
23
16
17
16
16
28
16
16
20
20
19
19
16
24
17
24
20
19
20
19
31
16
26
17
25
23
21
22
17
17
22
18
20
26
23
21
15
19
19
21
25
19
30
22
25
25
33
23
22
23
23
26
16
25
32
29
19
26
20
15
22
18
25
19
24
27
19
28
27
21
21
29
18
19
20
24
19
17
30
18
18
16
28
24
17
15
27
