23
12
18
23
30
22
13
12
21
12
40
16
17
16
18
18
9
25
19
12
37
43
16
14
24
17
9
13
9
12
53
10
15
11
19
9
13
20
18
12
11
15
17
34
21
9
15
12
30
13
19
11
9
17
23
20
25
11
25
14
19
10
18
18
17
11
9
13
49
10
18
36
13
11
8
13
9
32
10
25
19
20
9
21
19
12
13
12
16
12
16
17
11
10
9
11
10
7
14
10
11
11
20
9
11
14
10
11
8
13
13
14
11
11
10
15
10
14
14
9
10
11
10
16
12
16
17
13
12
9
9
15
23
10
13
12
10
9
10
14
10
9
12
9
13
9
7
12
27
10
10
8
11
8
8
15
11
11
14
16
16
15
12
11
8
29
10
13
15
13
12
10
16
10
14
10
9
9
19
8
10
11
11
11
17
9
10
14
19
8
9
16
12
12
11
13
9
10
10
10
15
18
9
8
8
9
10
10
11
11
7
8
10
8
13
14
10
13
11
12
7
8
10
9
9
10
7
14
16
8
10
8
8
15
10
8
11
11
10
17
9
9
8
11
15
8
12
11
12
12
10
9
9
11
9
12
11
11
11
9
9
13
12
10
8
9
9
11
12
10
10
9
9
14
10
8
13
8
8
8
10
7
11
9
9
10
9
8
11
10
17
28
12
22
98
47
162
64
101
115
55
55
94
66
51
61
47
61
173
116
109
112
50
81
55
48
91
55
76
103
56
64
171
84
82
68
111
146
67
72
84
118
142
110
165
136
116
100
157
115
69
62
10
13
60
23
23
46
59
16
9
33
73
26
9
43
8
9
10
8
26
9
8
8
9
10
13
27
9
9
28
10
30
8
10
19
38
8
28
8
23
14
33
9
27
9
9
14
9
9
7
10
8
10
8
25
9
9
9
21
12
7
8
9
10
13
10
9
19
23
14
12
9
14
9
8
20
28
9
11
21
9
10
9
8
9
8
26
9
8
23
8
9
9
7
10
8
9
12
9
8
10
7
7
11
9
9
10
12
10
8
8
8
9
9
10
10
25
10
14
8
7
10
7
23
7
9
7
8
9
10
8
8
11
9
8
8
11
8
10
8
10
8
9
9
9
8
8
11
20
12
8
8
8
9
9
9
8
9
8
10
8
9
15
24
9
27
8
8
12
19
8
27
9
9
29
10
8
9
8
7
9
9
8
9
11
10
7
10
8
9
20
11
10
9
9
7
8
8
9
8
8
8
8
20
9
25
8
8
8
8
8
8
26
9
9
8
10
8
8
9
11
23
7
8
8
7
8
11
10
9
7
18
8
8
9
9
24
8
9
8
12
7
19
9
23
8
7
8
9
7
9
9
9
8
8
22
8
19
9
8
9
8
8
9
9
8
9
20
8
9
24
12
20
7
11
8
9
9
8
8
25
8
9
7
9
9
22
25
9
9
9
8
8
10
10
26
9
9
7
9
8
10
9
7
8
17
10
9
9
8
9
14
10
16
9
10
8
7
8
9
12
10
10
8
9
10
9
8
9
8
18
7
8
9
7
7
8
8
8
7
9
8
9
8
8
9
18
9
9
9
9
25
8
8
24
29
8
24
9
19
9
18
8
9
12
8
8
8
9
10
9
7
9
9
7
8
9
9
8
9
9
26
7
8
7
9
21
9
8
19
9
8
8
18
8
8
7
9
8
8
8
29
9
10
9
22
9
7
9
8
9
24
8
7
9
7
19
8
21
9
8
9
8
8
9
9
28
28
8
7
8
26
9
21
7
7
8
14
7
7
28
9
9
8
8
24
24
18
9
19
9
18
9
9
21
9
8
9
12
9
8
9
11
8
9
7
7
7
9
8
9
30
9
27
7
27
9
8
9
8
7
8
10
8
9
25
9
9
19
9
20
7
8
23
9
8
9
9
7
9
9
30
8
18
9
22
18
8
8
9
10
9
23
9
21
7
8
8
9
8
10
8
8
8
8
9
8
8
8
30
8
17
8
17
7
9
29
8
8
31
8
9
29
9
9
33
8
16
10
8
28
9
31
8
8
7
9
7
22
9
8
20
8
9
9
9
9
8
22
8
22
8
12
7
9
26
9
9
30
25
9
23
8
19
26
9
8
18
8
9
8
7
8
7
8
13
14
9
9
18
9
8
25
7
20
8
8
10
23
7
8
26
9
8
9
8
19
9
7
16
7
9
8
10
8
8
7
8
25
9
8
9
8
8
9
9
11
8
13
18
9
9
8
8
8
23
9
10
8
9
10
11
8
34
7
9
20
33
26
