34
16
35
13
12
14
15
13
18
40
16
25
19
51
23
23
35
15
15
61
14
18
12
23
20
11
17
40
12
22
14
11
16
12
47
8
16
11
21
16
33
48
53
45
14
18
57
21
21
18
14
11
16
19
10
19
9
20
12
13
19
31
31
10
9
13
10
12
14
15
16
18
13
17
10
30
15
12
21
17
21
10
14
19
10
10
12
14
11
10
11
22
18
12
15
8
9
26
16
11
17
9
17
12
14
11
18
12
15
15
11
17
12
10
22
10
10
15
10
11
14
10
10
12
13
13
20
8
11
12
17
10
10
11
10
14
8
10
10
13
9
16
13
9
9
12
11
8
10
8
10
11
9
18
9
10
11
13
13
11
18
14
18
10
15
10
11
12
10
11
13
20
14
14
10
9
9
14
12
9
14
15
12
11
12
36
12
10
9
19
11
26
11
10
10
11
11
11
10
11
14
12
9
16
12
8
9
13
13
14
10
10
15
12
9
12
8
9
11
9
9
11
16
14
9
11
8
9
17
13
11
13
10
17
10
9
11
10
11
11
12
26
19
11
9
11
10
13
10
9
15
10
14
11
11
14
10
11
10
8
11
14
12
10
10
11
10
15
11
9
9
10
11
10
12
8
10
13
11
11
12
14
54
58
37
61
37
30
29
29
26
18
14
12
23
26
12
15
46
28
27
30
21
23
11
25
20
9
33
28
35
55
13
23
24
32
15
41
50
26
47
132
62
95
327
34
80
28
46
66
32
37
43
36
41
40
28
30
29
26
29
45
39
30
31
33
44
30
29
35
32
40
25
43
36
24
36
36
41
34
35
30
24
30
29
31
27
30
31
41
27
29
39
29
30
29
31
29
28
25
31
32
46
33
22
33
32
27
29
45
27
30
28
21
35
33
23
29
54
28
27
23
16
37
24
32
27
25
27
32
30
21
33
26
25
42
28
47
26
34
34
27
34
30
69
27
32
27
28
43
31
33
32
26
28
41
12
30
13
28
29
10
32
28
32
29
12
33
34
10
10
67
11
34
38
32
35
37
121
46
82
39
72
109
56
66
60
32
94
72
39
64
52
64
45
47
39
62
16
64
66
69
78
61
75
64
57
66
55
61
50
66
45
16
73
38
36
13
35
59
58
49
14
46
39
30
40
43
31
34
69
48
33
12
67
59
74
174
256
126
57
62
17
166
22
45
126
63
46
84
58
67
29
12
46
17
166
12
61
107
33
31
98
27
73
34
114
23
48
50
51
71
71
20
39
37
31
39
31
42
39
25
19
147
13
23
29
133
53
46
39
36
25
22
28
21
31
92
19
31
30
38
32
48
19
37
20
21
20
49
56
34
20
16
12
89
81
47
31
55
27
25
58
43
22
14
17
24
23
19
21
27
26
19
23
21
19
19
36
29
18
27
22
20
23
17
17
81
16
18
14
25
21
23
26
38
56
16
28
14
24
25
16
20
19
33
18
27
15
16
14
111
26
27
16
27
20
36
22
19
36
18
16
16
25
86
31
20
18
54
22
16
14
27
25
18
27
81
27
21
20
22
18
26
17
18
20
18
34
16
20
22
24
48
27
26
20
30
25
43
45
16
105
31
37
23
19
55
28
20
32
27
34
33
26
69
17
71
34
27
44
45
27
49
20
26
42
50
54
26
51
31
43
22
23
37
42
61
40
34
59
53
46
32
29
32
22
28
96
25
49
27
18
32
37
27
55
33
24
25
43
37
60
27
24
47
21
19
48
24
32
79
53
40
44
48
30
36
26
20
26
85
53
22
33
27
34
23
14
28
28
40
20
37
25
34
40
25
27
42
21
90
29
23
40
57
29
75
76
52
41
22
51
74
50
28
24
84
20
22
25
33
16
49
29
70
35
91
11
69
67
110
13
38
59
19
24
27
61
25
46
79
40
79
36
68
14
62
23
29
58
64
45
19
25
20
12
44
71
54
19
18
67
72
37
38
19
17
62
27
35
54
36
51
42
13
31
29
20
62
103
51
93
15
90
74
32
100
92
23
55
82
50
26
10
24
25
21
20
99
18
26
71
53
127
63
54
28
69
17
86
46
109
97
60
105
17
39
57
125
25
32
146
111
22
56
67
144
139
11
19
88
22
27
40
14
111
72
35
88
64
74
82
89
50
101
58
21
109
111
85
124
136
44
43
82
88
84
83
50
59
16
40
40
77
111
11
52
78
87
82
34
42
65
24
35
59
14
30
72
15
24
48
316
76
38
29
118
171
39
72
58
39
112
118
96
85
126
87
61
