29
34
32
12
11
50
27
46
9
12
18
33
26
12
22
55
18
11
20
20
20
10
14
9
16
13
15
14
26
18
11
12
19
14
14
28
15
14
15
22
31
15
24
56
72
16
16
22
11
11
27
24
16
14
10
13
15
24
11
25
21
21
12
13
11
24
30
10
13
14
10
10
14
10
9
12
44
19
42
12
17
12
18
21
20
18
13
16
12
10
13
12
10
12
18
10
20
12
11
20
13
20
15
10
10
12
12
11
10
9
10
15
22
15
17
12
16
33
10
9
14
16
13
30
20
12
9
11
13
31
10
25
17
11
22
12
12
13
12
18
16
9
16
27
11
20
9
11
10
10
11
12
18
15
13
11
39
12
10
12
19
16
20
20
28
10
11
32
11
21
16
40
17
12
17
10
21
27
25
51
13
32
22
157
34
48
52
51
66
22
33
23
26
20
26
30
38
28
32
27
22
21
12
112
61
80
12
47
10
17
57
77
45
41
63
97
11
11
21
93
77
18
27
55
32
62
9
17
17
21
72
9
10
12
59
51
18
17
79
11
47
10
13
9
10
23
12
97
9
10
22
9
30
36
33
38
10
15
9
24
87
36
17
21
58
74
36
14
23
39
41
34
45
19
13
9
22
24
36
27
45
36
11
41
32
11
20
31
27
10
10
18
30
30
36
17
24
57
13
36
11
10
20
35
10
29
11
14
19
31
13
10
35
33
35
15
9
31
17
26
10
37
30
27
9
12
29
18
17
21
18
8
18
36
28
27
31
34
23
18
16
38
27
33
41
47
24
59
30
28
42
33
35
45
33
62
38
31
63
27
31
69
36
54
45
46
50
46
62
56
52
60
32
39
42
48
25
40
42
47
71
94
54
41
49
83
32
69
48
69
34
68
77
41
67
50
24
64
46
50
57
64
44
77
52
31
75
68
38
32
40
40
96
30
45
34
76
22
58
124
33
49
59
85
102
45
72
51
35
57
79
62
91
53
15
15
14
21
24
25
18
21
18
20
29
15
16
25
44
14
19
13
16
14
19
22
56
60
30
13
16
14
14
59
36
26
29
16
45
48
12
15
22
16
14
16
17
61
27
13
15
35
40
22
18
23
57
13
17
15
44
44
81
17
13
14
18
18
33
53
22
31
16
15
23
36
16
15
30
23
13
30
39
15
14
30
23
31
42
14
34
27
70
16
14
14
29
24
15
32
13
32
27
15
14
43
38
32
15
44
25
25
66
51
33
19
17
54
38
14
22
24
90
50
36
48
12
12
13
15
15
19
21
18
19
43
13
12
32
29
16
15
41
16
15
34
51
37
58
43
14
15
13
15
11
15
17
18
17
22
33
15
114
20
35
14
63
56
60
30
13
13
19
17
17
37
14
17
21
32
21
47
14
13
17
31
34
14
15
22
45
18
16
27
59
17
21
14
20
15
17
12
16
16
12
17
23
38
15
22
24
11
14
13
14
47
16
17
12
17
27
38
18
12
32
38
44
13
14
36
26
24
15
91
13
11
18
43
14
15
14
19
41
19
111
13
21
30
15
63
37
13
14
35
13
17
17
55
37
24
43
30
12
14
47
37
104
30
34
11
13
197
55
90
57
86
20
54
76
24
38
89
103
20
37
58
43
35
41
55
104
15
27
23
15
22
52
18
41
55
66
31
47
67
48
51
16
18
72
12
47
23
10
65
53
27
39
33
31
18
56
97
60
20
83
91
83
51
20
18
19
43
23
55
75
79
56
13
57
15
23
25
84
27
77
30
43
26
16
48
35
98
30
65
16
9
49
132
27
47
10
51
32
119
65
18
35
18
63
15
32
20
52
78
18
58
125
96
60
73
49
35
67
16
72
16
42
48
56
89
89
24
44
50
25
40
26
30
55
84
21
11
79
14
22
53
63
22
35
23
21
12
88
65
34
33
53
28
97
29
24
75
19
53
36
147
30
19
15
90
14
39
30
56
19
33
70
95
55
12
29
66
51
24
48
28
92
51
37
19
33
14
28
53
90
54
83
59
14
127
42
45
25
27
35
43
61
42
57
79
13
20
10
56
56
60
83
22
18
94
13
20
37
77
28
23
25
18
16
44
21
47
20
40
16
27
28
35
11
14
29
27
29
39
38
34
18
22
18
22
31
21
19
50
22
58
44
19
14
35
35
36
28
56
14
33
26
39
61
36
27
25
28
11
30
34
43
52
26
38
26
47
75
26
26
25
75
21
30
51
25
54
42
97
25
63
41
11
52
48
95
12
34
33
23
27
17
24
19
18
