27
14
12
18
21
23
19
15
11
41
18
13
10
15
24
15
11
16
12
48
26
11
16
13
14
15
30
27
19
10
16
13
39
10
14
16
12
13
11
26
24
9
19
10
26
12
18
14
16
32
14
17
18
21
22
23
19
20
26
22
28
33
48
12
48
13
48
27
68
45
21
24
52
44
48
33
21
26
31
37
30
30
64
67
32
24
11
14
49
23
38
49
45
15
30
45
52
23
16
49
60
18
36
62
34
48
43
22
17
41
33
56
56
67
60
69
41
19
32
63
133
81
57
77
104
53
17
64
70
133
87
47
57
136
81
87
46
100
105
179
134
113
38
79
97
23
178
144
133
166
163
46
22
147
258
70
93
167
58
110
156
176
138
223
189
215
37
73
61
124
237
216
264
221
138
198
46
177
301
34
220
80
204
224
165
30
187
69
201
196
180
212
14
214
198
78
270
190
197
297
60
263
62
189
48
176
144
227
293
220
202
189
258
239
216
221
300
183
196
241
42
261
188
204
265
230
222
282
120
66
181
249
200
185
211
264
300
219
226
357
196
256
254
480
229
246
293
337
155
271
48
305
226
259
214
215
259
368
334
325
343
340
187
257
10
207
251
299
65
260
249
15
96
232
312
196
181
314
278
127
273
274
122
283
383
154
301
250
214
412
190
407
225
199
290
238
284
238
323
182
264
239
321
233
473
217
196
195
212
183
217
411
213
237
191
215
223
211
199
199
234
230
84
202
244
173
216
149
171
252
157
211
219
202
186
189
242
148
176
207
176
224
496
416
269
177
170
199
276
199
231
144
192
223
210
258
30
263
274
220
187
195
224
100
201
199
196
182
214
244
104
193
214
251
188
63
107
191
141
267
177
357
18
194
217
214
197
289
317
401
185
122
120
268
232
220
173
227
201
223
263
336
196
122
124
232
195
189
225
201
214
205
197
311
213
243
202
168
240
243
211
201
191
193
232
183
213
206
230
226
209
224
253
228
221
210
226
215
184
193
198
192
204
185
199
195
204
172
139
182
181
16
73
44
162
124
142
202
180
173
160
171
131
158
174
169
129
143
143
183
137
272
138
147
163
179
135
150
149
189
145
193
136
227
160
189
193
171
150
180
154
88
191
187
214
217
179
169
179
168
166
187
180
160
174
169
192
170
144
170
184
203
144
148
166
170
181
142
189
157
228
278
203
291
183
150
155
223
291
231
200
36
171
176
203
226
159
214
185
369
200
197
193
166
383
171
261
173
216
142
206
241
248
226
200
220
188
310
165
158
174
314
271
194
185
203
237
346
222
244
245
183
309
208
132
207
174
162
176
274
218
259
238
195
153
211
51
191
348
80
216
192
173
34
98
195
161
293
285
470
180
298
357
394
236
174
223
187
251
244
303
219
206
256
425
215
282
263
169
175
364
92
130
200
236
188
254
185
215
209
234
200
288
198
233
263
256
342
186
243
183
245
240
274
225
295
270
376
191
245
242
492
231
89
142
199
255
248
217
256
360
152
380
92
150
55
499
343
57
256
198
222
277
411
192
347
234
280
238
320
201
235
243
252
261
226
337
330
311
308
303
209
222
191
297
303
305
227
256
275
268
217
264
499
369
386
343
144
291
305
280
221
245
60
198
187
261
204
203
242
271
254
254
191
385
206
265
362
249
499
235
146
161
285
221
254
227
154
218
175
207
205
190
172
30
46
43
149
55
123
119
140
135
131
153
180
159
149
136
166
189
153
138
163
146
165
157
152
191
149
214
226
164
259
195
317
248
260
266
168
150
179
242
204
250
174
263
305
159
215
123
171
226
328
175
336
299
367
240
190
330
214
357
195
166
389
395
269
404
184
187
269
254
222
184
274
212
228
384
220
341
258
328
242
346
294
345
258
273
292
226
214
279
197
300
220
207
354
246
211
259
175
233
192
224
199
242
246
253
94
186
174
42
107
169
321
340
279
323
233
499
239
294
189
499
169
198
214
233
230
240
294
220
499
421
281
211
250
211
216
295
247
169
208
389
157
161
385
479
225
295
413
288
210
261
87
453
437
183
301
335
324
221
301
259
352
167
144
202
213
215
299
238
214
174
208
307
257
213
166
144
201
245
282
231
153
285
175
358
129
126
183
178
235
246
159
189
253
181
191
143
246
211
222
299
171
174
269
173
288
225
300
211
187
186
427
291
317
212
185
193
189
391
212
166
235
173
201
184
191
177
180
260
244
193
186
310
263
214
282
192
147
143
160
189
224
209
197
259
210
236
241
296
175
174
190
202
269
185
261
