21
10
24
136
23
20
17
15
36
14
13
14
30
30
14
16
11
9
22
24
20
9
29
16
11
11
15
34
19
12
10
15
39
38
9
21
10
21
17
17
14
15
20
29
12
15
16
70
18
15
12
13
68
19
52
24
28
18
52
18
22
28
78
13
13
19
60
68
77
55
36
53
29
47
28
66
66
21
26
50
123
21
112
88
45
37
13
14
72
53
85
33
40
128
173
71
58
90
143
154
101
103
107
36
80
97
52
86
133
53
105
44
145
16
59
21
148
20
141
39
165
58
11
94
40
20
154
55
17
67
71
176
41
47
114
29
28
44
181
186
72
90
28
80
130
24
104
68
210
44
48
96
27
70
131
43
206
41
52
74
133
146
200
35
92
52
44
343
29
119
355
150
184
116
127
106
135
119
148
288
244
15
186
75
117
16
187
180
298
92
108
182
53
289
36
170
131
219
150
64
47
34
14
446
258
171
13
342
182
70
89
227
214
145
158
154
88
56
43
161
256
63
139
136
132
17
159
110
155
118
59
115
104
111
86
31
118
16
164
169
104
156
74
133
212
206
133
63
30
38
54
48
124
147
196
27
171
106
182
177
147
190
85
93
141
57
143
158
209
32
54
61
173
90
20
158
125
216
176
175
161
139
136
22
83
50
168
69
159
83
156
191
40
111
20
81
108
179
25
137
136
177
138
14
48
156
100
28
26
78
123
106
176
60
108
109
55
35
17
94
12
196
64
164
197
34
110
152
163
84
152
168
89
220
30
12
79
29
173
29
30
34
154
16
256
69
227
197
113
31
114
52
45
294
199
428
192
23
25
59
29
51
97
219
110
59
58
143
148
176
73
145
153
102
156
68
12
28
10
50
32
20
15
69
205
235
110
145
117
109
32
76
162
124
146
114
106
137
124
179
134
88
51
26
42
108
107
179
101
11
78
86
47
40
54
84
59
75
62
84
114
13
15
94
90
78
153
207
409
128
32
26
122
122
143
60
115
43
128
143
61
120
178
114
125
135
60
56
116
114
186
10
74
464
193
116
67
129
156
137
14
129
135
145
143
102
175
107
134
133
79
213
98
108
39
68
310
14
96
41
154
114
93
123
109
116
157
139
290
12
55
54
70
85
103
147
70
116
24
42
166
35
70
32
102
135
140
152
166
38
144
71
142
132
88
127
78
73
134
126
105
108
87
96
133
29
142
89
108
139
19
83
12
39
313
121
72
130
12
136
131
59
123
33
125
113
108
89
96
112
36
31
11
12
90
151
67
91
67
59
116
75
69
89
134
98
155
79
11
63
143
69
120
15
223
186
261
158
132
32
80
223
135
10
122
58
140
152
45
155
35
108
128
121
129
118
126
130
108
109
109
70
26
105
116
111
106
105
114
104
99
113
103
112
113
63
31
110
136
62
126
106
104
66
157
157
146
123
18
135
54
150
46
161
44
49
80
38
24
75
119
128
62
51
117
13
278
218
131
132
65
65
260
29
42
290
70
104
110
39
135
92
150
166
169
76
21
110
168
119
113
121
127
109
163
177
136
164
197
108
321
136
76
223
13
133
77
129
42
209
152
57
48
170
138
19
211
256
500
137
82
81
146
164
135
126
116
169
56
119
90
108
98
15
271
46
61
43
57
49
162
40
53
58
57
75
52
63
55
56
62
59
31
223
141
119
119
105
177
176
120
103
138
78
125
139
49
90
103
12
134
83
15
33
119
116
126
113
116
123
110
126
112
128
33
139
108
16
122
55
133
69
145
66
14
69
30
51
177
197
46
194
246
163
128
319
353
238
168
332
416
352
172
197
83
190
146
132
17
143
154
118
16
44
149
228
66
205
51
180
13
186
276
258
258
227
86
34
186
47
143
152
123
91
108
99
104
105
103
13
116
102
97
22
12
113
37
112
32
217
112
155
286
108
130
112
37
116
129
144
135
142
58
234
90
124
152
172
235
169
112
104
215
135
101
105
79
78
138
177
126
122
156
144
52
120
129
113
119
124
108
119
29
118
21
36
323
109
112
108
106
120
129
30
70
95
113
27
19
35
36
54
108
108
99
98
101
101
70
134
87
115
118
116
122
188
88
17
189
14
123
119
113
132
114
128
118
122
123
106
107
151
161
57
32
40
46
126
184
109
102
94
103
190
90
134
143
133
25
113
36
18
23
25
163
109
105
108
103
109
103
108
110
107
22
111
19
110
107
125
106
115
56
112
10
13
95
72
134
86
135
119
135
171
187
134
12
52
150
71
119
158
88
158
120
117
48
11
46
100
