24
18
42
9
16
45
43
18
28
16
24
13
11
21
18
28
22
15
18
10
19
21
18
12
11
10
26
14
9
32
19
17
17
13
19
21
25
15
20
25
19
27
22
47
10
10
10
19
9
19
13
18
20
10
30
13
12
22
21
13
11
9
15
9
30
13
10
8
8
27
25
27
9
9
9
20
9
14
14
22
18
9
12
8
9
11
10
9
10
15
9
10
10
18
11
10
14
16
10
11
8
8
12
9
8
12
30
15
9
12
28
9
9
10
10
9
10
17
10
13
13
9
10
16
11
12
20
16
12
10
15
17
13
8
12
12
8
9
10
12
8
25
10
15
19
10
9
13
16
16
13
9
10
13
9
16
13
14
8
10
10
15
13
10
9
13
14
9
11
9
10
12
11
8
9
15
15
13
18
9
10
13
14
9
9
12
14
14
16
11
10
11
8
9
9
8
13
12
10
8
11
23
13
15
8
8
8
12
13
9
12
9
13
12
13
7
9
12
8
11
11
9
10
12
14
9
9
9
10
9
11
7
9
8
10
16
9
8
11
8
9
14
10
11
9
8
21
12
8
9
9
15
9
8
11
10
8
13
11
11
8
13
9
12
15
16
9
10
9
8
8
10
9
8
9
10
10
12
14
10
9
10
8
9
8
10
12
9
8
17
8
9
9
15
8
9
9
10
11
11
9
8
7
10
9
10
8
9
12
11
12
23
10
10
9
10
10
15
8
9
8
10
8
9
10
9
9
9
17
10
10
9
8
8
7
8
8
8
9
8
8
11
9
9
8
9
9
10
8
7
11
15
8
10
9
10
9
8
9
8
9
10
10
9
9
9
10
9
16
9
8
9
10
11
9
11
10
9
10
8
9
9
9
8
9
16
9
9
8
19
21
24
9
8
8
9
8
7
8
11
11
9
8
16
8
7
10
10
8
10
10
15
9
21
9
10
8
8
10
8
9
9
9
10
9
23
9
10
9
9
9
8
8
15
15
8
9
9
19
9
23
8
20
8
10
11
7
8
9
9
7
26
9
18
9
9
14
10
10
8
11
8
11
9
7
11
8
7
8
23
8
11
7
12
8
14
7
11
20
9
10
11
9
9
9
8
8
9
9
9
8
23
8
9
8
9
8
9
10
11
19
9
9
9
8
8
10
9
9
9
11
8
11
11
10
8
8
9
8
9
7
9
8
8
11
8
24
9
9
8
8
8
8
9
8
12
8
10
7
10
8
8
9
9
7
10
9
8
8
8
7
8
7
8
8
8
10
12
8
8
7
8
10
9
8
10
9
9
11
8
12
7
9
9
9
12
8
12
9
8
9
9
25
10
11
9
7
8
7
18
11
11
8
8
9
9
8
9
8
10
11
9
8
8
7
8
11
9
7
25
8
8
17
7
10
11
9
9
9
8
8
9
10
8
9
8
9
9
9
7
10
9
8
9
11
8
9
8
10
7
8
8
9
7
8
12
8
9
9
9
8
8
7
8
10
9
8
10
9
8
10
9
10
7
7
10
9
50
32
30
27
29
18
17
18
20
31
9
20
18
19
10
11
22
16
10
9
50
19
9
16
25
9
20
27
9
15
17
24
18
54
18
63
20
25
17
23
23
10
12
19
10
25
27
22
21
22
11
22
25
22
19
19
23
24
25
25
34
23
18
38
9
83
22
24
20
23
24
66
29
26
38
9
42
24
17
57
14
70
36
17
71
29
21
40
10
48
9
14
17
17
16
10
24
32
16
31
14
18
48
18
9
17
19
37
40
26
28
24
18
28
16
53
13
30
14
44
26
43
17
60
41
37
27
25
10
24
22
49
16
16
15
18
34
29
29
32
26
8
18
24
38
9
14
41
28
9
33
36
29
26
15
27
9
55
57
8
9
67
11
43
34
65
9
20
13
13
29
7
21
8
75
27
40
14
43
14
26
37
57
31
14
18
48
15
25
10
34
82
43
34
31
10
36
30
20
61
11
20
11
17
17
17
38
14
36
21
65
43
28
41
9
44
19
9
43
26
33
29
31
77
15
44
16
9
11
28
36
18
73
29
37
8
16
17
12
7
7
45
38
8
54
28
40
34
25
58
9
9
34
20
10
7
12
53
13
19
15
21
31
10
18
58
19
21
17
19
43
13
20
57
25
42
17
37
22
24
26
52
28
16
30
32
9
59
66
37
19
40
8
15
42
41
52
8
10
14
51
20
40
19
39
8
18
9
19
39
25
35
39
23
18
23
17
33
20
19
10
20
32
22
22
25
24
8
8
48
26
8
19
