40
40
28
69
19
29
21
14
20
26
15
14
13
34
11
54
14
20
13
23
10
33
15
13
18
29
31
18
11
14
17
17
43
20
17
17
21
21
17
11
12
27
39
14
24
10
39
58
37
81
29
26
52
11
10
29
30
85
19
13
32
12
114
93
75
22
22
27
92
27
63
17
62
153
62
13
29
132
34
13
45
32
36
18
90
67
73
44
112
70
47
18
109
25
85
37
15
49
36
38
33
119
22
149
108
176
85
77
164
369
157
176
125
86
17
62
98
27
33
58
63
65
26
57
248
93
32
120
64
120
180
30
168
128
93
324
46
184
222
262
45
162
253
242
356
279
19
65
146
14
237
85
52
210
189
122
202
55
33
89
139
336
220
252
69
353
294
276
98
89
102
337
493
130
86
321
151
64
166
360
56
112
204
209
58
35
48
53
28
32
23
31
30
165
23
17
53
18
37
24
143
87
115
101
89
165
99
150
69
210
181
175
152
83
41
226
60
166
23
74
165
154
146
119
130
14
32
27
124
41
144
39
41
43
27
157
115
116
128
128
111
123
170
63
26
94
15
15
29
19
112
110
73
135
30
40
46
19
143
54
90
48
73
128
18
228
24
13
89
23
51
257
96
68
20
12
205
184
13
62
129
191
161
17
11
110
74
21
99
104
104
64
250
94
124
87
68
107
35
62
221
32
132
34
146
451
12
18
182
178
41
12
61
45
21
103
403
123
40
181
112
59
34
34
32
105
114
99
113
124
133
364
132
95
25
89
84
97
36
55
86
90
148
195
17
36
122
100
114
132
39
60
58
49
32
111
11
41
33
32
114
42
28
34
18
121
110
217
70
94
77
159
290
35
121
193
112
134
84
41
279
135
47
160
13
39
215
184
179
102
108
42
138
97
89
41
67
89
192
229
11
31
10
247
144
96
57
78
66
68
103
223
32
48
146
202
129
134
71
15
138
188
150
12
59
69
96
118
77
146
64
170
220
41
67
140
134
44
66
138
47
142
132
46
172
232
74
336
255
21
17
76
40
186
202
138
125
127
104
163
121
141
94
231
129
53
66
84
62
162
50
139
99
21
55
107
237
184
42
67
122
40
136
123
175
30
346
99
14
133
174
79
170
415
280
121
147
80
138
500
64
500
224
125
71
138
123
219
78
18
50
36
47
230
15
122
132
31
239
40
47
437
398
102
26
114
68
20
20
115
25
15
111
176
157
58
59
28
109
111
107
123
98
42
106
33
50
200
104
111
43
130
104
39
116
109
120
114
51
98
156
115
268
106
124
121
93
149
48
281
98
109
35
111
108
28
96
35
17
53
19
113
99
20
15
100
96
30
109
105
93
97
100
105
101
23
111
113
17
129
114
23
98
284
187
29
14
25
123
86
50
25
83
140
94
70
120
139
122
32
41
106
174
137
107
103
113
116
102
118
99
133
106
50
64
11
23
18
28
10
58
116
74
105
63
190
168
166
182
126
200
16
12
376
10
116
148
183
156
122
114
159
148
115
122
25
24
27
32
18
168
121
161
99
109
105
116
103
90
136
191
126
79
120
84
102
114
75
105
108
116
81
101
110
19
12
104
107
104
117
114
131
99
75
115
117
159
44
25
260
143
145
61
179
299
77
147
33
41
46
52
45
71
31
106
94
223
90
50
173
236
203
127
13
146
158
158
161
398
158
125
22
168
148
180
279
126
25
115
305
12
115
134
146
102
103
104
115
32
141
107
282
135
123
121
125
149
128
130
71
72
79
86
108
11
24
500
196
500
17
111
24
108
12
102
118
110
56
164
86
155
33
105
109
105
105
17
10
114
341
119
127
26
118
112
112
26
23
10
11
23
29
58
34
12
16
117
18
105
153
500
113
84
37
175
103
34
133
124
162
100
108
93
121
32
111
113
174
43
138
153
110
176
166
112
99
110
69
59
142
144
98
126
405
125
55
16
37
167
172
57
13
57
239
216
89
68
174
144
218
18
166
158
247
193
100
86
179
146
167
156
188
210
51
52
46
15
36
261
304
469
150
138
165
247
41
200
83
144
234
91
29
152
131
163
60
22
46
33
169
112
144
271
151
139
124
85
148
46
109
9
36
31
128
139
158
160
129
152
186
32
134
131
121
138
128
35
175
10
117
213
322
100
179
112
100
169
139
134
223
165
17
12
134
165
156
110
120
119
15
132
149
15
13
129
133
115
117
100
154
105
133
130
153
136
188
124
137
112
117
27
10
29
131
152
189
137
134
121
108
66
160
115
128
124
117
159
119
124
105
