34
19
22
32
22
15
17
26
46
10
13
28
11
10
22
15
20
21
14
12
17
18
15
20
29
11
10
26
12
12
22
34
10
13
15
9
12
14
37
23
26
11
23
15
9
41
12
27
33
16
14
13
31
11
31
147
63
19
42
29
13
57
21
16
25
80
52
72
27
45
72
39
136
23
26
13
62
50
216
30
81
26
28
46
52
17
39
13
126
68
40
44
171
86
33
100
141
60
75
67
24
119
64
68
183
134
134
24
72
22
183
139
174
120
190
57
134
52
68
123
153
122
131
12
72
118
27
152
35
209
14
84
70
121
125
198
64
148
114
120
254
91
343
20
118
228
192
289
74
21
106
196
36
187
43
16
186
148
109
182
85
190
99
206
158
201
236
58
77
138
219
140
201
65
103
184
214
280
165
173
156
184
101
184
188
195
297
216
240
101
14
229
86
173
184
236
214
206
185
283
254
145
221
257
222
289
193
213
27
33
102
164
229
188
15
123
13
188
207
202
222
32
183
14
180
162
221
187
191
220
185
57
194
108
152
174
214
258
61
188
218
213
183
251
159
24
95
164
11
11
68
65
27
70
208
281
69
160
35
101
23
206
203
22
54
16
140
200
75
253
144
233
192
113
111
70
158
219
198
262
112
25
191
199
218
143
207
179
57
111
292
79
134
300
31
124
229
109
253
49
172
274
27
179
146
90
109
119
148
201
120
40
163
34
134
85
78
27
51
14
74
197
245
210
226
140
76
215
170
123
83
24
225
205
63
238
189
68
67
72
51
252
464
66
57
212
154
28
24
257
327
199
127
280
321
165
199
49
77
499
102
19
82
126
56
20
201
80
35
81
476
125
133
52
231
107
84
108
11
63
143
46
29
215
149
95
109
151
40
397
192
123
27
208
49
415
105
52
15
254
161
130
43
299
268
16
157
79
240
499
292
297
351
144
194
85
147
212
49
180
83
245
107
262
385
158
109
194
294
53
274
499
157
165
27
72
84
56
315
127
15
264
143
71
64
94
107
139
103
96
136
155
124
245
228
57
106
191
110
184
232
23
96
125
114
115
32
126
101
65
100
145
77
68
133
225
70
84
91
46
63
74
162
223
24
10
125
74
116
147
35
16
129
271
12
130
62
195
115
283
139
55
132
101
92
140
48
80
160
317
97
170
80
144
85
66
154
190
21
266
238
94
41
18
160
323
45
249
48
40
261
499
106
94
155
118
158
113
123
108
159
170
95
63
150
155
66
144
60
158
175
155
97
54
410
96
98
33
93
124
79
355
32
62
116
309
142
482
103
47
100
104
84
332
185
124
113
140
155
134
200
448
114
148
128
110
178
137
118
92
92
312
95
351
108
42
143
176
9
214
112
16
138
241
290
136
52
105
107
157
140
212
217
107
283
39
20
36
102
92
93
141
131
186
442
106
289
270
25
163
211
177
170
73
188
132
98
298
333
25
111
253
244
123
109
291
276
200
393
293
97
102
260
180
162
399
170
78
128
105
41
119
95
62
153
184
48
171
140
131
16
145
131
84
142
116
106
17
97
143
131
102
59
101
80
99
102
137
103
141
251
187
148
86
232
187
60
133
103
78
70
64
125
174
37
150
219
335
139
323
93
126
101
49
60
98
169
208
12
131
63
89
174
301
186
160
96
93
94
118
57
60
139
191
159
135
105
192
109
56
438
116
158
122
49
124
155
156
47
35
134
128
26
19
126
85
269
115
26
249
154
303
140
99
134
115
150
144
162
108
126
144
300
48
194
132
120
143
164
19
291
104
147
105
70
80
121
166
105
166
111
136
129
130
132
153
38
121
52
130
89
171
101
99
105
146
167
108
128
166
52
126
112
117
97
138
98
111
210
124
68
291
104
108
214
117
165
181
178
108
119
222
143
139
46
147
45
101
126
258
129
39
26
45
107
145
65
129
152
130
239
190
136
103
390
137
134
103
223
195
151
107
56
141
122
53
143
42
111
23
123
135
79
144
179
136
90
118
47
165
120
124
120
44
95
98
121
152
37
182
213
65
109
67
129
122
105
99
144
191
149
155
105
103
128
153
104
129
113
384
56
55
139
118
32
167
286
121
113
103
10
125
105
110
316
67
66
154
41
246
166
71
166
50
105
98
69
33
98
111
99
114
152
157
146
158
141
127
123
42
99
45
121
150
128
114
106
363
118
161
119
109
119
37
107
105
98
121
150
107
134
27
105
125
89
116
108
106
115
91
115
110
160
169
71
108
135
101
135
128
101
117
110
138
108
170
116
129
97
219
