26
13
58
23
39
17
14
14
18
48
30
10
37
17
36
19
13
17
11
17
27
21
25
20
12
12
16
20
20
18
14
15
16
14
29
12
20
13
18
20
43
13
23
18
20
18
12
12
18
88
26
41
56
66
53
20
13
13
32
129
55
78
46
18
118
61
11
52
16
18
46
22
51
23
38
41
18
34
82
75
33
85
15
30
72
40
27
87
44
80
21
113
128
76
11
65
47
113
34
42
129
32
67
64
67
131
126
45
22
86
88
122
39
130
33
100
101
46
149
18
205
147
68
87
20
101
108
70
57
24
124
54
78
82
89
139
207
157
153
198
176
198
114
20
102
40
189
185
157
171
90
31
75
113
260
56
238
127
283
133
223
172
183
53
245
107
17
177
187
184
237
137
372
273
342
114
197
215
350
351
123
229
135
262
313
261
131
215
190
249
285
291
264
263
207
210
19
190
235
276
68
199
253
219
98
212
179
215
175
126
326
250
70
221
285
178
132
238
206
254
371
218
149
111
220
197
259
241
240
217
164
268
214
250
301
247
225
285
221
271
259
242
245
35
248
254
212
217
211
180
196
220
201
232
237
190
210
353
173
212
293
176
178
135
197
461
215
203
226
277
233
273
192
203
161
113
297
148
219
115
263
240
162
166
312
214
156
210
240
173
225
226
78
182
249
167
327
215
153
192
201
281
246
234
203
201
156
226
160
163
148
181
106
216
174
213
122
161
140
186
194
248
226
133
233
95
277
261
149
221
90
184
181
242
284
256
190
267
252
227
198
164
185
215
174
292
243
223
304
233
158
180
189
176
184
191
179
253
211
195
221
208
232
191
179
278
223
249
165
202
191
190
205
251
210
290
222
345
182
168
196
263
211
243
334
231
309
189
215
202
231
203
263
207
230
165
241
327
166
221
208
214
351
157
230
139
294
187
189
165
212
149
242
150
145
140
226
285
246
280
219
245
311
257
206
385
285
386
435
199
222
183
314
343
233
244
221
208
226
233
198
295
363
361
259
329
223
278
240
282
280
291
304
254
257
354
251
350
11
318
208
110
157
137
225
138
260
158
218
159
243
237
201
209
27
197
297
268
120
275
337
265
272
275
342
284
295
285
197
298
307
273
264
293
225
202
165
279
290
329
345
257
248
219
302
274
250
301
255
465
262
409
500
214
173
330
329
349
329
280
172
308
277
216
191
251
240
62
59
25
388
297
273
290
218
354
20
292
270
305
118
290
436
178
281
256
191
221
239
283
316
282
253
235
237
476
259
165
283
387
214
278
328
215
326
390
282
292
282
486
342
201
305
92
210
365
242
328
187
224
218
159
175
277
292
342
331
405
312
275
307
215
410
271
320
500
475
252
418
194
399
500
77
232
448
280
261
422
295
500
337
207
420
299
243
265
334
198
209
500
259
188
247
161
201
195
189
193
248
161
146
179
157
248
166
110
142
195
163
146
207
159
161
136
125
159
170
151
199
189
157
33
131
174
68
189
146
185
268
153
214
217
235
171
259
287
238
177
174
209
380
283
462
382
264
205
331
194
129
197
279
261
208
225
185
280
188
202
233
293
258
266
226
292
225
183
217
336
283
287
233
182
331
299
301
153
185
259
160
208
296
246
364
123
500
191
190
172
159
194
174
419
129
170
259
265
337
164
213
161
220
213
161
160
144
270
178
182
187
175
19
175
232
203
173
211
170
195
283
199
158
144
320
184
127
158
194
144
151
307
296
50
185
223
133
22
62
65
500
203
216
249
390
344
227
122
256
500
433
213
280
93
226
266
411
282
237
202
345
500
500
251
217
263
218
273
264
336
133
278
311
278
201
378
206
286
307
288
329
254
471
315
224
176
92
190
136
285
167
174
175
160
160
115
145
250
168
166
181
293
147
156
61
220
256
133
144
138
313
166
277
226
209
20
196
304
67
236
161
162
116
119
186
290
194
190
201
158
190
165
205
221
170
173
285
158
182
138
180
264
190
157
216
232
330
216
256
192
283
314
199
164
229
170
248
192
358
141
153
200
477
290
167
178
190
194
392
173
209
167
136
133
139
175
158
170
67
45
188
224
218
153
139
212
137
126
158
276
174
204
278
302
142
172
88
343
200
138
266
138
200
449
271
500
174
241
463
271
220
138
123
186
171
105
174
455
152
160
280
135
163
187
118
169
179
373
275
115
165
178
185
165
276
188
482
195
330
215
420
192
172
186
180
294
158
197
380
311
175
252
172
204
148
189
200
165
187
191
181
200
275
187
230
284
263
352
451
216
383
219
