22
12
16
28
21
46
31
11
38
33
14
27
43
27
9
90
14
18
20
12
20
12
13
22
25
17
14
12
10
12
22
15
26
23
16
18
29
28
17
36
19
25
15
13
12
11
15
17
28
18
16
27
14
20
9
8
55
14
33
26
8
32
79
53
14
80
21
21
73
64
47
63
13
85
17
16
19
25
18
15
32
17
73
45
68
40
29
106
16
62
42
25
23
54
10
38
44
33
28
49
49
22
76
64
40
66
93
11
110
73
86
17
55
54
107
59
139
144
77
92
113
210
115
123
119
168
166
32
188
34
46
187
122
17
21
27
144
44
107
71
85
58
365
15
151
17
150
228
181
208
224
272
173
266
217
142
47
217
244
177
18
229
187
247
95
305
211
161
447
45
45
229
268
92
338
304
21
82
213
268
369
298
162
152
233
323
142
327
192
330
160
403
252
217
201
114
133
309
377
332
332
263
410
358
178
250
224
210
86
341
326
353
300
284
225
233
282
291
203
499
56
216
305
407
304
51
381
270
174
318
317
286
16
315
497
182
289
380
499
366
271
87
163
297
317
261
236
305
375
243
499
372
303
447
186
235
321
274
240
321
346
245
232
453
371
450
434
313
270
346
270
266
299
237
367
221
265
303
466
277
58
204
292
292
61
250
413
233
298
392
267
440
357
461
269
314
326
248
294
395
393
291
298
367
406
282
475
266
399
230
269
415
272
272
301
400
388
64
367
346
269
272
427
366
248
499
258
472
257
328
222
459
225
310
279
340
236
321
279
256
310
261
314
386
255
314
344
431
262
313
245
295
307
393
246
323
322
289
363
311
355
499
262
270
215
311
370
308
329
328
330
260
317
298
316
455
242
278
261
300
325
361
447
499
272
346
348
294
312
323
366
297
370
324
297
371
414
250
264
315
319
372
326
475
351
314
304
258
253
250
332
499
264
348
295
272
337
303
400
276
332
271
256
302
264
388
296
255
323
305
413
370
250
381
406
281
284
290
406
281
304
338
338
432
313
300
412
249
411
318
260
499
311
355
375
499
499
250
358
261
255
284
362
298
499
387
340
248
499
256
261
298
393
320
420
275
401
425
349
329
332
273
334
245
290
389
304
296
348
345
343
352
305
298
409
268
275
271
293
362
367
316
466
413
387
438
334
222
251
260
417
253
254
262
246
432
296
319
329
480
251
265
340
234
240
193
270
397
226
272
242
315
318
361
308
336
257
233
232
248
289
362
289
261
237
225
254
272
195
229
296
335
344
233
243
239
256
322
409
187
353
240
261
254
202
274
23
220
234
327
336
499
443
208
222
270
270
233
247
321
168
223
187
297
276
265
261
359
187
385
247
187
259
219
142
188
215
417
327
265
34
19
240
238
341
366
173
38
206
263
234
309
255
197
182
238
245
227
269
363
375
207
235
268
185
499
251
271
210
248
277
237
470
340
247
499
285
27
211
133
282
229
391
274
183
198
317
285
238
244
285
284
111
331
12
16
134
78
202
209
230
64
183
359
228
401
238
123
226
207
224
242
147
341
452
211
216
276
241
331
351
210
265
359
225
206
170
188
117
449
192
264
189
288
232
231
148
225
244
229
199
205
152
216
211
290
55
252
320
274
155
279
258
278
377
208
423
472
499
253
180
206
137
144
250
167
136
153
206
163
499
252
289
248
239
428
291
350
469
147
249
246
253
17
195
208
280
251
133
320
334
277
222
202
258
193
323
215
207
162
199
315
225
390
243
275
493
249
230
241
271
241
321
245
274
367
207
272
286
133
221
192
233
182
165
211
157
203
230
364
211
251
374
445
254
499
264
407
184
332
191
224
257
201
345
309
178
192
312
257
443
95
318
220
436
406
351
282
304
172
267
215
334
216
294
208
278
262
224
365
376
302
321
325
305
203
206
321
316
370
353
278
244
499
98
457
207
275
370
36
34
83
252
311
379
41
227
499
261
226
367
306
252
299
283
405
422
428
171
328
419
95
159
291
287
287
417
245
303
256
415
244
244
251
216
353
21
499
457
386
315
263
344
219
47
134
215
238
176
295
285
287
94
368
268
209
334
338
66
278
82
216
236
261
463
460
455
206
443
456
133
376
209
250
247
255
85
208
260
389
273
346
222
251
183
245
185
346
38
400
304
204
197
41
102
270
341
242
188
234
173
276
354
281
279
406
43
382
335
43
146
347
55
219
170
88
138
247
59
338
182
442
249
236
327
134
143
191
243
398
237
86
233
303
308
175
394
499
370
288
265
290
264
71
329
241
282
137
29
203
