32
30
20
19
18
33
17
46
13
21
17
23
24
38
21
15
14
39
15
13
16
22
25
17
8
24
11
19
20
18
16
11
10
12
14
29
15
19
15
9
15
19
17
42
31
12
50
12
13
17
38
17
14
13
13
17
13
25
14
11
19
14
10
60
21
36
19
18
33
9
12
10
18
15
9
14
37
15
13
9
11
12
9
14
9
9
12
9
11
15
20
9
13
12
12
22
15
9
11
24
9
18
12
35
14
13
16
9
13
9
16
16
9
8
10
12
11
24
8
12
20
17
14
19
48
25
9
15
12
10
12
15
14
11
8
12
22
10
14
12
15
22
15
11
9
14
12
10
15
11
15
9
13
16
11
10
15
9
18
22
19
11
10
16
12
12
27
13
11
11
13
8
11
10
11
12
20
12
16
13
11
12
9
15
11
10
12
8
16
9
11
11
11
12
9
11
11
9
9
12
13
11
9
13
10
11
12
10
16
12
10
11
13
10
15
10
10
11
13
10
13
11
11
9
9
12
20
10
11
12
11
11
12
11
10
11
12
17
12
13
14
11
9
9
12
9
9
11
11
9
14
14
12
10
10
11
17
10
10
9
12
10
10
10
9
13
9
15
11
9
13
8
10
10
10
9
12
13
12
9
11
12
106
37
32
30
37
33
40
37
35
41
48
92
42
36
99
30
25
46
42
81
82
27
39
39
47
29
43
75
32
37
25
49
38
36
21
33
29
25
26
29
43
22
24
38
29
46
33
45
33
37
35
34
31
39
26
23
32
41
31
32
32
24
21
37
26
26
22
19
27
26
24
26
21
45
83
23
96
132
27
100
19
113
84
35
24
81
44
76
66
27
23
28
28
23
27
20
26
22
20
20
21
24
19
17
23
16
17
23
17
17
20
19
16
15
19
19
14
23
17
21
20
17
16
17
18
19
16
14
15
20
19
16
18
21
18
23
22
13
14
20
14
16
15
26
17
17
16
19
15
14
16
13
21
20
14
17
16
17
18
15
15
16
12
15
16
13
13
15
14
15
16
18
13
14
14
14
15
14
13
16
14
12
11
13
15
15
13
15
15
20
14
15
17
15
14
12
13
14
31
15
18
17
16
17
13
15
16
16
13
14
13
12
19
14
16
12
22
13
15
16
15
15
17
18
17
15
18
16
16
13
15
13
16
17
15
14
17
16
15
15
16
14
14
13
18
14
19
18
13
15
15
17
17
16
16
16
19
16
16
18
14
16
14
17
13
19
17
12
18
17
17
20
18
15
14
21
23
15
18
14
18
12
18
14
18
14
15
15
16
16
15
13
16
20
22
15
17
17
14
14
18
32
13
14
14
19
16
16
27
16
14
16
13
14
16
15
18
14
14
13
31
16
16
18
16
13
14
12
16
13
13
13
13
14
13
13
14
10
12
15
12
11
10
13
13
13
14
12
12
11
12
13
11
23
12
12
11
10
10
11
17
11
12
11
10
10
12
10
13
12
11
12
11
9
12
14
12
13
10
11
12
11
12
13
12
10
12
12
11
9
12
11
14
12
12
14
11
11
10
12
12
10
16
13
10
11
20
11
10
10
12
9
10
13
11
10
10
27
10
10
9
9
9
10
28
14
9
9
16
10
11
12
25
10
33
10
12
15
11
11
12
12
11
12
12
24
12
14
9
10
11
29
15
18
26
17
13
20
39
10
10
11
25
9
12
13
25
26
13
21
13
16
13
22
28
58
39
12
26
11
11
29
29
21
18
10
36
14
22
14
12
18
15
12
14
11
12
9
29
27
13
12
39
79
12
18
10
18
31
9
13
34
18
14
15
11
31
65
32
51
33
42
44
16
53
60
14
26
15
11
29
12
27
30
12
23
31
10
23
66
30
13
16
46
10
25
35
25
40
31
12
23
24
32
13
40
27
30
10
10
18
43
38
16
10
11
83
10
41
23
29
25
22
10
26
29
12
40
16
19
75
10
11
11
15
9
22
10
73
36
12
29
26
12
22
24
41
51
21
11
27
12
71
12
18
13
15
17
26
12
12
11
28
23
29
35
50
10
19
11
31
11
55
11
50
35
10
16
44
10
39
28
11
8
21
11
17
10
20
38
11
9
12
16
58
13
22
32
10
12
9
10
76
9
18
29
25
53
28
21
20
49
14
28
26
14
12
9
48
11
18
13
24
23
65
10
22
26
18
56
45
29
27
29
36
21
24
18
27
14
27
10
22
26
10
25
9
14
23
22
14
75
26
20
16
35
20
26
43
20
19
22
16
42
35
22
31
38
