31
20
11
24
19
60
14
10
23
18
55
18
14
17
30
38
14
14
22
13
15
25
19
12
18
25
19
13
15
22
13
18
21
13
18
15
15
12
14
11
14
37
36
11
17
19
20
12
11
16
18
14
25
21
17
9
11
15
17
14
15
15
13
20
24
23
11
12
19
34
14
50
15
9
77
63
40
93
73
25
43
48
12
19
18
35
53
62
19
50
29
24
19
26
81
51
28
39
61
35
29
59
42
34
58
30
20
25
26
33
46
33
129
106
104
89
94
119
145
71
109
27
78
139
144
66
46
82
112
112
111
123
84
78
272
113
207
159
211
113
95
43
64
74
101
109
119
33
111
54
28
22
88
16
198
34
80
112
152
157
77
19
123
171
189
63
167
129
279
191
201
154
198
130
47
266
239
290
212
292
45
65
229
469
196
156
183
57
271
279
205
486
179
365
123
374
500
19
33
32
17
87
164
204
42
192
191
269
217
307
340
269
175
369
92
217
223
178
43
173
71
43
148
142
176
51
190
192
168
174
171
180
180
150
166
165
30
29
137
178
172
253
283
88
189
37
17
224
234
226
219
250
307
339
500
254
149
11
476
150
123
500
111
500
43
178
500
500
78
58
500
500
69
267
143
257
154
269
300
334
137
285
216
269
199
179
183
198
184
246
142
167
33
161
182
156
201
500
62
52
190
286
281
85
99
174
221
183
175
162
162
500
241
46
107
92
117
233
146
141
150
500
500
500
13
12
10
10
11
15
13
13
11
11
11
13
12
14
14
13
16
13
37
12
14
12
13
48
15
43
15
15
38
35
15
43
35
41
36
43
35
12
36
44
33
36
14
32
39
31
31
35
95
38
101
118
146
133
133
139
140
139
136
159
150
140
157
181
164
199
166
175
199
195
191
189
150
213
220
189
210
222
252
257
260
262
296
198
294
291
333
335
403
434
417
500
500
443
295
327
10
38
459
465
382
500
30
500
31
85
500
500
253
30
388
475
395
332
283
317
281
283
349
294
214
287
223
189
239
375
286
500
500
500
500
98
42
25
500
500
500
500
500
277
88
369
124
500
500
500
209
160
144
170
155
135
143
140
129
151
143
141
153
151
166
184
167
500
500
211
167
167
159
141
137
116
143
144
143
135
130
128
138
132
128
10
10
12
141
138
137
140
138
133
113
136
113
122
125
131
126
121
121
127
117
131
126
122
115
106
105
121
104
109
103
112
109
160
125
296
155
114
137
376
157
415
139
152
138
182
160
176
77
144
44
34
137
276
180
277
183
144
148
155
140
164
136
500
500
500
276
118
133
139
126
118
124
164
141
138
137
145
133
130
140
166
155
143
135
173
126
145
133
128
169
128
132
146
167
316
144
155
500
495
137
136
388
140
167
108
55
97
35
42
29
253
500
363
207
241
200
139
438
500
130
193
263
184
273
206
144
500
473
404
362
152
363
145
434
110
118
136
130
142
138
139
126
130
119
118
116
114
116
114
107
124
105
114
105
110
107
110
108
102
102
100
103
33
101
98
98
106
102
101
91
104
98
23
105
103
95
107
102
100
102
107
100
107
105
104
103
99
99
105
97
63
113
126
124
139
134
125
129
142
151
140
152
145
158
151
140
145
142
147
144
132
116
115
111
108
109
125
112
128
115
121
122
117
108
122
132
115
116
123
116
117
120
105
111
118
106
125
117
115
112
119
112
116
52
137
141
135
500
47
187
130
135
84
136
135
125
109
117
116
102
113
122
120
125
150
147
159
231
500
171
204
136
157
448
170
157
193
235
166
381
211
124
121
140
414
148
154
191
160
233
132
149
132
188
127
128
133
12
114
10
30
12
17
29
36
37
40
124
140
138
152
140
133
121
137
130
125
134
125
126
155
129
140
131
159
164
115
159
126
119
131
140
133
124
138
125
133
184
257
169
129
134
123
132
118
138
175
149
120
131
109
119
121
71
135
204
151
148
215
162
315
134
118
242
103
153
119
115
144
115
107
11
33
100
131
110
139
143
107
108
134
114
109
115
124
137
120
121
131
115
100
104
131
152
144
178
162
137
297
134
311
116
99
119
128
106
132
113
97
52
54
114
96
96
111
101
122
102
100
105
105
106
103
79
85
202
139
164
283
122
109
104
77
124
114
154
161
130
130
161
119
162
163
205
237
185
160
309
118
162
146
187
175
98
161
136
234
129
141
158
169
202
181
156
152
216
233
138
16
10
65
9
11
10
12
110
102
103
121
114
114
111
115
115
131
147
131
132
147
205
277
161
157
163
148
