30
22
24
15
11
13
20
16
29
37
25
12
11
25
12
21
12
61
19
32
13
21
20
11
23
23
13
19
39
54
18
15
14
19
10
18
22
13
21
9
21
11
15
35
28
53
59
36
22
20
36
19
15
20
33
58
16
16
12
23
18
30
29
20
12
23
29
11
28
95
86
28
50
32
54
46
12
34
16
27
23
38
65
57
54
49
35
69
36
22
28
60
8
20
40
71
47
55
39
40
102
23
155
26
59
15
78
126
45
31
32
17
50
45
14
277
12
127
22
63
25
209
112
94
35
100
153
111
107
92
234
86
19
65
145
125
49
80
155
174
84
101
159
180
288
42
224
252
236
114
84
78
213
187
200
206
103
35
160
126
499
227
64
20
68
243
41
90
223
429
287
101
250
222
196
307
428
112
321
357
138
304
44
17
222
267
247
221
305
199
227
334
257
488
282
226
181
163
280
272
267
219
288
362
313
242
16
94
347
274
255
296
216
164
15
97
41
225
162
188
167
187
202
261
188
148
281
217
182
193
191
233
15
228
227
499
329
70
68
57
71
120
145
167
176
146
184
181
153
167
150
145
165
175
165
85
167
146
113
12
158
178
164
188
157
149
160
186
150
149
128
172
176
170
178
188
205
183
169
229
250
71
36
33
190
10
175
196
158
195
173
194
192
168
148
161
287
173
155
141
241
192
19
66
77
190
193
228
294
381
236
301
499
499
303
367
238
359
223
152
145
152
149
37
221
108
329
277
291
298
210
237
221
219
207
365
237
125
168
82
210
203
212
283
124
238
233
271
310
245
262
188
221
185
179
36
193
204
340
194
459
309
234
145
321
137
311
174
146
208
281
281
367
61
321
258
263
224
331
201
222
205
303
244
300
499
223
255
186
255
189
184
178
183
460
182
262
193
356
304
248
110
106
271
330
353
221
265
136
273
330
181
187
195
197
190
176
165
159
182
161
164
184
171
107
133
85
301
499
367
358
208
114
363
300
386
274
267
242
247
244
219
225
199
223
12
29
29
174
226
260
235
247
261
238
274
299
277
249
235
249
196
217
214
240
192
291
28
10
25
51
246
401
261
264
269
214
245
255
236
221
319
353
268
275
287
337
252
74
49
89
293
299
363
294
321
306
278
436
367
401
390
319
345
335
317
309
253
80
17
320
278
288
304
297
231
202
31
210
133
182
168
169
169
167
165
162
166
167
163
162
160
203
164
164
161
169
161
156
24
154
167
171
146
191
78
186
177
168
163
146
173
152
152
162
159
138
160
152
165
176
179
158
168
169
151
158
157
154
160
134
137
150
172
71
154
132
143
162
12
11
169
166
151
153
148
157
143
146
152
127
137
142
146
138
151
143
156
139
145
143
137
131
139
146
155
143
144
145
142
168
151
139
131
133
130
142
134
32
129
137
165
185
176
156
167
201
190
181
126
70
153
151
148
150
140
144
114
117
75
12
187
425
209
188
222
175
157
177
161
161
146
161
150
206
182
213
207
165
142
169
204
188
177
172
240
197
186
42
32
14
11
209
198
173
278
313
260
263
208
224
209
316
249
303
221
211
217
249
360
192
139
153
160
149
204
190
132
132
144
189
161
244
140
69
137
45
136
184
10
11
196
258
383
191
187
266
182
240
249
206
187
195
266
251
210
221
65
17
164
175
206
118
206
175
172
158
169
168
180
159
157
150
159
162
139
133
155
147
161
152
157
186
220
227
194
248
97
169
12
187
184
221
188
170
135
137
164
11
188
143
315
225
222
175
182
152
181
147
120
114
116
128
135
136
123
25
23
173
169
167
156
143
136
120
133
120
140
116
129
144
117
136
120
119
86
135
187
177
128
137
139
125
136
131
143
146
179
155
168
99
109
165
158
153
162
157
139
35
134
224
217
213
266
97
185
295
112
162
175
183
153
162
244
211
170
186
168
173
69
12
121
175
80
203
237
258
277
140
123
166
308
223
178
227
200
376
190
144
138
198
18
148
20
36
12
145
246
442
331
229
221
207
175
240
180
176
161
281
227
183
184
140
142
142
146
144
124
125
123
130
127
16
8
13
44
268
241
140
196
158
135
158
174
149
151
149
135
151
127
142
150
141
120
134
127
128
130
144
132
161
138
175
126
124
123
138
126
132
118
122
141
157
163
210
238
321
232
180
20
178
261
29
266
499
219
499
499
499
295
321
214
189
177
250
206
228
204
219
162
196
144
157
202
165
198
164
168
165
158
201
211
240
175
262
222
292
489
106
127
141
281
347
402
499
216
499
107
64
27
