30
24
16
18
17
12
9
18
20
46
37
17
20
15
15
11
9
23
9
10
20
16
46
20
30
27
19
10
14
17
17
21
9
22
10
33
31
23
15
24
15
17
16
8
14
16
39
12
16
13
14
23
29
14
32
78
69
58
26
18
10
11
10
22
10
39
43
60
43
26
28
63
69
30
13
15
58
37
21
41
43
81
47
27
28
21
119
26
27
37
35
37
55
22
14
24
11
19
44
29
61
22
84
31
65
77
98
60
54
43
23
43
41
27
53
80
65
72
64
39
38
99
75
77
97
54
139
149
14
118
96
103
191
147
77
129
407
51
98
153
83
157
92
19
37
231
156
171
39
151
147
19
253
152
231
87
129
109
242
406
123
59
371
362
32
338
25
332
63
139
65
379
104
370
268
289
134
499
29
168
167
307
370
127
141
136
354
320
332
325
169
408
65
393
186
34
225
268
311
80
268
499
153
355
264
203
114
48
258
29
200
207
295
284
119
259
70
78
60
101
118
297
135
332
46
354
128
180
61
289
82
155
51
360
306
326
332
332
286
285
308
329
46
268
432
153
63
128
265
117
346
403
374
34
90
358
217
428
400
344
336
315
275
89
344
293
432
354
282
94
300
348
352
201
499
380
385
62
314
422
382
339
376
368
410
337
96
134
219
335
281
332
299
308
150
282
245
283
418
375
14
284
46
291
313
223
467
376
219
50
185
188
200
267
217
225
282
226
203
82
50
294
68
225
218
13
55
104
70
217
90
102
33
114
54
66
77
69
266
257
42
66
195
368
73
149
287
50
51
177
301
197
319
266
255
258
202
405
321
315
255
17
284
219
283
239
201
290
245
277
386
320
118
90
337
152
308
397
464
438
382
434
27
224
110
46
48
229
300
301
260
269
173
254
285
274
326
239
400
165
162
231
234
246
394
348
110
200
153
265
244
149
189
203
194
174
283
191
310
249
265
164
158
147
160
360
186
211
282
72
176
120
163
411
192
146
144
208
28
128
127
106
157
113
13
133
114
121
156
133
109
125
122
112
269
138
132
177
167
143
109
319
82
217
30
185
90
152
219
174
141
198
108
32
161
126
133
119
220
169
244
129
109
76
126
137
213
186
176
143
96
180
282
180
204
167
300
213
223
115
43
120
182
326
295
304
227
162
150
401
325
285
358
193
224
196
350
168
362
21
142
166
190
210
164
207
14
131
127
144
227
202
167
272
199
172
202
233
204
317
163
162
230
128
34
11
163
152
158
114
163
143
120
197
16
151
95
294
75
174
116
322
162
111
125
141
277
140
106
178
173
128
27
128
149
105
77
217
77
177
308
135
106
138
137
325
135
178
148
355
136
145
160
129
197
177
152
228
130
122
143
111
137
54
287
223
214
248
133
205
67
179
200
54
114
124
150
191
196
141
64
116
10
157
162
193
124
125
134
176
38
20
153
177
139
282
171
157
97
207
147
168
208
191
174
193
166
101
124
212
182
163
146
178
160
135
195
170
129
158
140
161
270
118
244
156
152
150
122
127
140
136
136
205
136
246
126
132
207
24
138
219
176
227
160
131
169
140
127
119
167
263
129
199
267
124
162
44
116
129
213
149
136
102
156
118
27
115
155
343
476
157
236
243
264
189
158
416
373
337
168
234
119
181
180
174
188
298
193
214
177
212
249
230
344
42
162
241
142
135
153
180
117
167
332
146
119
111
151
151
211
106
162
205
152
137
56
158
97
76
137
117
107
227
199
103
277
183
178
171
123
168
93
172
87
195
205
237
165
255
104
183
196
204
46
157
175
231
21
128
151
91
110
211
195
85
45
11
249
238
176
165
44
163
164
164
268
140
160
171
163
164
169
165
157
132
202
179
147
451
205
184
48
172
423
427
168
218
125
133
245
249
184
162
76
224
281
126
182
248
114
290
211
264
162
132
225
200
231
108
203
80
216
145
383
278
325
151
175
499
449
128
499
209
180
436
105
266
168
142
193
499
161
264
460
284
283
225
477
393
499
177
103
131
124
114
262
127
105
110
128
114
115
115
127
116
116
113
158
198
159
109
110
173
102
204
124
262
129
365
206
283
186
295
92
23
170
106
161
116
113
339
247
151
161
118
396
163
136
382
275
116
151
117
43
149
106
183
140
80
132
108
115
195
110
194
144
122
159
150
160
204
173
132
339
233
346
379
59
117
160
143
499
499
312
105
191
251
449
499
222
174
143
195
451
211
358
113
170
212
473
190
122
210
137
213
197
152
141
136
208
161
220
219
32
172
143
15
157
141
