25
19
43
10
17
46
44
19
29
17
25
14
12
22
19
29
23
16
19
11
20
22
19
13
12
11
27
15
10
33
20
18
18
14
20
22
26
16
21
26
20
28
23
48
11
11
11
20
10
20
14
19
21
11
31
14
13
23
22
14
12
10
16
10
31
14
11
9
9
28
26
28
10
10
10
21
10
15
15
23
19
10
13
9
10
12
11
10
11
16
10
11
11
19
12
11
15
17
11
12
9
9
13
10
9
13
31
16
10
13
29
10
10
11
11
10
11
18
11
14
14
10
11
17
12
13
21
17
13
11
16
18
14
9
13
13
9
10
11
13
9
26
11
16
20
11
10
14
17
17
14
10
11
14
10
17
14
15
9
11
11
16
14
11
10
14
15
10
12
10
11
13
12
9
10
16
16
14
19
10
11
14
15
10
10
13
15
15
17
12
11
12
9
10
10
9
14
13
11
9
12
24
14
16
9
9
9
13
14
10
13
10
14
13
14
8
10
13
9
12
12
10
11
13
15
10
10
10
11
10
12
8
10
9
11
17
10
9
12
9
10
15
11
12
10
9
22
13
9
10
10
16
10
9
12
11
9
14
12
12
9
14
10
13
16
17
10
11
10
9
9
11
10
9
10
11
11
13
15
11
10
11
9
10
9
11
13
10
9
18
9
10
10
16
9
10
10
11
12
12
10
9
8
11
10
11
9
10
13
12
13
24
11
11
10
11
11
16
9
10
9
11
9
10
11
10
10
10
18
11
11
10
9
9
8
9
9
9
10
9
9
12
10
10
9
10
10
11
9
8
12
16
9
11
10
11
10
9
10
9
10
11
11
10
10
10
11
10
17
10
9
10
11
12
10
12
11
10
11
9
10
10
10
9
10
17
10
10
9
20
22
25
10
9
9
10
9
8
9
12
12
10
9
17
9
8
11
11
9
11
11
16
10
22
10
11
9
9
11
9
10
10
10
11
10
24
10
11
10
10
10
9
9
16
16
9
10
10
20
10
24
9
21
9
11
12
8
9
10
10
8
27
10
19
10
10
15
11
11
9
12
9
12
10
8
12
9
8
9
24
9
12
8
13
9
15
8
12
21
10
11
12
10
10
10
9
9
10
10
10
9
24
9
10
9
10
9
10
11
12
20
10
10
10
9
9
11
10
10
10
12
9
12
12
11
9
9
10
9
10
8
10
9
9
12
9
25
10
10
9
9
9
9
10
9
13
9
11
8
11
9
9
10
10
8
11
10
9
9
9
8
9
8
9
9
9
11
13
9
9
8
9
11
10
9
11
10
10
12
9
13
8
10
10
10
13
9
13
10
9
10
10
26
11
12
10
8
9
8
19
12
12
9
9
10
10
9
10
9
11
12
10
9
9
8
9
12
10
8
26
9
9
18
8
11
12
10
10
10
9
9
10
11
9
10
9
10
10
10
8
11
10
9
10
12
9
10
9
11
8
9
9
10
8
9
13
9
10
10
10
9
9
8
9
11
10
9
11
10
9
11
10
11
8
8
11
10
51
33
31
28
30
19
18
19
21
32
10
21
19
20
11
12
23
17
11
10
51
20
10
17
26
10
21
28
10
16
18
25
19
55
19
64
21
26
18
24
24
11
13
20
11
26
28
23
22
23
12
23
26
23
20
20
24
25
26
26
35
24
19
39
10
84
23
25
21
24
25
67
30
27
39
10
43
25
18
58
15
71
37
18
72
30
22
41
11
49
10
15
18
18
17
11
25
33
17
32
15
19
49
19
10
18
20
38
41
27
29
25
19
29
17
54
14
31
15
45
27
44
18
61
42
38
28
26
11
25
23
50
17
17
16
19
35
30
30
33
27
9
19
25
39
10
15
42
29
10
34
37
30
27
16
28
10
56
58
9
10
68
12
44
35
66
10
21
14
14
30
8
22
9
76
28
41
15
44
15
27
38
58
32
15
19
49
16
26
11
35
83
44
35
32
11
37
31
21
62
12
21
12
18
18
18
39
15
37
22
66
44
29
42
10
45
20
10
44
27
34
30
32
78
16
45
17
10
12
29
37
19
74
30
38
9
17
18
13
8
8
46
39
9
55
29
41
35
26
59
10
10
35
21
11
8
13
54
14
20
16
22
32
11
19
59
20
22
18
20
44
14
21
58
26
43
18
38
23
25
27
53
29
17
31
33
10
60
67
38
20
41
9
16
43
42
53
9
11
15
52
21
41
20
40
9
19
10
20
40
26
36
40
24
19
24
18
34
21
20
11
21
33
23
23
26
25
9
9
49
27
9
20
