31
30
28
23
66
14
25
33
22
28
24
14
24
29
12
14
10
11
15
21
12
17
14
11
21
11
13
16
26
16
13
21
10
14
15
32
14
21
12
16
14
14
13
16
15
16
26
17
18
19
27
18
14
10
11
17
18
16
14
14
9
26
8
10
29
9
13
27
14
9
16
11
26
42
39
27
32
37
49
27
15
27
58
95
19
37
13
14
58
52
87
20
88
28
46
68
38
33
101
49
38
23
12
20
29
35
17
43
24
16
40
18
119
82
50
19
23
103
55
46
74
44
77
48
64
88
28
47
55
71
81
47
49
53
91
90
54
131
99
14
119
85
154
78
77
100
153
32
132
18
144
147
146
29
97
250
65
161
138
80
40
100
120
156
206
142
71
141
171
126
111
263
113
158
185
296
253
201
298
206
123
216
65
254
228
52
108
234
222
42
123
262
299
255
423
291
388
300
151
228
224
366
288
367
235
299
55
300
61
430
419
258
311
205
377
281
379
297
208
376
450
499
43
334
136
499
85
262
341
460
221
260
145
291
262
114
62
227
286
353
294
297
258
72
434
16
236
47
499
499
395
182
380
193
283
364
183
318
270
190
267
391
209
322
482
404
259
444
320
238
226
281
422
388
288
243
284
250
286
298
327
250
418
377
353
291
259
389
67
258
348
255
372
331
49
329
330
369
308
347
180
305
239
334
338
331
346
370
278
221
343
450
348
231
308
268
373
243
263
279
280
395
377
364
327
275
203
108
348
278
319
289
480
239
348
383
361
319
310
303
499
443
499
305
321
278
112
383
345
409
367
366
499
340
421
321
301
276
332
190
373
332
479
403
396
499
435
448
273
55
231
499
495
335
435
480
412
499
490
406
316
487
383
313
499
331
365
294
499
423
499
293
306
202
349
499
388
324
499
445
283
281
458
316
229
345
467
425
397
310
279
306
499
247
353
405
343
408
316
493
346
393
499
299
349
478
468
334
369
215
303
322
303
269
223
360
280
499
418
319
420
308
402
455
331
499
367
328
361
360
416
440
332
316
499
464
259
342
486
333
322
418
298
326
349
291
358
499
240
267
326
298
260
325
295
499
325
417
396
321
298
460
441
499
498
380
231
215
306
274
332
263
287
296
283
226
208
256
253
192
412
414
255
310
228
176
176
496
244
499
321
303
243
307
278
196
216
153
322
286
297
192
255
463
299
499
291
100
250
212
183
329
98
192
274
499
403
204
140
236
156
393
499
218
499
435
193
499
167
203
206
479
190
287
129
241
282
247
298
183
224
352
177
107
259
410
134
16
396
334
185
499
307
360
149
193
390
452
378
172
163
314
499
224
260
268
393
248
111
175
74
425
499
166
321
126
303
265
344
499
123
198
314
279
178
263
402
191
182
327
169
219
284
193
118
242
182
313
169
248
149
474
182
316
164
432
193
257
378
182
183
314
242
218
324
201
250
412
185
272
459
145
135
215
169
114
171
499
499
146
291
217
294
274
116
257
438
181
176
183
169
184
60
94
147
382
187
164
357
143
299
499
272
221
499
213
499
179
205
161
170
195
264
157
185
230
499
344
347
406
297
394
135
330
251
24
362
319
171
188
151
180
279
260
139
138
215
269
385
222
254
259
176
141
265
335
255
150
224
499
159
167
242
188
35
161
483
499
402
475
177
348
185
440
189
499
353
171
154
160
427
218
128
293
225
413
283
165
178
150
134
136
278
384
258
157
211
265
198
180
264
297
238
182
392
233
291
183
145
256
220
230
240
292
499
224
320
143
308
162
249
474
454
257
151
206
277
472
168
241
330
191
126
131
214
238
200
203
342
176
152
138
240
179
205
207
161
417
231
375
187
176
499
155
276
499
449
219
195
319
199
246
278
263
163
226
278
211
182
176
249
143
157
38
241
256
421
155
469
184
194
181
499
493
267
263
195
265
275
303
190
127
274
179
336
250
160
499
285
298
172
307
221
295
217
154
136
187
208
233
499
397
418
247
24
315
291
171
164
191
185
243
499
314
261
267
206
215
365
201
344
168
157
204
170
193
135
318
431
290
287
314
224
269
237
178
167
247
142
499
169
169
221
149
175
238
262
216
48
170
407
168
207
259
372
209
413
366
273
268
128
356
232
447
37
279
327
495
499
253
315
382
147
290
178
499
190
225
499
145
260
295
272
410
364
271
174
283
418
275
406
427
354
380
268
230
92
225
150
178
151
244
345
296
178
218
198
277
432
267
211
276
246
155
288
251
236
356
281
499
138
332
296
499
193
354
349
174
161
151
