21
9
46
22
26
22
13
13
12
15
19
24
22
16
14
12
20
19
20
12
9
14
16
12
12
21
19
16
15
17
17
12
13
8
24
12
14
9
14
10
13
9
12
34
16
11
8
15
16
11
12
9
9
11
9
16
24
22
33
31
41
53
11
29
10
12
17
14
13
7
15
11
19
12
16
16
13
12
12
20
23
25
237
10
11
15
68
108
17
73
59
17
57
25
59
50
98
10
55
96
44
51
32
86
14
42
49
17
30
22
46
16
17
32
27
44
62
68
51
85
94
106
10
62
130
25
66
68
101
23
52
104
179
107
39
115
161
101
143
118
154
117
100
59
252
216
150
39
68
212
17
139
211
106
147
36
148
193
140
148
98
232
173
130
263
59
52
109
278
123
387
102
133
209
449
359
33
16
168
380
258
48
201
93
288
197
270
225
16
119
182
352
250
93
181
174
26
145
270
85
172
293
289
242
280
68
282
198
286
252
304
77
259
238
180
243
231
128
254
241
213
67
220
405
206
255
239
113
269
499
308
234
40
445
260
370
349
375
317
274
274
414
217
197
293
316
220
65
278
269
262
347
258
296
194
292
287
48
240
278
215
320
302
258
442
316
382
360
303
421
291
281
301
354
228
233
267
334
330
429
322
299
359
42
259
365
301
291
332
268
300
303
191
357
370
272
376
269
336
303
234
283
343
347
341
347
248
252
417
361
405
261
230
73
280
342
382
499
401
274
207
326
245
353
262
296
345
414
378
242
329
331
312
321
339
347
235
181
453
303
265
211
366
381
51
11
380
385
321
253
256
302
101
474
388
240
367
317
340
305
357
290
331
304
303
284
256
457
330
247
408
262
245
343
270
364
209
357
352
251
312
269
211
260
250
439
492
356
341
276
254
198
229
333
282
241
203
407
302
299
207
302
250
177
333
240
306
276
21
302
94
261
303
396
215
422
281
301
306
230
85
268
390
143
266
244
240
257
263
241
242
264
250
310
72
357
382
197
226
335
236
345
37
272
232
216
323
460
300
280
279
134
220
234
303
292
220
114
69
328
42
244
257
204
74
245
258
499
265
363
150
338
193
299
322
291
198
310
248
284
140
253
230
362
248
209
343
332
37
208
277
183
294
204
215
285
299
264
281
171
84
251
207
258
191
261
236
225
35
353
277
291
101
303
224
242
274
37
314
271
176
202
189
257
180
275
197
205
212
252
224
270
284
277
230
250
416
188
260
284
206
181
233
253
295
214
297
75
164
165
103
157
238
222
204
181
224
297
219
181
295
250
214
170
129
242
138
29
40
170
204
150
187
213
251
246
176
232
117
126
142
159
194
228
277
145
114
202
173
187
193
200
226
187
219
216
194
124
266
269
167
204
252
232
196
118
178
212
108
173
212
158
222
279
178
170
116
157
158
132
140
152
24
334
148
103
127
160
200
193
240
99
180
137
169
173
135
240
256
71
194
170
132
191
389
160
212
162
238
159
156
98
143
245
149
153
148
227
213
210
153
273
189
226
122
85
101
217
187
114
132
134
105
126
287
201
166
52
131
145
166
124
111
185
109
220
126
154
150
130
237
113
145
120
106
364
123
161
166
274
240
333
209
225
207
153
156
166
107
126
130
281
180
190
169
251
360
174
191
149
138
119
167
98
123
133
61
127
180
126
224
177
98
163
154
113
135
333
192
110
181
168
167
194
141
95
83
219
162
499
192
121
99
158
208
318
174
168
122
154
138
249
172
65
103
135
107
116
90
244
173
144
203
158
302
124
240
132
67
160
210
234
133
106
104
116
131
145
216
116
129
155
128
215
151
137
118
261
298
121
99
114
202
189
167
257
116
352
202
186
124
124
108
137
194
23
168
112
247
136
134
287
189
158
190
319
184
135
122
112
183
213
189
170
213
152
102
104
173
137
126
202
229
174
228
227
186
146
203
135
150
185
99
198
171
159
281
197
154
108
175
123
241
123
136
111
156
223
101
215
150
110
209
114
124
163
328
197
142
187
146
302
301
129
27
251
198
106
96
109
131
184
133
482
116
80
103
160
120
261
127
165
140
146
111
116
148
163
105
112
268
247
113
160
128
85
104
178
161
220
159
145
105
146
398
68
144
255
101
97
122
209
164
127
161
239
33
137
108
129
266
148
129
150
132
149
311
143
100
69
148
266
136
247
180
111
181
432
151
194
191
166
117
51
122
137
92
144
131
166
203
243
144
210
109
220
203
316
183
41
153
119
186
152
20
125
134
158
106
201
304
100
127
137
133
212
123
136
169
38
