21
11
34
18
18
20
18
12
31
10
16
12
22
17
16
23
10
17
16
11
15
46
9
13
16
24
13
16
21
26
17
18
15
10
17
26
17
31
10
14
14
33
14
18
11
13
12
29
12
13
19
13
16
26
23
22
16
15
21
21
33
13
14
20
19
15
38
63
41
22
37
30
51
20
13
31
119
29
11
16
37
25
58
21
54
86
24
30
44
36
22
22
20
30
24
72
78
33
62
36
32
43
90
23
14
31
62
15
22
26
46
61
49
61
62
46
52
60
25
87
30
69
20
61
107
109
62
70
14
70
113
63
22
92
118
62
35
76
177
107
97
166
169
120
146
102
244
211
191
31
181
29
127
246
79
92
33
52
274
99
34
325
32
423
305
184
203
211
232
315
26
110
239
256
328
255
114
84
194
101
130
250
420
261
66
54
500
345
343
398
184
211
249
46
273
322
167
128
264
196
222
284
289
400
419
262
358
237
215
246
256
250
183
360
40
247
163
288
114
339
227
165
434
500
42
228
252
175
318
299
250
260
305
226
342
69
257
332
254
235
325
109
310
251
256
447
244
290
230
396
263
32
352
243
338
283
302
281
283
263
301
244
261
313
372
256
262
176
443
302
299
358
257
303
457
262
275
265
272
237
319
207
231
248
500
381
244
274
247
262
270
384
265
329
163
348
346
159
285
352
392
169
232
266
325
320
39
256
242
275
275
326
361
295
371
237
403
338
279
298
240
500
436
323
250
325
306
455
277
47
327
274
179
253
116
212
212
241
428
282
196
241
234
299
341
239
296
258
229
257
127
293
239
250
217
223
244
263
215
289
85
222
323
248
200
316
256
187
277
338
283
241
351
400
234
210
471
500
386
214
332
285
257
254
395
254
117
267
102
356
363
225
381
380
225
434
260
215
307
275
200
49
370
358
372
244
241
198
190
336
15
35
355
282
227
257
83
63
23
45
200
197
217
194
33
200
26
178
37
184
358
64
168
256
281
231
258
179
40
69
263
251
275
252
89
260
256
244
192
195
289
266
219
268
242
244
253
426
321
325
74
460
187
233
71
189
268
205
312
296
246
364
464
275
136
28
96
29
93
220
52
239
83
85
427
284
321
294
106
225
246
174
216
151
243
284
322
241
234
185
291
213
287
362
134
250
223
254
127
203
84
64
404
202
283
70
312
255
175
500
221
229
243
231
290
385
226
347
272
239
283
223
317
240
152
318
330
240
400
448
198
224
36
289
208
248
282
238
239
324
248
239
344
254
239
35
190
373
317
217
284
162
276
236
281
193
245
261
206
151
289
334
195
196
390
266
189
195
443
242
25
176
66
183
200
413
327
195
500
194
193
29
331
233
396
193
168
179
173
400
228
191
126
230
318
24
113
460
367
234
99
172
75
285
347
211
312
327
147
200
134
241
217
252
213
201
187
139
55
168
226
151
349
256
168
227
224
192
228
359
238
61
165
213
347
154
205
250
148
187
92
198
182
265
218
392
225
177
182
161
132
161
239
181
280
101
161
191
299
129
201
123
183
350
133
133
365
323
207
205
217
241
215
204
283
178
169
285
92
199
160
189
173
182
190
262
235
206
215
160
244
115
176
243
200
194
173
308
132
331
108
120
185
154
228
154
179
291
200
247
143
166
239
221
145
420
329
188
153
129
211
284
451
217
288
322
327
207
119
151
168
206
157
358
132
174
216
296
474
500
476
213
142
140
159
336
158
244
322
167
260
208
150
267
360
207
260
250
403
173
289
354
377
315
64
239
91
33
121
237
311
266
302
500
163
285
407
123
348
161
344
372
168
188
291
152
360
253
198
222
271
264
80
183
167
304
140
298
329
144
500
225
442
349
337
372
197
422
228
453
392
179
149
184
303
430
295
252
182
163
313
500
155
212
464
378
267
205
500
219
154
86
126
400
407
312
146
500
289
129
323
352
168
227
29
113
152
140
174
202
176
225
448
274
294
158
217
287
441
240
210
234
148
335
221
208
291
98
188
136
500
169
215
353
171
83
457
259
193
397
227
163
263
199
233
181
500
135
328
164
284
297
318
319
210
268
444
198
242
407
326
500
158
500
204
154
177
138
152
212
204
418
190
324
225
67
119
304
216
130
98
149
143
105
319
337
120
29
298
225
243
466
135
216
133
111
242
125
178
161
138
358
191
156
218
481
134
267
304
168
368
26
500
184
172
116
131
34
148
295
193
173
200
113
263
111
133
265
89
114
257
163
224
128
120
373
213
187
241
87
199
331
296
218
188
207
212
191
313
245
