28
15
15
16
31
22
16
16
42
49
12
23
28
29
11
39
12
16
13
32
20
19
19
15
19
24
13
13
26
19
11
45
11
11
15
17
11
17
13
15
55
10
9
29
19
23
11
16
56
11
19
25
12
29
17
11
18
17
15
17
33
79
26
41
30
30
68
11
26
42
40
59
69
67
16
21
41
38
23
25
55
68
33
69
38
61
98
30
75
36
75
17
49
28
52
24
23
60
32
30
18
62
27
100
81
118
47
12
44
59
49
30
34
64
86
34
52
87
75
104
83
134
23
11
157
112
192
138
18
273
246
26
342
59
16
291
91
202
41
11
148
33
289
62
186
71
87
140
83
147
358
178
360
239
259
122
11
288
288
277
101
191
230
185
183
322
410
236
273
143
223
177
209
235
232
180
423
403
202
350
224
273
359
227
337
417
346
105
453
94
362
248
122
398
85
358
446
402
220
266
155
500
21
500
302
402
232
160
500
91
500
391
210
318
18
268
278
467
423
68
72
282
96
261
287
242
244
265
399
375
276
276
104
134
66
351
309
291
353
430
391
378
287
339
279
22
284
296
260
49
361
261
238
344
272
259
197
164
82
346
288
306
243
85
392
245
354
340
257
290
331
81
36
14
11
265
255
224
306
161
255
101
122
231
356
232
288
344
207
279
263
317
194
322
186
394
272
220
197
224
104
202
201
216
204
219
241
221
193
197
198
243
36
121
164
172
84
220
195
389
219
207
191
205
206
159
188
187
144
178
173
165
151
162
150
205
149
42
176
167
152
232
114
197
137
182
137
140
138
205
42
136
154
163
192
224
139
500
162
207
196
160
141
147
167
132
176
83
171
230
160
159
145
168
162
59
149
137
174
147
158
157
143
164
217
150
158
153
141
18
164
167
140
147
174
154
151
17
179
135
118
165
142
136
139
152
137
135
137
146
81
129
209
157
146
136
126
140
130
154
156
135
146
170
75
214
151
135
199
149
141
30
127
178
143
123
172
18
154
160
127
196
125
123
163
134
16
500
187
143
113
187
145
250
156
145
199
140
159
164
171
143
18
152
124
55
168
240
85
155
172
138
172
233
150
172
136
190
72
175
201
149
172
152
231
79
213
268
153
227
221
195
212
200
136
178
192
151
161
137
313
244
137
107
293
119
36
132
208
164
244
163
177
477
192
228
193
260
201
148
114
177
280
238
192
192
221
101
230
184
275
218
182
492
169
215
292
50
257
214
301
258
86
199
359
258
199
450
199
197
249
176
202
289
183
198
54
190
231
272
180
243
186
176
208
219
226
145
180
237
264
278
160
169
283
159
139
157
159
217
131
146
159
198
191
157
99
182
139
355
132
163
165
188
114
108
167
177
124
157
129
180
123
129
112
128
245
136
119
340
200
214
150
49
267
219
140
166
173
168
156
129
189
221
102
187
174
190
20
78
147
139
32
171
20
127
174
142
213
121
188
201
138
115
135
157
187
55
174
201
163
156
151
170
225
158
198
143
163
166
178
242
204
246
193
165
127
188
225
180
188
180
235
161
160
166
211
181
198
174
14
153
133
174
136
152
160
159
181
150
167
165
167
120
146
177
174
79
266
227
191
188
500
182
311
211
212
191
272
204
282
259
132
198
122
326
127
151
181
121
258
188
496
235
179
157
219
217
157
435
313
32
226
193
154
58
244
304
227
165
272
323
245
263
309
361
393
269
163
246
233
196
160
166
190
164
151
320
178
138
260
329
383
144
151
308
151
57
137
152
190
189
190
226
275
113
247
249
201
45
229
187
241
389
179
230
225
138
119
211
171
173
161
206
288
171
141
187
170
338
147
196
193
247
251
220
292
295
270
268
322
245
229
399
227
290
237
255
254
337
201
205
94
207
147
377
162
202
178
73
237
401
242
160
231
208
215
296
500
145
378
230
339
162
58
109
336
60
432
240
234
289
211
299
155
325
148
269
273
304
215
209
191
212
370
184
139
203
184
270
144
162
267
141
154
202
182
284
198
32
191
114
200
256
272
173
265
321
260
332
172
500
237
258
405
258
276
162
334
380
190
200
319
305
246
486
224
157
500
162
266
500
306
285
55
81
55
157
154
91
235
237
151
180
421
208
500
36
52
194
500
205
12
339
80
285
134
430
112
456
385
132
252
58
295
63
270
456
500
83
25
256
55
59
69
53
363
281
231
273
233
472
163
204
185
113
175
165
141
139
161
137
145
154
175
149
145
105
169
122
148
156
149
149
157
126
135
159
156
143
160
123
156
126
126
133
143
115
150
142
