34
12
21
15
23
29
13
19
14
15
37
23
18
21
15
13
21
24
20
12
16
21
15
10
19
19
16
12
11
14
13
22
17
10
48
15
13
20
14
13
26
16
11
15
11
17
17
21
13
12
11
17
25
13
10
22
18
11
28
11
14
28
29
11
26
12
24
33
33
24
32
50
31
39
54
24
70
66
42
83
67
22
39
10
14
31
58
43
105
31
59
142
33
72
50
28
103
32
101
17
44
95
94
172
45
116
113
29
107
176
56
88
98
214
48
24
155
180
122
50
125
98
362
184
189
162
34
245
47
118
31
77
22
58
186
227
46
33
64
121
178
163
62
164
130
193
23
103
259
156
60
220
60
175
100
60
130
152
227
97
42
79
180
287
117
101
101
141
216
184
231
169
103
136
178
180
70
152
120
241
91
110
119
41
109
31
40
248
213
128
203
108
27
122
67
68
179
148
144
63
38
115
155
110
199
171
56
14
181
101
84
220
46
135
132
143
172
160
71
108
120
219
216
41
107
53
44
118
41
48
197
54
109
263
196
111
73
162
160
234
111
117
15
102
44
272
119
77
90
121
308
86
19
10
70
38
13
63
28
139
93
270
98
29
324
196
59
134
92
163
157
77
43
106
146
207
250
148
115
230
84
30
13
11
15
237
26
74
53
275
31
135
171
160
211
140
33
186
13
165
61
13
36
197
193
113
167
83
79
13
179
122
92
125
81
245
16
73
16
45
57
83
164
19
119
187
112
113
63
131
79
182
44
116
110
55
176
115
33
157
137
122
60
126
11
12
126
137
49
53
106
124
44
15
109
162
76
39
65
121
55
136
100
62
115
110
161
126
51
130
19
51
111
18
120
136
141
106
15
183
150
165
126
122
66
68
47
27
184
108
37
143
34
160
51
14
181
106
156
99
29
33
137
148
112
19
123
130
294
35
106
134
88
74
251
70
60
120
98
36
33
174
56
33
94
98
106
231
241
96
33
154
108
112
123
104
93
16
173
237
59
77
100
264
93
47
25
144
62
19
295
128
130
20
44
122
229
95
44
74
126
97
125
27
94
209
165
55
91
242
174
16
173
110
126
108
161
17
126
43
81
165
45
113
168
177
147
32
90
128
113
85
154
102
121
170
125
335
47
34
106
84
71
118
234
20
126
111
43
31
197
107
92
105
181
94
53
86
131
86
133
54
256
56
36
108
155
81
75
81
119
87
115
144
150
199
101
23
113
99
91
244
217
36
155
93
53
95
84
116
203
234
177
33
53
111
125
112
200
149
82
132
12
109
190
139
220
165
284
123
201
99
62
100
110
187
107
152
127
203
74
112
32
155
146
188
160
163
73
262
110
121
155
141
16
139
98
154
140
152
112
120
247
112
132
182
189
70
146
167
15
125
152
103
13
134
202
109
142
112
195
242
25
162
54
133
208
156
117
257
166
109
153
45
73
11
129
75
101
170
162
147
30
294
146
110
159
107
51
77
238
120
14
217
124
33
181
189
27
126
49
144
95
133
193
152
178
78
137
88
44
25
138
181
146
109
59
192
187
128
165
130
109
193
145
92
171
27
247
121
35
291
110
179
139
184
90
255
119
348
109
136
153
44
142
334
123
136
87
131
218
72
143
38
115
63
249
112
223
138
88
167
121
119
107
76
101
161
101
108
148
135
127
107
70
228
239
121
18
52
119
52
222
98
20
62
114
41
247
61
52
109
27
125
259
19
202
123
188
77
116
295
85
335
140
127
146
143
135
36
48
240
109
154
55
132
108
69
73
121
97
100
72
168
34
13
102
74
237
75
97
97
153
120
128
74
111
94
11
75
166
23
60
116
72
119
15
78
72
75
132
172
188
78
168
110
236
44
131
98
83
257
117
70
132
147
130
320
144
151
63
187
500
288
42
144
96
122
36
104
64
132
41
103
98
362
136
182
67
137
45
26
103
155
69
168
44
119
74
18
49
95
173
104
53
82
21
41
30
31
107
103
25
26
149
116
108
189
14
59
37
31
26
25
54
127
126
24
118
204
40
15
47
149
128
129
101
86
16
420
135
157
146
135
109
113
184
132
153
91
124
151
98
119
284
124
125
126
162
110
79
134
163
166
141
149
100
105
110
33
89
151
280
125
100
153
142
127
119
153
272
156
81
204
96
160
212
125
142
171
132
187
254
114
125
108
132
142
270
170
171
169
305
109
12
48
162
173
212
121
136
163
127
150
59
106
171
52
17
240
204
298
100
255
137
126
196
259
240
60
50
36
220
140
227
243
228
147
99
151
