28
33
31
11
10
49
26
45
8
11
17
32
25
11
21
54
17
10
19
19
19
9
13
8
15
12
14
13
25
17
10
11
18
13
13
27
14
13
14
21
30
14
23
55
71
15
15
21
10
10
26
23
15
13
9
12
14
23
10
24
20
20
11
12
10
23
29
9
12
13
9
9
13
9
8
11
43
18
41
11
16
11
17
20
19
17
12
15
11
9
12
11
9
11
17
9
19
11
10
19
12
19
14
9
9
11
11
10
9
8
9
14
21
14
16
11
15
32
9
8
13
15
12
29
19
11
8
10
12
30
9
24
16
10
21
11
11
12
11
17
15
8
15
26
10
19
8
10
9
9
10
11
17
14
12
10
38
11
9
11
18
15
19
19
27
9
10
31
10
20
15
39
16
11
16
9
20
26
24
50
12
31
21
156
33
47
51
50
65
21
32
22
25
19
25
29
37
27
31
26
21
20
11
111
60
79
11
46
9
16
56
76
44
40
62
96
10
10
20
92
76
17
26
54
31
61
8
16
16
20
71
8
9
11
58
50
17
16
78
10
46
9
12
8
9
22
11
96
8
9
21
8
29
35
32
37
9
14
8
23
86
35
16
20
57
73
35
13
22
38
40
33
44
18
12
8
21
23
35
26
44
35
10
40
31
10
19
30
26
9
9
17
29
29
35
16
23
56
12
35
10
9
19
34
9
28
10
13
18
30
12
9
34
32
34
14
8
30
16
25
9
36
29
26
8
11
28
17
16
20
17
7
17
35
27
26
30
33
22
17
15
37
26
32
40
46
23
58
29
27
41
32
34
44
32
61
37
30
62
26
30
68
35
53
44
45
49
45
61
55
51
59
31
38
41
47
24
39
41
46
70
93
53
40
48
82
31
68
47
68
33
67
76
40
66
49
23
63
45
49
56
63
43
76
51
30
74
67
37
31
39
39
95
29
44
33
75
21
57
123
32
48
58
84
101
44
71
50
34
56
78
61
90
52
14
14
13
20
23
24
17
20
17
19
28
14
15
24
43
13
18
12
15
13
18
21
55
59
29
12
15
13
13
58
35
25
28
15
44
47
11
14
21
15
13
15
16
60
26
12
14
34
39
21
17
22
56
12
16
14
43
43
80
16
12
13
17
17
32
52
21
30
15
14
22
35
15
14
29
22
12
29
38
14
13
29
22
30
41
13
33
26
69
15
13
13
28
23
14
31
12
31
26
14
13
42
37
31
14
43
24
24
65
50
32
18
16
53
37
13
21
23
89
49
35
47
11
11
12
14
14
18
20
17
18
42
12
11
31
28
15
14
40
15
14
33
50
36
57
42
13
14
12
14
10
14
16
17
16
21
32
14
113
19
34
13
62
55
59
29
12
12
18
16
16
36
13
16
20
31
20
46
13
12
16
30
33
13
14
21
44
17
15
26
58
16
20
13
19
14
16
11
15
15
11
16
22
37
14
21
23
10
13
12
13
46
15
16
11
16
26
37
17
11
31
37
43
12
13
35
25
23
14
90
12
10
17
42
13
14
13
18
40
18
110
12
20
29
14
62
36
12
13
34
12
16
16
54
36
23
42
29
11
13
46
36
103
29
33
10
12
196
54
89
56
85
19
53
75
23
37
88
102
19
36
57
42
34
40
54
103
14
26
22
14
21
51
17
40
54
65
30
46
66
47
50
15
17
71
11
46
22
9
64
52
26
38
32
30
17
55
96
59
19
82
90
82
50
19
17
18
42
22
54
74
78
55
12
56
14
22
24
83
26
76
29
42
25
15
47
34
97
29
64
15
8
48
131
26
46
9
50
31
118
64
17
34
17
62
14
31
19
51
77
17
57
124
95
59
72
48
34
66
15
71
15
41
47
55
88
88
23
43
49
24
39
25
29
54
83
20
10
78
13
21
52
62
21
34
22
20
11
87
64
33
32
52
27
96
28
23
74
18
52
35
146
29
18
14
89
13
38
29
55
18
32
69
94
54
11
28
65
50
23
47
27
91
50
36
18
32
13
27
52
89
53
82
58
13
126
41
44
24
26
34
42
60
41
56
78
12
19
9
55
55
59
82
21
17
93
12
19
36
76
27
22
24
17
15
43
20
46
19
39
15
26
27
34
10
13
28
26
28
38
37
33
17
21
17
21
30
20
18
49
21
57
43
18
13
34
34
35
27
55
13
32
25
38
60
35
26
24
27
10
29
33
42
51
25
37
25
46
74
25
25
24
74
20
29
50
24
53
41
96
24
62
40
10
51
47
94
11
33
32
22
26
16
23
18
17
