27
13
26
17
15
14
38
14
15
17
32
23
12
14
40
42
32
59
15
22
27
14
22
9
18
10
16
11
12
50
12
19
13
14
18
17
48
37
15
13
9
33
39
14
16
29
27
17
14
9
32
16
12
22
13
15
10
18
13
12
15
12
23
14
17
29
29
17
15
18
27
20
15
9
13
21
14
56
12
14
24
30
10
24
17
20
11
20
11
12
13
10
19
15
10
13
45
14
22
13
12
19
13
13
15
12
9
12
14
15
29
15
11
12
10
13
12
17
15
9
17
11
10
9
10
14
16
9
24
10
14
9
25
18
13
10
10
14
12
11
11
11
13
17
19
19
15
11
13
11
14
14
11
12
9
22
10
11
13
14
13
10
13
9
17
10
10
10
12
14
9
19
9
9
12
10
9
9
11
8
12
10
12
12
20
14
14
12
9
10
13
10
9
10
13
11
10
12
9
18
14
13
21
9
11
19
11
9
10
11
9
12
9
17
11
14
14
9
11
11
16
13
12
11
18
11
13
11
14
10
13
14
10
10
10
10
14
14
13
11
10
15
14
11
12
18
11
13
11
11
12
10
9
10
9
13
10
15
10
11
15
10
11
9
12
12
13
11
10
11
9
9
11
14
9
10
10
12
9
12
18
10
11
9
16
13
10
11
8
13
14
9
9
14
9
13
17
8
10
10
14
11
13
11
10
8
12
10
9
9
12
16
10
10
10
9
12
8
12
9
11
28
8
10
10
9
29
10
12
40
19
25
12
10
32
18
10
17
23
9
36
21
20
27
30
10
29
30
30
28
9
28
10
9
10
25
42
31
33
19
22
12
47
26
22
10
25
17
47
11
27
8
10
15
10
18
23
12
27
19
10
20
28
24
12
32
10
9
10
15
11
10
11
11
9
8
9
11
29
9
9
10
10
11
22
22
16
24
17
10
23
21
17
14
11
10
29
11
11
18
26
24
9
10
20
20
17
10
12
12
14
11
23
17
18
29
9
11
9
10
9
21
17
14
16
27
20
20
11
10
22
25
11
21
10
8
13
9
24
21
24
25
19
23
15
27
9
11
9
8
11
11
13
10
9
10
10
11
26
13
11
10
17
26
25
12
9
9
10
25
13
17
26
22
10
32
10
25
40
26
28
9
24
19
23
19
9
25
11
9
19
22
30
10
15
14
10
12
10
11
9
23
33
12
9
21
10
28
10
9
23
12
9
8
29
11
9
9
15
20
10
26
9
10
28
10
32
19
10
21
10
22
27
21
9
8
9
8
9
24
10
9
24
9
20
8
20
9
29
22
23
10
15
9
25
24
9
29
24
10
24
11
10
21
24
26
9
10
11
22
10
11
8
25
10
11
10
10
15
13
11
26
19
26
26
36
10
12
13
25
10
23
23
10
22
12
9
22
8
26
19
9
16
10
11
24
26
14
13
9
15
22
26
32
11
21
12
10
27
9
26
9
9
9
14
10
21
20
29
9
43
11
14
9
10
9
9
16
11
16
12
38
43
46
10
22
11
13
10
11
10
23
43
14
10
9
16
10
15
79
10
11
10
22
26
9
27
13
10
8
11
55
9
10
9
34
9
11
10
15
36
84
26
10
12
11
26
22
65
11
21
13
26
11
8
65
45
15
10
55
9
23
31
13
58
53
26
9
20
12
25
61
10
24
10
25
9
11
62
10
10
24
27
23
29
27
22
13
42
21
64
9
26
60
10
27
67
26
10
22
42
35
30
13
17
63
21
12
10
28
13
9
30
18
55
28
12
8
27
29
51
38
22
27
11
25
34
26
9
23
25
40
46
40
31
33
9
10
25
10
22
14
27
52
25
11
11
24
11
14
21
22
10
11
75
21
9
74
29
45
23
17
17
50
12
9
27
15
13
10
10
24
18
41
65
20
41
11
78
13
10
9
22
10
25
10
15
10
11
32
9
23
15
10
15
24
31
29
46
81
26
11
24
81
93
26
30
30
29
13
10
25
27
21
9
15
63
11
11
21
32
10
69
29
79
29
11
22
9
10
27
16
10
77
9
28
26
11
26
13
34
10
23
10
13
55
26
29
24
13
13
22
20
26
13
31
63
29
17
18
61
121
18
19
38
50
67
31
40
75
23
23
23
79
11
33
20
105
12
88
21
15
10
9
27
98
63
22
61
65
27
19
11
102
34
30
22
25
26
22
29
23
32
18
63
24
31
31
25
11
15
62
49
32
9
27
26
9
11
15
74
22
11
100
80
68
31
24
28
92
28
9
9
26
17
33
28
8
28
42
