27
15
16
21
14
12
73
23
16
45
19
25
16
31
27
15
19
16
8
25
15
11
13
13
16
25
12
15
13
12
11
23
20
17
18
24
14
17
10
9
15
45
11
16
13
14
17
11
30
15
16
24
15
12
17
21
12
10
13
15
8
14
21
10
9
22
10
13
19
12
17
9
20
32
14
10
13
8
11
15
10
11
13
14
14
22
18
11
8
7
9
11
11
18
13
10
10
20
17
9
14
16
8
14
12
19
29
19
29
20
14
17
10
14
17
14
8
14
13
19
13
10
15
19
10
16
13
12
8
13
12
10
12
14
14
9
9
9
19
11
9
11
17
8
11
19
8
10
11
9
9
16
13
8
12
9
16
20
13
9
17
11
13
15
8
12
9
14
10
10
14
9
19
16
12
11
9
17
8
10
14
12
18
12
13
9
10
13
8
10
11
10
10
7
9
14
8
8
9
10
9
11
11
17
7
9
11
9
9
12
8
9
10
12
8
9
8
10
8
12
9
11
7
8
12
8
9
8
9
8
9
13
8
10
8
8
8
11
11
8
9
8
11
11
11
9
9
11
8
9
11
8
13
10
10
8
9
9
7
10
10
11
10
9
11
10
8
11
15
14
10
13
9
9
7
10
11
9
10
8
11
9
15
13
9
12
10
9
11
10
10
9
9
10
8
9
9
9
8
9
9
9
9
7
10
10
8
9
9
10
9
9
10
9
10
9
12
8
9
10
10
10
8
12
12
10
11
10
7
9
10
8
10
8
9
7
10
9
9
10
9
8
9
8
13
10
9
10
10
10
9
10
7
9
11
8
8
9
8
8
9
10
8
9
8
7
9
8
12
11
9
8
11
9
8
8
9
8
9
8
9
11
10
8
8
7
8
9
8
11
9
7
8
13
9
8
8
9
9
7
9
8
9
10
9
8
8
9
8
7
7
8
12
9
8
9
11
7
9
10
10
8
11
9
7
9
12
8
7
9
9
10
8
10
9
8
9
9
8
9
8
8
11
9
9
10
7
8
9
7
10
12
10
11
10
10
7
9
10
9
8
7
11
10
9
8
9
9
9
8
9
8
7
9
10
13
7
9
9
8
8
14
9
8
8
9
10
8
14
9
7
8
8
8
9
9
11
7
12
8
10
9
8
11
9
8
9
8
9
8
10
9
7
9
10
9
9
8
8
11
11
7
8
10
7
9
12
9
8
8
8
9
9
8
11
8
12
8
7
8
18
8
12
9
7
8
10
9
7
10
9
14
14
12
8
8
9
9
8
12
15
16
10
8
10
15
8
11
9
9
9
9
9
8
10
12
10
7
8
7
14
9
8
11
12
8
8
7
12
8
11
8
10
15
9
8
9
14
9
9
16
10
9
12
10
9
8
8
8
9
15
13
14
8
14
9
9
8
8
12
8
8
7
9
12
12
8
10
8
10
7
7
9
10
9
12
11
8
9
8
8
8
11
9
7
8
7
8
8
18
12
8
9
8
11
9
8
8
11
8
8
8
16
8
11
8
9
16
13
16
21
8
8
8
12
10
9
8
13
8
13
8
8
10
18
41
98
266
113
156
404
110
180
241
221
13
13
10
13
12
10
11
12
11
13
11
12
10
9
9
11
11
12
11
12
9
9
10
11
13
9
9
12
10
11
13
11
12
12
11
10
11
11
12
9
12
10
9
13
11
12
13
11
9
12
9
13
13
11
9
10
12
15
11
13
13
13
12
9
9
12
13
9
13
9
11
11
13
14
9
10
29
10
11
52
27
13
50
9
12
42
47
29
44
26
44
10
44
24
52
27
89
88
41
89
53
182
95
158
48
51
42
154
62
60
51
76
47
89
122
74
69
54
69
100
62
113
125
64
60
165
42
116
69
100
37
120
75
59
113
93
70
108
68
96
36
128
36
35
71
33
70
120
38
29
105
36
71
66
64
37
36
51
74
48
107
85
43
64
30
114
43
97
29
39
34
142
92
38
22
17
51
46
34
31
65
96
40
30
36
27
31
89
44
47
58
101
24
179
38
29
30
93
38
31
62
38
15
112
38
33
62
101
23
125
73
55
67
48
37
60
20
45
42
37
62
24
41
87
84
98
66
63
67
89
79
76
17
34
110
99
150
89
110
129
41
79
56
130
115
188
155
124
106
56
82
19
144
71
115
33
96
59
8
26
45
11
64
10
14
56
38
26
30
27
24
22
22
21
31
32
12
89
23
66
25
31
34
12
80
35
15
40
9
62
112
10
33
30
9
11
24
24
9
8
42
32
24
12
9
