32
16
33
18
46
15
10
11
23
30
42
29
16
40
10
17
15
15
15
10
19
17
20
11
22
21
11
16
42
12
9
13
11
11
14
28
53
23
13
16
9
25
13
12
15
13
19
16
20
13
23
12
18
14
12
8
17
13
12
9
14
15
11
15
19
8
13
15
15
9
9
13
21
36
39
10
21
11
14
9
27
18
15
12
9
11
11
13
10
18
8
10
11
17
11
20
15
14
12
12
8
10
27
20
14
21
12
11
18
9
9
13
8
10
24
9
9
9
11
17
17
7
10
19
17
10
17
15
18
12
24
12
9
12
11
10
12
10
8
26
13
12
11
8
11
14
9
11
10
11
17
9
13
9
10
16
14
10
10
14
10
13
13
17
16
16
10
14
11
11
11
12
11
20
12
10
10
11
10
12
11
8
15
14
9
15
9
11
15
7
9
15
17
8
8
9
11
9
10
8
12
8
8
12
8
8
8
10
8
10
10
11
14
14
9
9
9
8
10
9
11
10
9
9
10
10
8
9
11
9
9
8
9
17
9
10
8
8
11
16
9
9
11
11
12
9
11
14
9
11
8
13
9
12
9
8
9
11
10
11
9
11
10
9
12
13
12
11
8
8
8
9
8
7
11
14
10
12
9
7
8
13
10
13
12
9
10
10
8
12
8
10
9
7
17
11
9
8
13
9
7
9
8
14
9
12
8
7
11
8
9
8
11
9
12
11
9
8
11
10
12
9
8
8
13
9
11
9
10
9
9
11
7
7
7
8
8
9
9
8
10
13
8
8
9
8
9
9
10
8
8
9
12
8
11
9
12
8
10
8
9
9
10
8
11
9
11
8
9
9
8
8
13
91
7
12
9
12
8
10
38
11
15
70
97
11
9
9
15
32
104
94
7
18
10
85
51
8
99
100
28
25
11
40
8
16
33
20
99
24
22
43
94
8
111
7
19
40
26
31
8
59
45
12
97
34
10
38
91
11
15
13
21
8
19
11
16
23
71
22
13
11
51
93
156
10
12
10
109
10
12
11
9
10
13
34
11
8
17
8
99
8
57
9
13
11
15
24
20
14
42
23
11
28
12
14
19
17
26
10
32
9
71
11
19
23
9
26
46
29
34
10
7
10
24
24
10
28
11
26
43
23
27
12
8
26
30
22
28
23
20
11
14
42
21
24
36
10
25
25
31
37
38
23
12
31
22
24
23
26
11
20
28
14
45
18
33
10
27
58
31
35
27
35
24
45
21
93
23
31
31
54
14
55
56
42
12
82
68
9
27
45
37
40
48
37
30
21
19
24
19
39
54
13
22
32
80
51
17
29
24
25
27
59
75
84
26
37
22
52
66
10
24
9
30
45
37
49
28
10
51
49
61
43
57
49
62
56
55
32
59
35
26
70
39
59
62
72
63
53
72
52
48
8
74
69
16
46
29
102
23
13
32
39
17
28
74
35
29
58
44
8
44
55
55
43
32
49
24
111
59
32
74
8
58
36
28
68
28
23
27
59
46
47
50
75
97
73
39
50
12
10
90
56
38
18
41
68
47
52
41
64
43
38
66
57
43
20
50
24
48
47
52
57
86
67
10
48
8
27
28
31
9
80
28
27
76
56
26
70
26
37
32
25
35
66
49
24
27
21
103
28
81
27
75
8
38
37
81
79
59
74
53
67
54
58
54
9
87
76
54
56
10
33
28
76
83
79
35
81
51
44
57
10
36
63
81
42
63
19
77
43
79
121
54
32
20
9
8
49
23
8
80
24
42
10
16
38
64
142
21
92
43
14
19
11
19
29
29
14
57
63
18
36
14
62
10
71
22
13
195
12
64
15
51
10
21
23
27
52
80
69
31
15
29
45
30
15
51
28
53
13
30
10
26
39
14
19
34
25
96
100
9
30
52
16
11
19
88
64
45
33
16
21
96
24
32
16
45
13
49
56
36
44
22
18
25
13
40
24
36
20
18
18
31
17
16
29
127
134
20
14
9
37
112
14
19
59
23
15
119
15
50
59
15
8
21
122
112
12
36
18
113
21
128
22
28
71
126
61
130
22
156
17
14
34
115
12
35
189
38
29
42
12
17
24
8
17
13
78
89
154
44
20
140
31
25
53
43
39
22
34
14
117
62
21
58
52
25
26
66
31
62
10
54
130
18
34
86
29
26
28
34
23
41
58
23
49
57
24
62
15
46
83
38
60
30
39
41
14
16
19
64
37
39
68
16
144
12
31
45
23
16
10
12
67
34
14
52
23
9
40
22
28
19
16
26
28
38
9
