24
16
19
16
25
25
19
18
17
14
17
19
22
18
22
24
15
12
11
34
12
34
19
15
21
14
15
11
13
14
15
10
10
10
10
21
21
12
13
14
16
12
12
14
35
19
13
15
16
11
26
21
12
16
22
19
16
9
22
19
15
15
13
12
21
43
17
19
28
45
28
55
40
32
43
68
119
17
28
17
30
56
42
25
26
36
81
22
43
26
36
16
43
16
38
25
33
85
30
41
32
33
43
14
27
15
123
33
49
22
20
13
43
59
17
23
89
41
30
59
39
35
50
31
73
71
68
60
53
124
48
70
53
116
64
116
68
32
137
52
136
66
35
69
180
123
74
93
28
312
176
200
219
44
158
107
152
239
45
129
227
246
126
101
258
305
192
155
227
119
301
207
62
264
32
234
275
248
224
100
183
13
65
108
343
158
223
227
301
235
350
468
267
314
193
125
175
269
271
366
315
193
287
170
260
67
373
135
163
281
297
289
43
290
161
306
237
224
141
46
19
263
163
39
45
254
368
374
202
78
257
357
227
107
220
157
290
68
68
36
247
235
179
278
235
250
261
78
253
265
210
239
237
222
225
232
200
218
214
204
235
242
15
110
208
202
202
75
193
200
35
216
214
237
236
188
95
239
232
211
225
201
228
262
13
238
260
266
294
234
253
242
251
219
299
212
215
249
235
275
280
325
225
137
226
262
335
291
284
219
221
261
207
300
257
98
250
286
277
254
257
235
282
381
239
215
250
220
218
229
105
241
219
202
260
118
229
210
239
242
261
219
239
179
210
221
195
197
171
235
209
215
136
190
223
224
247
226
238
216
34
182
191
171
249
184
193
198
199
72
200
205
213
95
193
191
208
148
170
165
66
152
163
144
149
14
158
145
131
166
166
155
67
156
157
169
144
150
179
166
157
164
158
167
175
153
197
179
152
31
156
151
181
147
164
145
195
150
169
155
183
14
159
151
151
143
164
144
160
152
152
159
167
189
139
144
72
113
175
155
150
181
140
152
182
163
158
154
158
158
167
225
177
153
57
70
115
159
139
175
168
166
156
187
145
200
151
175
188
141
161
162
162
160
178
198
179
150
164
183
157
186
164
182
172
190
173
169
173
152
157
166
169
171
165
166
175
174
165
170
92
195
172
166
154
162
184
169
109
193
190
153
210
205
172
176
175
160
195
169
172
159
174
133
88
236
176
399
382
220
156
184
186
221
173
164
271
204
204
285
276
170
173
174
390
408
173
188
272
269
193
238
206
69
220
206
183
228
189
206
187
53
37
213
220
193
237
197
350
176
185
144
34
180
38
200
69
174
245
183
180
168
176
185
176
287
184
186
162
158
194
161
162
178
236
264
218
190
148
183
172
181
223
166
168
161
166
266
169
153
192
245
173
181
180
172
163
500
169
70
283
256
290
196
73
238
317
173
195
85
500
236
52
494
227
22
205
500
238
459
349
74
205
106
500
215
232
97
101
69
500
228
377
350
130
148
241
350
394
206
224
385
116
232
66
151
255
342
443
229
201
210
187
195
198
189
164
43
199
137
152
174
145
197
166
152
163
159
167
40
58
217
153
184
183
176
169
154
191
177
175
202
174
151
122
129
158
148
138
180
185
184
163
135
148
146
166
160
131
12
156
142
160
161
148
172
180
164
295
203
183
188
161
152
233
158
167
207
156
144
118
182
229
135
156
150
153
193
202
188
151
168
160
184
149
176
220
500
256
287
212
179
243
194
155
37
31
46
139
92
141
245
210
201
228
189
162
121
145
146
140
166
144
340
140
121
137
183
125
134
141
145
178
132
141
148
129
134
127
140
153
129
123
166
71
131
137
131
135
123
233
138
171
133
144
50
164
130
126
163
115
152
171
161
138
125
134
169
140
140
130
136
144
133
130
152
159
150
136
149
143
146
132
123
144
126
144
143
146
134
152
120
122
125
136
115
138
140
143
138
141
157
147
156
156
114
174
132
172
113
158
214
142
406
141
272
179
200
175
204
202
161
146
165
97
141
109
112
141
99
132
124
142
120
114
147
41
120
114
200
69
125
181
132
176
171
27
158
164
123
170
129
139
140
135
135
123
147
155
133
184
165
228
50
125
161
160
168
152
159
171
72
122
175
158
147
156
166
126
152
108
190
74
321
150
135
142
147
164
127
142
116
125
118
131
155
127
150
108
128
133
131
114
111
143
127
192
153
150
142
159
135
123
123
114
134
128
176
139
118
105
111
132
103
152
109
123
13
111
35
143
146
119
477
113
142
180
157
127
169
