20
9
23
135
22
19
16
14
35
13
12
13
29
29
13
15
10
8
21
23
19
8
28
15
10
10
14
33
18
11
9
14
38
37
8
20
9
20
16
16
13
14
19
28
11
14
15
69
17
14
11
12
67
18
51
23
27
17
51
17
21
27
77
12
12
18
59
67
76
54
35
52
28
46
27
65
65
20
25
49
122
20
111
87
44
36
12
13
71
52
84
32
39
127
172
70
57
89
142
153
100
102
106
35
79
96
51
85
132
52
104
43
144
15
58
20
147
19
140
38
164
57
10
93
39
19
153
54
16
66
70
175
40
46
113
28
27
43
180
185
71
89
27
79
129
23
103
67
209
43
47
95
26
69
130
42
205
40
51
73
132
145
199
34
91
51
43
342
28
118
354
149
183
115
126
105
134
118
147
287
243
14
185
74
116
15
186
179
297
91
107
181
52
288
35
169
130
218
149
63
46
33
13
445
257
170
12
341
181
69
88
226
213
144
157
153
87
55
42
160
255
62
138
135
131
16
158
109
154
117
58
114
103
110
85
30
117
15
163
168
103
155
73
132
211
205
132
62
29
37
53
47
123
146
195
26
170
105
181
176
146
189
84
92
140
56
142
157
208
31
53
60
172
89
19
157
124
215
175
174
160
138
135
21
82
49
167
68
158
82
155
190
39
110
19
80
107
178
24
136
135
176
137
13
47
155
99
27
25
77
122
105
175
59
107
108
54
34
16
93
11
195
63
163
196
33
109
151
162
83
151
167
88
219
29
11
78
28
172
28
29
33
153
15
255
68
226
196
112
30
113
51
44
293
198
427
191
22
24
58
28
50
96
218
109
58
57
142
147
175
72
144
152
101
155
67
11
27
9
49
31
19
14
68
204
234
109
144
116
108
31
75
161
123
145
113
105
136
123
178
133
87
50
25
41
107
106
178
100
10
77
85
46
39
53
83
58
74
61
83
113
12
14
93
89
77
152
206
408
127
31
25
121
121
142
59
114
42
127
142
60
119
177
113
124
134
59
55
115
113
185
9
73
463
192
115
66
128
155
136
13
128
134
144
142
101
174
106
133
132
78
212
97
107
38
67
309
13
95
40
153
113
92
122
108
115
156
138
289
11
54
53
69
84
102
146
69
115
23
41
165
34
69
31
101
134
139
151
165
37
143
70
141
131
87
126
77
72
133
125
104
107
86
95
132
28
141
88
107
138
18
82
11
38
312
120
71
129
11
135
130
58
122
32
124
112
107
88
95
111
35
30
10
11
89
150
66
90
66
58
115
74
68
88
133
97
154
78
10
62
142
68
119
14
222
185
260
157
131
31
79
222
134
9
121
57
139
151
44
154
34
107
127
120
128
117
125
129
107
108
108
69
25
104
115
110
105
104
113
103
98
112
102
111
112
62
30
109
135
61
125
105
103
65
156
156
145
122
17
134
53
149
45
160
43
48
79
37
23
74
118
127
61
50
116
12
277
217
130
131
64
64
259
28
41
289
69
103
109
38
134
91
149
165
168
75
20
109
167
118
112
120
126
108
162
176
135
163
196
107
320
135
75
222
12
132
76
128
41
208
151
56
47
169
137
18
210
255
499
136
81
80
145
163
134
125
115
168
55
118
89
107
97
14
270
45
60
42
56
48
161
39
52
57
56
74
51
62
54
55
61
58
30
222
140
118
118
104
176
175
119
102
137
77
124
138
48
89
102
11
133
82
14
32
118
115
125
112
115
122
109
125
111
127
32
138
107
15
121
54
132
68
144
65
13
68
29
50
176
196
45
193
245
162
127
318
352
237
167
331
415
351
171
196
82
189
145
131
16
142
153
117
15
43
148
227
65
204
50
179
12
185
275
257
257
226
85
33
185
46
142
151
122
90
107
98
103
104
102
12
115
101
96
21
11
112
36
111
31
216
111
154
285
107
129
111
36
115
128
143
134
141
57
233
89
123
151
171
234
168
111
103
214
134
100
104
78
77
137
176
125
121
155
143
51
119
128
112
118
123
107
118
28
117
20
35
322
108
111
107
105
119
128
29
69
94
112
26
18
34
35
53
107
107
98
97
100
100
69
133
86
114
117
115
121
187
87
16
188
13
122
118
112
131
113
127
117
121
122
105
106
150
160
56
31
39
45
125
183
108
101
93
102
189
89
133
142
132
24
112
35
17
22
24
162
108
104
107
102
108
102
107
109
106
21
110
18
109
106
124
105
114
55
111
9
12
94
71
133
85
134
118
134
170
186
133
11
51
149
70
118
157
87
157
119
116
47
10
45
99
