27
18
21
12
26
18
23
28
10
16
16
18
27
14
20
11
23
23
23
23
12
18
13
16
32
16
22
12
10
11
14
11
10
41
17
23
11
11
13
13
17
16
12
33
17
8
21
7
12
28
14
17
18
39
12
14
8
10
46
44
14
18
65
92
65
44
66
46
12
66
27
19
77
92
44
20
43
11
56
55
20
79
60
79
21
60
52
52
40
61
17
21
19
45
47
31
83
53
38
47
58
70
32
79
84
49
61
101
134
61
23
62
47
136
69
111
23
99
70
139
119
75
52
148
82
79
304
107
251
20
134
158
110
156
135
194
23
173
167
204
112
80
132
271
130
80
194
217
243
240
174
47
57
54
184
140
322
155
87
166
281
144
109
289
30
15
169
341
479
54
62
186
203
301
178
97
201
317
205
258
344
78
32
47
183
107
295
189
267
332
301
416
46
192
114
312
290
276
68
126
318
55
49
365
32
229
489
121
299
171
225
241
103
290
365
255
26
206
187
191
351
316
352
304
360
260
36
211
73
278
244
243
22
189
270
358
99
135
318
89
87
302
279
296
255
286
255
238
342
241
72
238
185
284
235
199
283
270
295
50
214
227
227
189
449
251
244
139
264
229
244
263
227
231
251
276
113
254
115
260
265
244
222
336
294
249
182
232
240
270
270
306
181
250
213
295
111
162
76
10
208
215
344
282
40
60
247
426
298
233
286
211
110
324
209
266
402
340
189
258
290
270
277
199
287
196
207
344
335
368
200
224
252
225
205
195
185
318
271
234
245
174
213
67
236
43
207
236
247
186
228
50
184
258
180
173
66
178
125
324
239
186
353
197
246
297
168
185
339
194
214
241
266
249
308
235
214
187
197
211
235
87
196
153
264
216
217
84
120
200
191
218
193
203
311
175
251
139
192
207
211
201
169
233
226
275
366
235
196
203
195
283
259
225
201
156
163
248
181
221
211
211
170
151
183
214
148
168
184
177
202
205
166
449
208
188
39
202
204
234
95
243
251
172
14
69
216
181
91
238
252
109
273
353
218
339
97
235
120
368
192
224
346
207
359
196
308
277
118
429
174
279
225
221
207
189
219
283
248
232
32
100
222
367
298
499
295
257
226
235
283
340
199
286
266
204
185
167
167
182
179
118
219
198
172
98
322
121
499
322
250
193
186
174
178
164
188
69
158
193
190
223
201
238
183
161
499
390
163
192
173
230
250
209
183
152
412
188
394
198
137
243
152
393
269
242
196
158
149
175
208
146
169
139
147
170
179
168
43
181
182
499
259
250
153
105
240
256
499
166
358
308
470
306
499
89
387
147
198
217
297
499
38
290
230
137
165
73
158
478
225
182
139
27
79
499
24
442
499
487
157
499
85
499
499
306
143
203
499
347
308
231
317
499
371
499
145
200
268
387
468
239
499
231
200
499
323
489
140
385
290
221
170
130
313
240
262
159
15
482
272
445
197
316
53
34
400
188
275
165
343
377
268
412
324
292
309
234
499
255
248
450
214
466
340
394
317
406
427
335
473
499
301
328
409
252
485
126
192
127
169
114
249
403
332
192
169
357
207
391
105
251
135
214
293
53
176
139
54
144
25
123
157
169
139
139
44
412
150
499
186
139
427
158
138
154
137
19
210
458
127
168
411
131
162
438
150
151
228
499
209
181
499
210
499
462
436
190
477
121
470
105
158
207
105
145
187
154
145
258
211
121
311
96
36
101
50
106
157
115
82
147
154
269
42
296
282
203
268
193
204
155
260
329
182
210
171
246
257
243
202
213
189
171
166
276
223
155
136
209
192
463
289
231
275
304
265
219
184
214
106
82
169
368
235
321
155
160
167
148
179
387
142
203
128
128
189
391
155
242
390
133
386
377
136
272
74
42
177
81
127
447
250
370
300
159
186
346
150
400
204
136
259
193
248
181
77
146
141
155
251
22
271
268
499
463
258
208
312
139
121
162
86
185
136
358
279
211
211
183
275
497
291
259
110
212
499
39
72
338
372
118
327
499
278
161
224
429
280
153
189
193
198
94
273
131
85
288
167
319
109
347
499
499
223
341
139
333
151
193
189
199
10
185
297
193
274
177
139
241
185
212
289
176
314
143
221
184
275
445
499
307
340
145
254
183
138
499
180
302
69
499
191
157
343
166
177
111
153
172
397
377
60
183
331
345
167
459
499
405
160
206
203
118
336
99
257
434
205
144
150
39
307
276
295
178
473
387
400
244
122
160
204
221
153
28
205
388
259
234
356
410
202
339
219
499
303
233
200
192
