30
40
12
28
14
18
12
9
15
18
29
33
12
38
13
20
9
18
41
11
16
16
13
24
12
22
17
12
17
12
10
16
14
16
38
19
12
14
65
9
9
9
50
12
15
15
17
38
45
60
24
21
11
59
16
19
17
10
30
9
35
24
24
40
30
13
49
60
45
32
66
29
34
18
103
42
26
49
44
27
60
18
40
66
111
120
106
114
20
22
58
26
43
92
71
50
138
25
106
44
41
104
40
126
12
53
61
158
95
117
143
164
63
122
89
32
108
121
115
124
63
62
102
220
14
138
188
50
161
120
59
100
62
169
191
30
252
38
35
21
189
150
37
188
67
107
133
172
214
208
173
53
203
102
32
144
215
55
199
91
122
47
115
148
20
106
59
60
247
148
129
80
138
150
202
120
58
30
127
163
36
144
130
146
153
153
13
112
81
11
196
81
156
154
217
78
196
124
168
138
193
103
267
145
221
37
140
209
140
162
10
255
161
156
245
169
60
151
83
137
43
139
160
123
106
40
79
39
69
31
93
140
96
128
194
12
57
12
73
150
13
88
151
45
57
207
25
11
68
73
81
145
67
140
30
156
48
133
108
142
46
24
122
136
61
42
44
112
56
108
93
55
173
43
78
119
132
132
119
58
48
145
51
149
65
53
34
103
33
59
117
126
214
11
108
155
45
140
228
66
79
230
231
72
107
80
24
119
112
100
33
131
25
29
66
30
199
142
114
140
95
35
109
135
126
121
32
41
104
111
34
57
116
61
145
37
232
100
80
179
118
293
97
123
19
46
116
115
136
79
118
92
73
138
121
99
113
304
139
82
56
115
114
123
77
159
184
101
129
139
137
272
118
200
147
55
48
148
271
140
22
154
139
204
74
59
109
178
133
71
231
109
96
32
115
60
142
74
222
334
440
125
113
43
103
170
315
256
174
27
116
66
109
231
89
50
117
107
35
13
159
109
147
94
28
117
191
156
27
97
189
85
125
75
144
192
109
111
17
101
159
81
128
161
74
123
19
116
298
131
204
106
23
148
90
136
95
146
135
167
129
136
83
60
92
123
98
135
80
125
23
140
42
233
71
52
183
62
121
146
17
193
292
169
159
105
106
319
99
98
99
159
221
68
129
125
186
169
134
137
26
175
148
50
83
137
161
139
133
143
119
73
141
136
239
224
41
144
160
128
22
48
372
110
141
119
191
97
104
44
94
177
139
111
111
27
117
116
103
155
42
130
103
121
193
140
172
106
106
61
90
200
79
113
16
101
263
168
105
113
98
101
107
99
113
332
160
143
130
67
64
188
322
120
117
283
151
223
105
142
102
172
42
188
139
117
183
152
177
144
128
155
152
76
16
174
118
159
112
107
69
135
98
137
141
288
130
168
218
183
169
169
110
118
86
125
130
14
113
53
114
34
112
146
121
205
118
118
185
227
145
232
226
130
125
118
212
101
125
114
127
136
195
154
132
142
159
165
195
102
76
129
110
69
137
192
113
182
97
215
223
105
168
67
148
61
103
53
191
130
115
124
134
41
286
122
132
155
105
116
46
51
114
78
131
107
79
38
42
37
105
193
112
222
101
449
188
153
201
205
132
41
137
41
127
162
178
11
108
106
147
113
100
173
154
108
288
110
144
90
133
143
270
143
43
26
213
311
91
116
99
143
121
50
25
108
101
182
121
39
110
202
139
220
120
172
118
19
343
124
120
149
112
124
25
107
132
134
99
109
134
97
186
129
207
110
119
201
116
127
109
153
145
25
120
122
100
158
127
97
122
18
135
115
100
272
148
92
109
99
104
138
104
239
96
109
100
261
123
130
83
110
184
34
95
125
96
250
55
117
104
69
119
185
137
125
116
131
140
109
180
119
260
70
106
83
204
107
373
34
183
151
140
141
130
22
128
139
82
265
133
123
154
160
142
196
79
124
113
80
201
209
89
58
103
129
103
126
159
112
160
123
164
109
154
206
145
122
106
56
125
122
300
113
182
125
149
136
37
160
98
176
142
134
207
194
109
152
189
144
132
216
206
127
138
33
114
147
226
121
142
14
107
111
143
69
155
137
119
83
107
117
116
128
196
127
107
101
109
403
163
97
136
279
421
255
122
103
137
213
65
104
89
49
39
231
90
114
67
232
100
274
114
149
92
96
71
74
113
42
154
67
94
51
114
113
40
60
69
85
68
150
157
94
159
108
233
426
180
125
130
136
142
172
109
129
111
118
108
311
458
356
58
54
103
244
110
137
223
117
228
146
58
154
189
136
275
202
284
167
