28
18
17
16
12
15
40
20
22
17
20
18
21
20
14
70
11
19
14
32
32
17
19
29
14
8
20
31
13
38
13
17
27
34
20
33
23
11
9
25
30
23
16
30
42
25
11
97
56
29
48
25
13
12
25
68
37
18
12
46
80
61
64
82
32
26
18
35
62
60
53
25
45
24
71
34
47
58
66
81
50
31
36
32
33
118
99
36
93
57
53
68
14
65
121
49
47
59
77
63
35
78
73
45
137
92
52
149
65
30
71
121
112
130
87
33
169
102
77
12
60
113
145
32
17
52
136
54
209
30
150
47
122
28
166
122
21
155
42
138
85
135
98
151
18
18
123
155
137
99
138
58
148
14
114
15
72
204
29
190
187
179
30
14
32
58
69
32
157
150
55
131
187
41
141
56
143
97
143
116
168
68
182
52
10
157
185
157
62
176
100
162
102
47
143
18
180
114
129
153
180
154
164
99
138
102
123
160
134
36
126
47
11
156
149
17
144
139
17
138
131
144
148
398
152
158
39
43
43
51
306
21
107
261
470
159
126
153
23
64
58
254
10
129
39
23
116
121
157
25
126
113
95
53
119
56
94
133
215
130
143
146
50
110
69
10
82
51
203
26
78
122
21
117
128
148
12
16
123
104
98
56
108
78
77
102
100
101
92
114
103
100
120
56
11
143
37
44
57
11
107
59
16
11
11
16
62
122
10
150
93
46
18
15
125
67
90
114
23
142
130
160
39
11
138
111
125
130
87
117
150
121
122
118
95
160
54
11
140
77
138
194
180
147
79
215
258
29
22
22
124
188
60
159
122
124
110
143
133
85
85
165
115
117
291
139
57
104
49
22
184
117
122
47
13
137
261
100
178
130
115
119
33
104
103
121
210
33
89
118
123
140
125
170
116
116
113
83
11
100
110
11
99
109
128
111
101
103
113
40
104
56
12
176
70
42
60
19
152
38
114
193
487
360
27
12
60
80
90
94
228
126
146
178
181
131
89
114
132
106
175
129
94
245
78
19
97
107
40
118
56
127
109
121
146
127
105
132
130
12
132
122
39
16
32
74
15
35
46
23
109
113
131
83
118
80
115
78
114
122
116
120
117
120
123
223
144
154
13
50
21
63
114
117
79
134
145
102
101
98
230
108
122
24
32
116
143
105
119
129
120
117
124
105
132
111
84
105
85
194
286
123
197
94
102
112
100
80
114
107
106
35
109
102
102
103
100
75
72
113
16
113
121
114
40
31
53
56
116
151
46
93
138
119
218
113
100
107
48
43
22
122
118
147
157
139
151
110
117
125
122
128
134
115
121
36
129
135
165
91
114
129
196
174
75
150
120
88
32
107
29
93
29
29
38
11
34
29
109
123
121
97
115
115
126
154
115
51
114
35
96
65
241
87
131
106
111
121
171
361
214
83
195
109
184
99
151
102
71
34
115
33
126
114
127
113
98
58
106
188
114
22
65
129
118
131
222
215
178
33
101
152
124
102
277
235
234
44
17
124
148
156
156
181
128
16
158
69
154
113
146
122
110
119
73
116
128
40
143
72
118
66
119
120
97
152
113
9
109
100
111
140
115
101
100
100
105
108
147
113
261
26
64
115
64
70
153
129
171
64
127
177
152
156
96
138
115
115
89
131
96
103
78
104
107
120
108
108
111
101
108
42
109
84
106
35
66
10
136
94
100
104
103
117
107
68
126
51
110
108
106
13
101
94
102
23
113
112
105
113
126
58
120
127
148
151
164
240
183
22
97
122
52
114
109
119
11
31
131
145
97
109
106
100
52
106
120
100
112
96
95
98
16
94
71
11
106
112
20
129
106
71
106
130
111
116
309
125
128
106
136
172
204
276
98
122
106
143
236
184
158
100
108
96
127
14
130
40
97
95
118
57
115
46
25
146
103
112
103
101
109
264
164
137
139
22
131
162
125
141
138
128
139
185
92
101
12
20
25
103
141
110
93
29
227
93
69
254
101
100
212
148
182
143
147
120
143
137
109
26
198
145
191
184
165
172
122
149
151
109
31
158
181
234
173
102
113
123
137
140
90
108
104
119
120
30
157
119
130
159
112
137
172
144
133
26
24
116
149
127
32
112
22
137
113
158
20
128
12
186
16
14
10
28
14
36
91
110
112
92
99
131
141
111
33
125
36
28
53
27
28
34
71
122
25
116
131
118
71
73
70
32
80
43
50
38
28
15
15
18
15
27
12
40
13
33
14
62
26
44
16
40
35
31
13
19
28
19
33
38
18
49
324
36
113
28
34
251
14
39
