25
16
18
12
46
17
16
16
13
13
12
20
35
20
16
14
9
20
15
22
15
38
12
14
11
19
23
28
35
14
11
24
12
18
17
11
21
18
31
20
30
9
26
11
31
17
24
13
15
17
16
19
19
16
12
25
13
31
10
20
15
14
12
11
26
14
12
15
15
15
13
18
13
11
14
12
24
14
17
10
31
13
10
11
19
13
9
13
17
15
20
10
11
12
13
10
10
14
19
10
13
11
18
14
11
14
20
11
21
16
13
10
16
20
23
11
15
12
14
14
17
17
11
23
15
20
11
17
23
11
21
15
12
9
16
9
9
13
11
11
18
9
23
13
18
22
12
10
12
14
18
9
11
12
12
16
12
15
9
13
12
11
10
13
16
12
15
15
25
11
12
12
12
9
11
10
14
16
9
9
12
12
12
11
11
9
18
10
11
10
14
9
12
15
12
23
10
14
10
11
10
9
9
17
10
9
11
15
10
10
10
10
11
14
12
14
11
15
13
24
14
34
10
10
11
13
9
11
10
10
11
12
10
11
27
20
10
28
10
14
14
22
11
19
11
21
13
12
9
11
25
11
22
10
37
12
11
22
10
29
25
10
12
11
21
15
9
22
11
28
13
12
9
75
9
10
9
9
10
9
9
10
12
10
12
20
12
10
11
9
11
12
10
12
13
10
13
9
10
12
8
10
21
11
10
10
12
10
9
10
12
11
10
16
14
11
10
12
11
10
12
10
9
10
9
21
16
12
10
8
12
16
11
10
23
16
11
9
11
23
18
21
12
13
10
10
10
12
19
22
20
19
19
9
23
45
16
9
17
26
22
9
15
17
25
18
37
14
12
10
9
21
19
12
14
28
35
40
26
23
15
21
15
16
20
39
17
10
15
17
25
40
10
36
26
21
25
32
15
41
40
53
30
24
53
29
62
70
23
44
27
62
16
98
70
53
58
43
72
12
22
71
33
123
44
33
84
30
63
55
13
33
118
188
176
13
164
24
65
29
40
68
85
21
37
29
30
35
24
40
58
34
31
42
54
50
79
22
42
56
13
42
38
32
71
29
49
35
22
65
40
40
44
53
15
13
59
45
73
46
65
29
20
72
41
13
53
9
10
55
31
23
89
65
32
10
51
61
76
8
14
64
12
10
11
63
22
22
11
54
13
60
56
34
53
95
9
43
59
30
18
19
15
43
20
32
17
35
64
34
53
17
14
20
38
49
69
43
39
22
37
17
16
19
98
47
18
32
40
14
32
25
22
34
19
20
32
17
21
17
39
15
15
21
19
25
25
15
20
18
27
32
28
20
19
13
12
14
61
53
69
15
30
49
27
53
11
23
25
25
27
25
23
41
22
45
15
29
30
30
14
32
18
17
17
54
20
20
19
40
29
18
17
29
20
15
22
18
15
18
23
18
18
14
36
13
35
24
21
21
26
28
27
25
27
18
25
22
23
16
18
16
18
18
23
21
23
23
34
18
21
18
16
22
16
13
28
31
35
19
18
13
21
21
29
21
33
21
22
18
34
17
21
26
21
19
22
15
26
24
12
21
16
33
22
17
53
18
13
13
42
24
25
16
64
14
14
13
14
15
10
27
35
15
46
25
49
29
27
15
17
29
30
18
12
37
15
40
52
27
30
33
16
37
30
36
31
21
15
46
16
42
34
15
15
14
61
51
15
16
25
25
56
13
28
22
41
25
23
17
20
24
41
22
31
24
15
79
45
39
28
41
33
29
52
28
16
34
37
22
45
46
27
45
15
15
47
42
43
16
18
22
28
12
14
36
25
14
29
29
60
16
23
49
44
20
31
31
77
10
55
59
14
19
95
21
16
16
22
48
14
54
25
29
48
11
11
32
22
20
28
66
220
62
147
80
72
124
39
15
59
20
22
57
66
32
46
52
121
86
43
62
64
22
27
55
179
107
97
123
113
104
128
80
129
11
39
76
37
17
126
56
33
174
59
49
90
50
61
96
70
60
38
103
63
76
38
83
53
67
106
51
108
57
76
13
28
39
20
26
13
15
9
19
32
24
23
69
57
20
77
68
45
82
21
35
20
37
52
74
25
29
72
65
23
83
71
44
54
50
31
37
41
43
103
86
18
21
18
21
35
67
110
53
10
61
23
12
86
33
10
59
44
38
49
64
39
41
44
111
17
29
10
57
64
85
20
23
62
73
66
37
59
87
47
29
101
42
36
33
85
30
55
36
53
34
31
34
25
27
64
40
46
17
28
36
22
29
41
50
27
44
29
43
19
45
47
42
27
34
