31
26
15
23
17
17
12
14
11
13
49
15
19
22
13
39
24
28
13
16
10
17
18
15
15
14
12
9
19
10
16
14
11
26
23
17
10
11
9
16
33
35
19
13
32
34
14
14
19
11
37
12
14
20
13
22
11
16
9
16
11
14
14
12
12
11
15
15
20
18
15
16
14
42
8
30
13
9
13
15
12
13
10
12
13
19
10
12
7
8
9
10
9
16
19
13
15
14
14
11
11
13
9
11
13
12
11
11
13
16
13
39
11
13
12
11
8
18
15
17
15
9
10
19
27
21
11
12
10
14
20
18
7
11
19
11
10
9
10
9
9
10
12
16
8
11
12
18
21
8
9
13
9
14
16
18
13
8
11
14
16
9
8
11
13
11
14
14
12
14
12
9
10
11
12
11
10
11
8
9
12
12
10
11
13
11
12
10
8
9
12
15
14
9
11
8
7
9
8
9
11
10
13
9
9
9
8
11
15
9
10
12
10
11
9
12
15
15
8
11
10
14
8
9
8
8
10
10
9
8
9
8
9
9
9
8
11
11
8
10
8
9
14
11
9
9
8
9
13
12
11
9
12
9
11
11
10
9
9
10
10
11
9
8
9
8
9
12
13
12
9
13
10
9
8
10
8
8
12
8
8
10
10
9
10
9
8
9
9
9
14
8
10
9
9
25
8
7
10
12
9
7
9
9
9
8
8
10
9
9
12
8
13
12
11
12
10
8
24
8
10
13
9
17
15
8
8
12
14
7
11
11
10
15
11
9
9
8
11
9
9
8
16
9
21
9
15
9
9
13
16
15
12
9
14
13
9
11
13
8
9
10
10
9
10
9
9
9
31
10
25
12
10
17
10
13
8
9
9
15
23
22
9
12
14
77
12
36
58
75
45
72
61
45
55
51
104
95
84
145
98
96
122
124
92
35
83
113
162
76
113
100
97
49
100
119
95
113
92
75
14
37
41
10
43
21
10
41
60
41
22
20
44
31
52
35
13
10
56
38
37
108
50
65
47
17
90
9
16
34
88
206
133
46
128
29
117
236
210
281
96
241
172
277
131
154
135
90
81
77
13
26
17
42
14
14
12
59
51
29
14
17
12
13
11
13
76
13
38
67
23
102
10
15
24
24
10
41
8
13
10
17
27
12
16
16
42
36
13
24
14
32
84
188
61
84
51
92
47
43
92
41
65
55
116
164
78
56
138
132
43
50
76
61
68
59
98
139
48
60
48
40
34
28
85
39
49
133
90
170
40
163
140
110
141
50
72
95
48
156
123
151
138
85
202
119
78
82
95
87
156
102
108
127
167
100
69
107
100
153
78
65
15
174
145
108
141
179
11
12
33
93
74
118
20
62
12
73
61
79
11
33
38
86
54
70
35
13
31
14
68
41
72
15
9
64
80
8
74
55
22
46
24
25
69
32
39
9
11
22
52
29
14
26
94
15
99
9
84
69
68
31
23
63
67
36
72
48
44
56
63
77
57
32
51
10
42
35
47
49
73
78
18
103
19
42
35
107
75
8
86
89
32
33
83
80
43
64
32
99
72
31
68
25
75
73
15
83
82
83
15
104
84
87
91
75
34
78
86
24
15
74
99
13
68
73
21
32
111
61
82
68
85
84
59
87
75
87
97
9
75
14
53
72
116
51
69
31
98
81
105
80
76
20
21
29
13
66
67
27
13
71
16
99
25
109
67
72
71
72
104
24
26
69
32
23
28
41
26
21
21
21
24
15
63
48
9
22
19
10
42
9
18
22
10
21
17
16
86
33
11
22
102
79
31
33
33
10
22
20
20
33
61
12
27
9
22
24
134
12
10
16
16
22
26
17
18
23
26
22
10
35
23
74
54
21
22
26
8
32
119
15
18
16
27
29
17
71
23
14
16
28
19
54
60
31
38
9
13
22
31
25
37
20
120
23
57
20
16
65
34
72
28
19
28
29
88
33
43
109
13
42
67
21
16
9
48
60
50
22
25
70
13
25
9
35
39
56
39
19
45
18
12
39
21
48
34
24
21
32
9
62
16
26
38
60
42
20
53
21
99
12
11
9
40
68
29
24
28
21
38
25
38
27
25
50
31
33
32
32
9
19
79
25
72
26
23
17
122
26
43
93
29
32
26
28
20
37
22
10
26
22
29
48
102
19
23
15
71
88
77
20
130
26
16
106
79
12
26
25
33
24
151
19
36
51
54
50
65
149
46
97
12
26
46
9
17
55
16
28
120
91
27
25
30
36
78
43
21
37
30
23
30
95
62
15
11
118
28
79
