32
21
48
29
9
13
20
14
43
20
19
105
11
28
17
9
17
18
13
15
28
14
10
11
20
18
16
9
13
11
15
13
13
25
11
15
13
17
20
24
13
17
20
12
16
12
11
13
20
11
17
30
16
11
21
11
14
20
14
14
18
11
9
9
16
19
10
13
67
20
18
22
81
47
28
61
41
22
49
33
73
25
70
11
30
54
37
55
29
25
30
18
72
46
50
69
52
38
15
71
13
34
43
51
95
35
99
55
118
29
45
92
18
26
49
98
41
12
62
60
44
131
20
35
138
52
77
83
68
28
112
11
194
137
79
173
88
131
14
145
150
25
245
58
99
135
114
65
216
181
71
90
50
92
15
172
277
93
136
129
153
113
126
202
299
114
173
383
122
134
192
152
256
141
225
12
105
104
241
88
80
140
230
167
269
213
63
106
427
71
201
240
137
208
314
62
239
219
81
235
69
446
271
239
30
280
289
275
409
200
325
269
267
257
154
207
122
239
256
203
107
230
123
116
185
206
230
243
199
218
256
254
255
195
225
255
247
177
225
202
225
290
218
217
218
202
40
262
95
25
26
204
297
208
208
216
334
250
183
204
218
164
195
219
236
205
183
383
279
156
300
259
188
179
488
238
216
151
155
233
177
205
222
229
143
190
234
239
197
201
269
198
274
171
190
178
176
219
341
245
219
237
246
136
219
229
238
241
246
191
184
198
177
214
158
201
202
245
194
207
220
171
214
84
222
314
213
188
206
256
242
51
52
210
203
199
188
228
202
264
210
205
235
270
306
406
187
187
187
137
210
214
201
213
200
182
198
206
231
216
225
211
201
177
183
231
305
207
210
206
184
214
118
174
166
308
234
173
181
206
221
152
205
225
171
176
222
220
236
196
96
239
318
203
248
246
180
234
195
175
226
207
202
205
208
164
218
190
143
186
270
380
187
198
311
191
216
201
411
179
198
192
200
203
278
187
171
178
211
198
213
210
199
268
355
175
225
316
189
253
161
251
267
471
185
210
366
279
175
279
179
205
236
179
190
208
156
196
178
220
191
267
228
189
239
199
208
199
250
229
178
190
208
165
241
287
201
38
205
277
191
210
195
387
312
38
169
200
218
237
266
214
235
194
214
213
248
229
223
224
429
172
96
232
181
258
21
198
219
170
135
169
65
88
184
79
245
255
222
191
190
272
190
322
212
344
198
243
204
262
191
335
167
235
350
193
216
238
309
44
199
38
267
240
186
182
215
229
219
190
176
198
458
188
165
332
290
269
181
166
226
266
216
309
290
164
198
211
169
229
171
233
195
184
170
211
220
195
142
173
207
56
406
302
168
194
201
202
174
221
183
220
157
237
183
213
200
219
180
185
172
311
159
182
263
217
250
199
266
255
143
179
208
216
374
230
195
214
191
202
211
228
207
264
193
152
163
180
181
218
238
160
253
247
214
263
205
152
182
221
318
358
396
227
297
294
163
140
233
181
132
234
134
129
165
148
125
142
167
221
214
121
145
147
210
198
137
168
234
176
144
213
164
121
194
166
186
330
152
199
139
204
129
191
202
212
125
137
180
117
181
147
155
166
124
183
265
135
32
171
207
156
125
176
113
248
191
273
209
203
213
178
159
121
126
155
148
132
137
228
165
129
246
146
217
223
151
137
200
130
219
173
130
131
119
139
121
222
146
137
147
112
135
99
217
138
204
121
145
202
184
156
158
150
176
144
151
111
282
116
180
128
112
169
143
107
139
160
195
155
127
173
192
122
171
271
206
154
179
179
207
141
183
167
237
218
151
108
173
129
146
135
167
203
197
194
148
241
136
336
180
147
186
230
141
202
191
185
125
171
195
151
259
226
167
140
203
155
164
236
164
108
157
249
95
200
188
178
171
124
113
134
119
202
171
161
129
163
249
166
144
149
177
252
168
239
198
208
198
237
167
327
275
208
204
150
223
218
202
80
186
82
109
131
210
160
109
150
111
151
181
171
142
136
236
247
193
179
132
139
305
206
223
235
22
211
292
229
234
224
189
254
133
184
267
166
273
312
229
255
36
137
82
140
203
160
145
189
267
135
215
174
280
132
247
163
61
161
180
351
165
147
255
231
180
268
141
177
241
233
166
195
180
152
143
202
200
192
181
215
164
183
250
233
163
204
174
197
467
213
170
289
168
207
158
208
212
141
170
156
155
247
248
117
409
197
143
172
246
125
200
181
192
249
151
231
174
176
183
158
238
280
281
177
148
107
136
249
86
168
184
145
203
273
254
246
175
192
221
157
