24
16
47
26
11
22
26
13
16
27
11
13
10
14
26
15
9
16
34
33
23
10
20
14
17
21
30
12
17
12
13
18
13
10
12
11
11
15
14
76
25
13
11
21
10
17
14
11
23
12
16
36
27
20
16
25
24
9
14
14
15
17
9
17
16
8
11
13
18
15
18
23
9
32
20
21
53
44
63
30
16
13
84
80
92
52
9
53
19
59
32
40
28
49
69
39
59
33
26
72
116
60
19
24
81
31
42
32
47
87
38
49
124
52
31
32
60
178
99
32
75
37
31
40
67
115
39
50
136
61
168
61
29
55
127
137
144
126
103
232
34
172
93
64
10
71
166
186
18
287
210
36
270
65
225
278
92
173
41
120
94
83
127
91
326
216
344
46
55
287
280
262
209
62
176
167
52
70
127
154
270
122
282
313
433
114
154
419
315
269
329
46
130
94
123
99
485
57
58
149
269
107
357
82
345
499
279
92
470
74
62
61
225
227
167
196
174
399
168
240
196
55
354
177
166
197
267
216
135
132
184
203
82
124
16
148
158
164
128
187
252
420
445
409
312
293
61
499
110
202
326
116
298
260
310
105
495
65
119
297
214
262
315
422
230
339
188
199
119
129
168
202
145
189
209
191
62
160
189
150
15
19
184
139
172
156
18
155
315
325
241
234
215
230
94
230
207
179
129
105
146
146
318
145
126
137
137
128
128
134
149
125
118
127
163
173
138
132
165
139
140
136
124
139
142
133
124
119
130
116
127
130
121
157
129
144
136
86
55
149
108
32
404
232
180
196
180
55
47
102
191
220
10
160
198
185
166
196
162
202
267
169
200
247
296
265
148
242
226
178
166
176
178
170
183
154
185
160
55
189
156
80
251
279
248
205
316
225
461
221
236
201
217
199
227
234
195
241
271
291
201
171
160
180
192
157
195
201
50
270
194
353
268
257
262
248
229
275
307
316
316
60
55
33
48
113
215
218
79
98
208
203
230
198
190
180
161
161
176
164
161
171
192
166
31
147
176
188
163
149
155
161
132
149
172
154
154
138
140
128
130
144
128
129
125
115
125
116
128
118
122
96
143
152
142
133
152
143
165
163
149
205
182
192
189
499
142
185
180
171
160
182
215
187
147
171
164
169
145
222
217
157
177
157
179
168
166
164
213
228
259
437
269
390
336
487
280
286
245
188
130
165
194
144
210
258
165
157
161
169
162
145
126
139
143
154
127
126
155
107
207
128
120
132
145
146
156
137
123
129
125
129
121
123
124
129
130
128
136
137
121
127
128
123
128
15
126
14
153
158
195
204
171
239
320
185
206
253
130
339
223
193
153
61
21
22
36
29
56
228
239
67
191
161
122
206
196
123
158
169
174
175
170
158
154
157
147
168
171
166
163
162
168
158
141
148
155
152
155
140
144
141
143
118
111
160
157
180
221
212
214
177
260
221
183
227
187
169
204
209
196
203
164
43
162
18
23
11
62
257
202
229
180
192
217
355
270
212
273
240
269
218
289
125
183
153
162
147
171
154
159
155
151
160
166
164
167
150
167
152
155
156
167
142
165
202
67
282
253
40
26
47
135
175
275
316
230
232
225
224
200
181
192
196
241
313
357
301
230
255
351
255
337
237
252
22
27
20
27
169
121
141
221
302
210
297
229
200
247
199
224
269
251
254
190
243
212
211
246
219
274
209
439
184
24
19
39
136
164
165
148
147
161
124
132
150
130
144
148
138
135
137
144
144
134
144
139
141
147
141
157
156
140
140
171
252
318
202
288
243
226
138
19
150
134
23
166
153
256
207
218
247
126
173
152
257
210
169
134
189
203
150
173
165
130
176
113
105
125
165
180
57
25
28
59
140
80
93
189
93
194
236
187
192
188
169
190
216
198
256
345
372
105
78
105
226
285
186
184
178
193
202
174
214
201
204
197
264
277
331
30
230
68
249
233
221
188
221
242
237
202
207
362
365
138
207
190
134
234
176
145
180
103
35
25
60
111
126
131
123
130
100
117
131
105
101
112
108
111
120
120
124
124
143
120
136
128
128
129
136
135
132
126
125
133
140
127
127
131
129
128
132
129
138
126
130
120
132
138
133
129
141
130
129
134
145
136
144
146
137
203
152
160
173
181
189
162
159
180
190
274
429
84
175
185
51
282
232
191
213
166
157
184
166
181
25
227
268
268
256
107
68
179
197
197
131
152
154
122
146
144
139
131
137
142
147
134
135
142
163
148
164
148
159
154
161
176
169
213
265
248
211
196
203
122
185
192
185
175
195
