31
24
22
26
13
22
20
13
10
12
24
15
13
13
21
13
15
35
26
10
40
10
17
19
11
17
15
24
23
14
14
23
26
14
13
13
9
11
12
19
19
18
8
26
10
22
24
12
34
15
12
22
10
19
13
14
57
80
58
40
43
31
24
37
18
19
59
70
79
19
105
79
99
17
65
80
53
79
70
15
67
16
84
22
23
130
19
59
36
118
69
55
80
119
13
36
43
45
46
34
68
67
150
41
16
62
49
110
64
136
103
83
227
64
37
66
31
126
121
197
120
70
50
27
105
16
89
177
44
41
21
57
97
126
136
17
57
153
226
281
19
124
74
177
86
105
127
38
71
127
126
45
146
289
198
23
189
68
27
45
173
251
208
160
120
79
123
52
142
49
198
146
11
196
32
199
22
325
201
76
90
288
227
218
201
35
289
62
217
198
241
15
210
165
152
272
80
280
307
19
256
248
80
278
104
456
96
264
257
241
156
170
15
259
197
19
211
223
204
353
36
94
237
54
156
14
50
133
370
51
175
146
15
151
173
146
235
193
160
204
167
164
114
86
14
193
203
250
65
29
191
25
200
133
16
58
153
41
35
62
155
116
154
163
36
25
186
120
149
61
12
145
162
147
38
172
14
65
177
146
50
188
12
24
23
145
91
73
24
183
21
157
40
137
59
175
118
95
55
14
70
71
181
133
147
92
24
88
11
123
19
33
47
314
13
123
132
87
200
16
69
244
144
33
135
16
28
103
163
120
76
33
27
234
109
101
60
181
89
81
65
41
86
49
74
21
47
182
132
62
18
139
47
147
74
152
27
11
78
40
163
116
27
53
29
64
257
124
211
22
144
36
87
81
57
35
177
51
50
43
45
176
147
54
300
175
62
146
290
152
46
41
289
88
223
200
186
144
124
103
29
38
135
27
162
30
38
136
119
23
49
136
58
32
45
144
15
21
127
89
109
39
127
282
28
85
113
138
23
112
106
34
65
64
204
107
144
82
224
114
28
349
244
124
159
222
216
94
136
145
77
54
160
140
36
70
249
108
132
13
39
25
143
139
117
113
172
168
67
98
102
49
127
38
102
138
285
141
110
143
108
46
151
134
229
25
145
79
274
14
147
108
157
186
70
27
195
77
148
180
23
16
106
38
57
185
116
261
358
32
89
109
128
141
113
10
145
305
119
126
161
107
254
38
134
223
83
72
102
141
164
53
115
53
139
115
215
27
35
206
110
117
27
112
103
28
118
140
167
113
98
133
9
127
141
117
438
99
123
89
14
97
39
314
148
103
167
52
141
43
189
221
146
107
110
179
113
135
46
193
97
109
127
51
58
175
111
126
125
88
340
144
112
200
199
278
166
246
109
109
149
101
96
231
215
227
132
126
163
112
383
145
260
135
235
476
264
25
93
213
118
113
227
134
146
131
219
126
129
244
141
175
104
267
160
179
133
111
190
120
105
111
113
109
145
98
496
106
122
31
46
123
96
137
125
99
124
97
128
159
190
160
176
126
141
25
153
171
262
163
170
266
212
109
141
48
139
260
134
243
119
144
110
139
209
241
150
138
109
52
103
172
126
119
194
234
147
243
123
192
108
148
155
184
361
130
132
160
327
219
354
81
109
34
84
81
169
170
138
161
271
78
499
235
172
147
102
223
29
132
104
88
237
177
141
140
193
135
163
247
185
182
397
160
170
182
161
288
325
111
111
106
129
275
302
266
195
124
220
186
311
238
24
309
227
367
284
104
203
106
439
185
231
31
371
141
499
196
109
189
499
436
109
25
237
122
125
110
288
136
135
137
155
165
173
353
157
101
468
251
194
133
104
101
378
221
397
126
158
117
448
122
116
107
169
249
471
122
87
199
368
166
130
201
211
182
205
200
276
236
103
113
111
372
134
101
164
95
111
145
114
99
118
23
111
12
427
157
160
232
122
120
308
244
118
161
315
258
224
270
335
152
237
125
123
114
90
116
97
490
169
125
252
363
434
132
217
110
290
227
203
109
117
106
126
174
155
143
124
227
95
99
113
257
114
152
117
108
82
113
170
101
38
273
296
118
185
371
326
499
115
172
134
137
108
212
138
177
197
99
101
335
345
243
102
99
188
164
123
189
179
172
168
123
196
249
166
235
113
49
38
179
132
164
366
11
435
111
114
175
113
113
141
278
127
248
234
137
121
124
154
137
183
99
124
130
122
110
162
426
135
196
108
123
204
203
349
108
197
290
109
228
127
201
339
118
267
306
121
202
135
161
276
113
190
124
229
258
350
102
