26
15
13
30
14
43
18
9
14
24
14
15
20
12
51
14
17
32
18
16
13
10
21
20
18
12
15
11
12
14
22
11
53
17
12
21
19
19
18
8
11
34
34
30
10
23
13
13
25
12
11
12
17
15
15
9
20
13
9
23
14
13
14
13
9
10
15
11
16
12
9
8
15
12
11
32
10
9
11
13
11
12
11
10
10
14
14
13
17
12
14
12
8
9
9
11
8
13
15
10
15
15
13
11
9
15
7
14
9
9
14
14
18
15
16
40
10
11
9
11
12
11
38
17
9
14
11
12
14
14
13
12
11
14
10
11
12
10
10
9
9
12
9
12
21
12
9
15
19
11
10
21
8
11
14
8
10
19
13
12
15
14
8
12
21
11
10
13
15
9
9
16
17
24
22
12
24
13
11
14
10
13
14
12
8
13
8
13
11
9
15
14
13
11
11
9
12
10
9
11
9
9
13
10
9
9
29
49
17
25
44
68
38
30
24
36
45
23
34
36
40
17
9
20
12
13
10
8
18
12
11
8
9
15
9
11
9
8
9
8
12
12
23
8
28
9
10
10
10
8
15
9
10
22
10
9
9
9
12
9
10
10
12
9
8
10
9
11
9
9
26
11
10
8
9
13
13
9
23
12
26
9
26
9
11
18
25
13
9
44
11
50
27
11
11
30
12
53
22
9
72
50
9
39
22
24
58
42
69
89
42
16
51
12
83
12
21
38
8
21
18
16
17
10
31
17
9
10
9
12
10
10
11
9
9
9
8
11
7
8
9
9
9
9
10
11
10
11
12
12
13
11
10
9
8
14
7
9
9
8
25
11
8
22
9
28
11
8
10
9
8
9
20
10
9
9
9
9
10
10
9
9
10
45
12
14
32
9
72
9
10
8
10
9
11
10
21
10
9
9
9
9
8
9
10
9
13
9
37
17
15
17
9
10
45
17
33
32
111
34
117
30
33
8
11
35
38
8
34
13
25
38
10
67
11
10
9
17
14
163
17
26
45
11
12
34
63
43
44
53
58
27
87
10
73
84
64
101
251
69
73
123
105
67
168
97
81
53
134
60
31
22
17
19
44
37
61
13
22
9
58
26
13
9
28
21
8
28
44
17
16
50
11
53
24
11
25
56
24
31
22
19
19
10
46
27
83
76
76
76
22
83
24
85
46
28
60
67
31
75
32
19
41
52
70
9
31
82
40
100
169
103
28
19
56
60
55
65
111
55
12
10
16
33
16
25
34
35
56
82
23
46
25
40
21
9
25
32
8
19
65
13
17
30
15
31
36
16
9
44
26
18
17
15
15
16
25
8
13
20
28
14
9
68
37
15
8
9
9
11
8
9
16
9
17
14
25
29
19
9
9
27
9
10
9
18
10
9
9
13
15
14
9
13
9
8
9
8
8
8
8
9
9
12
7
8
8
9
9
8
9
11
8
8
8
9
11
7
8
8
8
8
9
9
8
9
9
9
8
9
10
9
9
8
8
8
8
9
10
7
8
8
8
9
8
9
9
9
9
8
8
8
8
8
9
9
9
9
9
9
11
8
7
9
9
9
9
8
9
8
9
8
10
9
9
9
8
9
9
8
9
7
9
11
9
8
9
8
7
8
7
8
8
8
8
8
10
9
9
11
8
9
7
9
8
9
10
9
8
9
8
8
8
8
8
8
8
9
8
9
10
8
9
8
8
9
9
7
9
8
8
8
9
8
9
9
8
9
7
8
8
9
9
7
9
9
10
8
9
9
9
9
9
7
8
9
9
7
9
9
9
8
8
8
7
8
9
9
9
8
8
7
9
8
8
8
7
8
8
9
7
9
8
9
9
8
9
9
8
9
7
8
9
7
10
8
8
9
8
7
8
7
9
8
8
8
9
7
8
8
9
8
9
9
10
8
8
9
8
9
8
9
8
8
9
8
10
8
9
8
8
8
9
9
9
9
8
8
9
7
9
8
10
8
9
9
9
9
8
8
10
7
8
9
8
8
9
9
8
10
9
9
8
9
9
9
8
8
9
9
9
9
9
8
9
8
9
9
9
8
9
8
8
8
9
8
9
9
9
9
7
8
8
9
9
8
8
9
9
8
9
9
9
9
8
9
9
7
8
9
7
9
8
8
9
8
8
10
8
10
8
11
9
7
8
9
9
9
9
8
9
8
9
9
9
10
9
9
8
8
9
8
9
8
8
8
10
8
9
7
9
9
8
7
7
10
8
9
9
8
8
8
8
9
10
10
9
9
8
9
8
9
11
7
9
9
7
7
11
9
