32
21
21
17
14
12
10
13
22
13
12
18
14
35
10
65
9
26
28
17
19
25
8
15
18
18
13
9
19
9
18
19
29
63
13
34
33
18
28
21
8
18
15
19
23
14
38
9
24
13
11
17
17
23
12
11
11
23
14
10
11
13
16
9
28
12
14
8
10
34
12
13
10
45
24
41
44
10
10
13
20
20
10
24
23
37
20
40
37
32
54
41
23
14
46
33
83
34
12
15
29
41
31
46
26
29
39
47
37
62
28
61
63
100
21
85
87
42
12
48
33
80
43
48
43
100
138
36
77
8
31
21
53
32
34
61
79
73
28
48
57
83
75
32
25
24
149
40
96
46
41
53
97
84
111
82
65
94
162
146
112
169
145
89
145
56
161
104
261
53
173
116
248
159
308
216
161
141
331
273
235
323
217
255
43
142
307
330
169
268
188
149
230
138
255
226
312
318
126
219
245
255
308
203
233
291
426
289
248
263
280
314
64
215
241
328
184
245
371
247
249
322
311
253
278
164
159
288
304
499
216
227
231
228
398
242
385
195
301
258
237
340
241
138
144
298
267
147
18
227
236
85
214
247
163
341
273
200
222
377
291
367
204
320
29
276
215
252
244
373
342
46
127
307
211
468
283
426
336
326
290
304
241
210
279
19
275
323
373
284
231
455
109
362
187
226
317
444
277
248
299
259
285
499
301
256
184
342
322
342
248
300
379
291
350
202
248
375
315
57
259
346
241
347
481
371
337
51
289
298
248
465
464
205
291
259
23
188
286
388
335
329
393
301
248
192
234
294
210
337
325
17
406
290
262
208
201
277
247
293
267
419
125
241
446
263
293
331
264
286
333
357
322
274
284
261
290
364
258
397
265
203
260
337
227
372
298
273
365
325
499
320
58
61
313
179
329
268
339
168
245
238
271
264
427
273
289
465
334
460
310
226
368
333
362
267
314
176
261
439
241
271
346
261
284
342
398
338
299
382
499
257
335
220
372
425
283
350
329
366
434
354
275
319
242
326
264
240
253
240
301
307
257
253
355
323
385
67
444
395
284
275
255
326
267
267
263
276
389
323
233
341
300
377
206
499
233
307
284
274
265
273
320
242
347
247
453
395
243
380
216
262
295
49
236
248
310
260
246
294
301
262
253
278
296
361
270
335
268
256
307
267
401
320
239
307
283
287
212
287
226
210
253
225
370
212
432
271
224
248
259
499
312
220
338
147
253
379
244
188
361
307
318
258
287
298
342
312
273
228
144
229
221
55
335
243
351
316
243
320
276
28
198
326
136
238
250
253
357
236
207
203
298
266
344
261
114
191
315
220
204
233
206
301
228
299
23
223
305
199
214
226
43
58
88
287
257
269
278
196
397
66
317
247
189
337
227
293
328
250
334
136
159
100
223
145
158
239
261
284
254
146
431
272
148
194
222
213
224
221
177
216
205
249
217
154
250
374
256
433
361
268
451
205
204
182
171
209
177
203
207
310
369
260
75
418
291
142
180
279
263
202
262
134
175
220
487
164
322
213
279
30
39
370
248
12
326
73
492
71
30
188
147
291
195
110
283
343
216
164
181
338
363
118
165
183
284
92
176
248
181
172
143
217
278
58
210
286
443
84
370
286
201
350
117
22
133
70
136
374
325
81
303
200
360
200
189
37
179
100
348
187
267
141
87
181
127
229
158
172
174
40
130
140
151
132
252
172
10
192
217
286
161
153
178
50
139
172
171
227
222
228
9
193
154
159
26
136
226
23
155
128
141
144
302
275
190
282
289
377
190
499
383
423
255
162
255
307
164
168
161
216
487
129
206
241
406
343
187
152
237
161
409
237
255
197
362
188
499
165
388
499
164
152
401
340
473
460
378
337
177
174
143
427
154
181
499
427
69
313
215
122
499
374
190
254
303
217
258
238
411
499
355
307
140
187
187
499
499
119
153
321
183
251
197
408
69
290
133
31
176
234
199
129
369
174
499
374
110
358
436
499
341
175
499
241
491
366
313
170
396
355
291
186
303
195
499
319
313
192
324
185
407
213
256
247
256
392
330
189
77
271
359
118
239
263
499
499
335
215
224
312
499
186
248
174
288
138
232
350
499
121
61
118
124
266
201
324
357
223
229
347
188
330
274
196
192
159
176
499
167
499
144
499
180
322
129
191
176
181
499
275
400
192
394
227
291
160
177
226
226
499
167
334
430
495
264
223
499
290
178
499
244
114
263
386
346
195
332
34
326
482
133
321
138
165
208
416
375
214
318
267
368
66
127
433
436
499
224
196
