28
17
15
32
18
25
14
13
27
24
58
32
19
20
29
14
14
17
14
9
15
17
12
15
9
18
14
12
10
14
24
18
14
14
10
13
17
17
17
24
14
12
17
11
10
15
28
12
10
15
16
17
28
12
34
13
16
15
12
12
21
19
13
12
17
12
8
9
9
10
10
10
43
20
35
49
17
22
53
101
26
37
14
180
28
17
65
134
23
61
30
23
77
37
47
26
54
64
64
50
18
33
69
37
51
90
47
80
68
45
34
17
40
47
17
26
100
36
65
39
108
36
78
49
20
23
41
177
43
156
21
32
136
164
197
208
35
169
9
134
147
47
82
232
35
19
116
292
15
69
24
79
383
18
213
239
71
207
499
166
45
429
151
224
108
221
310
371
186
473
236
75
113
111
272
192
411
60
69
499
38
291
366
499
357
230
323
135
412
170
102
108
365
173
188
335
358
361
329
301
137
263
499
419
140
25
362
474
414
452
436
102
312
499
53
463
363
48
376
213
499
56
306
499
446
157
163
414
302
234
163
303
12
83
499
380
421
157
424
263
80
499
451
434
324
407
47
412
344
376
376
82
130
375
58
499
470
329
225
116
370
63
462
382
232
258
499
499
217
249
255
426
375
435
197
274
218
286
302
261
499
270
302
386
188
497
452
230
25
308
197
77
215
148
203
373
271
203
499
226
218
169
245
382
188
36
188
39
107
76
249
136
196
129
24
182
129
231
125
149
233
250
201
383
242
127
499
205
98
162
259
246
184
224
28
420
340
346
72
32
235
177
182
94
360
376
321
337
237
210
176
292
222
374
145
325
200
198
179
194
211
210
370
146
219
202
315
316
346
293
53
179
184
192
266
278
408
234
246
340
194
258
188
134
192
156
370
429
33
318
152
389
259
103
246
137
43
244
499
376
348
213
369
284
143
19
187
290
162
460
224
131
412
310
122
302
370
252
398
387
305
256
180
221
313
361
318
406
285
336
334
499
267
499
371
320
243
499
499
263
300
138
356
392
75
369
185
252
302
104
309
282
499
341
433
203
499
499
300
342
422
229
230
499
148
201
309
469
208
243
209
381
235
95
301
41
140
198
282
499
209
315
321
312
23
90
499
362
413
499
265
203
499
306
263
164
199
396
298
164
296
321
240
322
198
255
294
236
255
129
191
156
258
179
229
188
200
28
499
423
193
499
382
499
475
170
105
227
268
255
249
283
203
220
211
254
171
223
230
55
331
289
225
499
201
259
183
150
148
221
300
290
133
213
22
499
357
51
399
116
499
237
171
233
279
342
316
499
499
499
432
499
250
499
352
335
271
53
292
299
499
310
217
77
139
430
499
499
291
255
66
499
499
145
499
247
224
180
499
256
302
158
128
214
156
132
177
124
169
122
397
195
145
166
166
176
283
164
202
188
141
157
234
197
119
245
204
148
181
86
499
56
289
64
51
187
13
18
212
47
140
208
373
211
275
259
296
134
287
201
216
252
250
301
452
206
213
268
218
179
499
245
262
272
229
267
200
216
400
272
272
209
289
298
314
154
255
389
251
304
26
451
139
242
499
170
328
181
284
243
349
154
193
271
134
22
22
186
369
224
155
311
297
230
154
147
189
193
61
293
194
357
169
129
399
84
344
263
48
236
407
136
434
155
262
330
148
499
283
146
278
234
161
309
376
387
339
371
223
247
318
456
342
340
242
245
278
223
247
350
416
259
206
179
219
163
135
417
270
112
109
205
120
129
239
14
264
111
155
212
121
196
236
87
120
499
235
264
163
193
219
375
111
316
291
121
266
390
265
376
257
237
229
499
217
233
297
368
499
233
294
338
211
436
184
109
232
116
343
408
105
226
319
262
258
31
180
160
265
308
303
202
296
499
21
104
159
318
61
337
241
499
499
499
499
294
499
188
374
244
169
270
119
360
499
264
158
338
364
219
426
204
123
191
371
271
206
182
245
329
217
184
215
192
173
187
205
499
199
284
197
386
247
181
257
155
271
165
238
378
126
188
112
280
226
244
499
235
217
430
344
186
453
304
461
479
499
499
333
173
234
389
123
293
499
71
193
363
226
335
201
142
177
499
204
499
248
147
236
231
149
313
233
179
499
369
128
247
130
105
283
366
287
401
179
308
247
486
300
249
255
183
48
383
271
492
278
282
383
392
58
413
372
284
372
122
183
279
157
314
278
242
267
499
233
292
431
112
226
260
251
250
499
371
258
245
243
283
285
243
136
245
130
180
160
169
174
52
204
190
95
276
219
242
192
499
261
317
302
176
