37
16
45
18
43
16
12
32
22
11
12
12
28
16
19
9
14
33
23
17
15
11
15
13
10
18
15
17
10
20
9
18
13
27
12
26
15
23
13
15
52
14
41
25
20
11
11
14
36
19
13
11
16
19
20
17
19
15
12
13
21
17
10
14
42
32
29
47
21
50
24
19
52
70
21
24
42
14
37
29
40
11
42
28
23
13
22
57
25
35
38
48
33
57
26
86
29
42
72
63
106
68
73
42
27
74
50
51
70
130
24
38
69
45
60
116
38
33
69
83
47
57
59
70
36
88
191
41
108
62
143
116
267
127
308
198
244
95
67
227
125
61
71
217
182
164
172
195
176
260
87
87
280
91
25
235
219
145
164
104
107
143
388
285
294
189
85
203
122
110
500
348
426
133
33
408
86
79
345
173
439
328
326
52
312
240
104
293
72
237
383
284
38
361
338
264
282
145
123
258
264
49
290
91
303
333
364
40
80
44
56
65
331
463
280
83
413
361
252
230
445
370
60
184
205
168
287
237
73
257
278
152
313
297
274
361
269
57
232
76
250
79
211
212
172
145
170
15
181
14
187
209
181
180
207
80
16
177
195
195
202
216
350
194
388
235
199
500
115
110
107
128
108
122
119
112
103
107
93
55
130
14
117
100
77
114
92
160
204
159
155
251
168
152
141
152
163
43
129
152
156
135
154
141
147
124
123
93
122
138
79
467
39
56
302
494
264
222
286
174
280
335
189
196
202
210
325
295
182
204
201
202
43
82
28
46
500
277
219
165
138
138
144
135
132
128
135
179
121
251
99
202
248
268
267
283
334
235
222
220
179
180
170
195
180
200
140
247
162
164
142
150
155
128
144
130
137
181
148
147
160
141
158
99
187
227
155
214
144
259
173
66
143
137
144
164
161
145
155
192
82
71
41
42
42
60
317
185
178
223
184
226
190
180
203
268
171
152
226
150
229
243
232
206
201
324
24
161
272
252
216
169
163
229
155
165
161
147
169
198
151
172
140
152
146
134
143
135
150
146
149
152
137
137
153
130
107
109
139
147
152
156
138
151
154
147
150
143
140
137
147
146
133
136
137
142
17
147
145
147
148
144
139
150
159
154
154
133
146
150
153
146
143
148
161
167
166
161
162
163
177
163
158
173
225
160
166
161
133
226
205
162
167
255
188
10
163
170
161
181
182
319
205
257
183
163
209
248
198
88
198
147
158
168
25
141
101
183
72
179
179
150
182
199
184
163
158
205
170
190
211
173
55
252
203
248
352
207
198
214
295
500
283
22
17
17
17
14
16
44
209
320
225
211
223
213
221
179
168
161
153
153
156
164
139
144
152
143
146
147
136
145
153
136
140
149
136
143
152
141
149
150
142
142
136
141
133
133
129
131
139
141
137
123
170
148
176
152
215
190
203
244
303
238
179
180
49
39
38
59
11
41
16
11
171
154
230
207
217
262
182
180
190
301
213
201
192
184
176
188
202
348
250
260
150
162
182
500
222
195
85
146
26
71
58
184
178
274
307
240
218
186
252
168
188
186
210
231
184
194
204
164
10
171
188
192
195
213
173
165
18
67
84
207
153
227
220
253
201
211
203
202
190
194
203
231
194
116
280
224
146
135
182
175
93
176
166
200
203
218
157
184
177
158
141
145
162
89
297
172
178
166
158
175
171
166
157
141
155
147
156
155
150
157
158
158
157
150
177
177
176
168
177
174
195
112
57
178
264
165
466
175
175
26
140
29
46
34
34
44
402
269
224
204
301
288
289
193
189
167
160
103
112
110
109
122
105
106
113
124
115
129
128
142
130
129
159
174
140
167
152
138
130
164
24
147
278
454
434
195
115
132
130
123
124
126
134
125
115
114
117
112
121
113
115
127
116
114
118
137
121
111
113
26
63
11
12
55
41
10
54
47
128
125
123
115
125
127
137
141
133
135
127
127
135
124
122
122
123
110
120
105
113
110
115
113
117
113
108
119
119
115
115
120
127
116
87
107
193
165
225
133
175
158
161
137
36
133
120
466
182
179
37
13
189
178
163
213
223
257
192
203
174
202
232
159
179
193
205
215
198
311
282
235
177
156
215
182
178
182
170
176
139
104
47
13
43
57
17
34
40
52
49
179
229
229
229
232
265
193
382
232
205
193
177
217
232
44
152
127
174
197
257
150
168
152
155
95
300
190
163
165
155
161
131
125
127
144
139
151
146
115
162
155
172
137
151
164
149
138
49
31
63
24
57
31
32
242
187
281
259
329
304
247
192
181
163
253
178
187
