32
33
15
21
19
49
43
16
17
27
22
15
13
20
18
28
16
11
15
27
25
24
25
22
24
11
68
35
17
21
19
17
18
9
20
35
10
38
23
21
35
13
13
14
30
16
14
10
33
47
19
68
33
18
65
13
41
56
59
11
18
38
27
28
54
32
35
50
69
27
10
133
22
49
19
45
40
14
39
44
39
30
30
28
80
35
106
36
67
15
15
30
92
223
72
46
118
40
120
126
110
36
55
190
202
180
68
53
49
51
80
113
153
19
109
61
150
19
155
24
33
19
108
24
146
91
72
77
144
51
32
145
123
190
178
31
27
268
28
169
73
18
29
182
29
36
108
92
249
78
120
201
177
109
15
347
315
222
107
54
233
191
16
351
35
328
206
24
219
191
168
61
125
65
161
131
119
152
53
140
108
126
141
131
126
126
127
147
87
24
49
15
27
24
25
22
13
47
44
25
121
28
127
31
134
156
163
145
134
140
186
126
141
36
101
185
40
34
20
178
147
145
160
122
124
95
121
126
133
15
16
138
133
66
38
136
37
55
180
157
161
60
31
129
85
128
81
135
130
54
149
129
113
164
81
156
161
149
168
52
114
136
117
21
114
107
68
127
30
96
120
114
90
121
124
116
119
17
118
72
34
12
12
137
123
91
110
47
9
56
127
86
109
125
107
105
102
113
105
110
84
13
108
110
101
103
110
115
114
99
55
17
39
96
103
59
51
108
110
110
121
109
118
119
117
53
47
36
69
23
135
113
106
123
122
104
108
120
63
103
119
28
131
78
159
140
114
129
124
126
142
104
41
77
47
122
112
114
104
112
76
110
121
111
128
116
56
152
174
47
169
71
136
179
83
348
178
147
201
146
154
187
174
83
21
155
46
149
43
176
144
83
169
142
180
132
175
59
123
50
103
23
193
52
19
26
40
62
135
144
193
121
81
158
116
103
106
101
136
96
50
102
40
59
24
80
98
108
34
84
27
125
175
46
136
119
105
101
135
73
85
155
125
32
138
117
65
13
26
156
76
218
172
115
24
114
97
148
93
76
195
162
111
69
90
150
76
11
25
105
39
154
99
105
100
123
59
111
57
103
119
108
130
108
109
194
113
116
128
114
141
124
119
108
23
109
60
35
112
137
112
125
47
105
108
114
125
113
67
103
12
115
120
23
112
130
124
122
111
162
104
57
167
33
27
105
126
28
123
119
107
101
100
22
75
13
76
190
130
70
51
75
123
113
69
144
37
18
110
125
130
101
136
66
19
142
141
57
130
192
47
202
83
153
182
322
332
146
105
115
104
114
140
106
39
38
134
19
108
65
120
112
115
109
126
112
108
85
133
122
116
112
119
113
125
118
142
44
129
209
119
142
131
187
114
128
118
124
84
189
110
115
167
78
277
126
126
126
183
152
91
43
137
287
93
183
142
157
219
121
129
136
22
30
288
163
85
336
154
122
134
124
118
57
55
112
113
112
170
316
123
126
153
127
145
128
105
108
125
116
125
130
18
20
19
29
77
145
235
177
292
148
150
168
81
98
19
36
108
118
138
216
139
45
108
249
193
226
216
213
107
218
129
128
104
136
117
103
100
131
197
122
140
149
104
111
119
59
133
233
200
106
85
131
175
142
313
48
228
162
156
262
112
143
192
225
96
144
55
243
138
185
114
175
176
125
118
135
128
85
72
155
223
110
137
179
135
135
139
133
133
123
125
52
143
114
151
163
184
376
217
480
132
268
151
172
102
206
136
23
128
127
145
107
166
134
133
189
146
120
128
26
24
81
26
32
126
12
69
344
414
500
169
137
27
170
152
144
174
174
145
116
270
125
64
137
161
158
145
163
132
160
133
207
124
122
166
113
147
143
130
119
120
30
116
141
57
110
249
129
159
46
202
337
145
182
161
174
158
159
170
143
155
142
192
164
273
164
133
154
149
132
162
175
184
157
138
140
130
159
142
195
166
166
126
149
158
158
144
67
127
48
167
162
152
164
151
108
115
105
119
114
173
120
152
131
120
146
102
127
142
116
130
241
152
171
147
176
82
133
138
141
141
138
204
231
266
169
42
260
204
307
251
295
35
178
16
38
159
35
86
133
500
247
366
373
165
152
183
133
178
220
161
343
125
99
195
111
253
192
38
239
200
184
146
126
308
252
500
182
16
341
252
227
121
238
354
302
18
71
386
347
379
162
238
106
500
23
18
22
21
299
181
144
270
182
186
124
79
126
137
115
104
23
131
128
158
93
130
126
139
35
213
102
137
44
500
112
351
500
