30
27
22
20
16
53
36
23
24
11
20
31
27
10
29
14
82
24
27
18
8
28
15
18
18
12
27
24
16
11
17
46
33
58
17
19
23
32
20
14
17
25
19
11
9
33
21
16
13
32
16
10
20
13
12
12
14
16
13
17
10
18
23
11
14
16
14
14
11
13
18
17
27
10
10
17
16
12
11
12
10
14
19
13
32
27
14
36
19
12
19
17
10
16
16
22
13
14
9
10
9
12
17
27
9
18
13
25
15
13
12
11
13
11
14
10
15
22
14
17
21
10
10
14
10
27
14
10
11
12
10
13
15
14
12
12
8
14
14
11
12
17
14
17
10
20
12
14
11
11
15
25
11
16
13
12
14
22
20
13
12
15
9
18
13
10
27
18
17
14
25
9
10
11
9
15
9
11
11
22
10
11
11
10
9
10
14
9
8
11
17
8
9
13
19
8
16
11
11
13
22
10
12
11
13
8
9
12
13
12
10
10
8
14
9
10
12
11
9
10
14
12
15
15
9
13
14
10
16
12
11
11
13
9
23
10
17
18
12
20
25
53
21
33
47
20
16
16
18
31
95
21
45
62
55
45
95
78
61
44
70
71
66
54
94
115
24
108
94
16
42
120
85
13
22
60
82
53
105
125
34
129
197
179
119
78
53
49
65
44
95
16
30
194
79
56
75
63
96
73
23
14
34
199
89
15
21
163
91
39
82
11
27
25
127
16
25
26
21
28
13
15
149
81
18
78
17
37
145
57
16
17
21
68
11
19
42
25
180
10
17
19
17
31
28
39
18
9
58
22
37
13
141
15
50
148
27
11
21
14
12
8
17
26
34
50
19
68
63
29
20
36
87
13
74
15
80
79
10
73
27
25
107
23
28
25
23
36
23
26
17
9
35
19
22
122
60
17
13
40
26
31
21
25
135
27
160
30
72
28
22
89
10
31
75
209
268
24
24
361
348
32
20
64
96
71
120
16
161
199
500
22
257
61
298
133
77
28
51
69
100
23
30
94
22
29
106
354
22
34
500
47
28
50
500
86
59
23
131
47
27
24
25
75
122
69
121
29
33
80
99
24
500
32
500
15
12
13
12
34
19
12
33
15
26
13
21
17
10
10
10
15
26
22
10
12
11
14
24
18
11
10
18
26
26
13
13
12
13
47
14
10
13
10
16
10
47
12
12
17
16
18
15
13
10
14
17
16
15
15
13
11
33
14
14
12
12
18
11
17
33
67
9
70
61
32
15
21
16
500
20
17
48
49
23
22
15
19
20
16
33
16
103
112
15
28
18
14
13
112
19
27
28
17
17
12
28
13
94
27
12
99
13
18
18
13
16
16
19
99
35
14
13
15
15
22
12
12
15
156
104
96
16
15
128
23
12
28
109
13
103
15
17
14
21
18
14
20
40
30
14
16
18
154
30
13
15
12
28
52
109
153
27
114
28
144
15
267
104
11
118
68
25
214
69
55
13
90
97
32
16
84
44
68
106
16
39
140
17
31
96
146
22
12
40
43
16
34
52
302
83
318
101
78
78
500
256
221
16
162
28
184
19
140
139
118
55
39
124
34
23
48
162
138
26
82
468
76
65
17
20
121
38
74
57
62
47
22
67
17
13
27
32
56
21
56
21
125
12
164
88
13
34
66
17
70
47
25
117
27
16
12
23
68
95
17
18
60
119
18
157
33
15
15
62
18
156
52
19
94
45
14
21
50
35
96
18
69
12
19
67
42
12
22
63
51
23
26
45
69
102
27
12
85
39
10
52
53
26
110
13
57
94
11
42
19
31
19
15
38
41
128
16
9
10
26
57
16
57
41
99
34
41
14
77
17
43
25
97
37
45
12
26
40
78
44
63
13
25
18
9
10
10
31
36
11
22
29
30
18
51
65
49
29
31
91
29
18
77
28
134
23
68
93
33
23
18
113
13
40
12
56
9
44
45
17
13
39
22
25
42
44
12
79
10
61
57
29
57
38
76
13
48
26
80
17
35
28
46
31
13
29
79
70
45
13
30
59
37
54
71
92
73
81
105
62
36
31
15
45
48
46
58
22
39
33
34
12
119
107
57
49
52
32
148
30
113
59
33
11
50
55
27
56
68
27
13
84
53
148
29
72
41
36
16
19
70
30
40
85
22
11
53
51
43
68
27
49
60
13
11
25
9
21
23
45
40
55
66
38
134
36
72
9
116
39
11
61
57
80
112
61
54
10
72
11
63
142
54
61
40
49
9
23
11
77
38
34
68
49
46
38
10
34
10
35
62
11
78
337
