27
12
27
22
16
40
17
17
18
29
24
17
33
13
30
15
26
15
49
15
17
34
16
27
17
11
20
16
13
25
10
26
15
19
18
23
42
19
19
13
26
13
27
22
27
42
50
21
23
16
42
36
43
15
38
46
23
46
14
106
18
58
17
22
65
44
65
20
19
88
80
34
17
54
11
138
79
56
116
46
34
16
60
64
44
85
55
29
114
138
70
59
56
12
17
130
87
108
37
36
27
23
26
66
83
15
78
194
115
97
63
152
174
69
135
189
75
156
14
11
97
31
20
93
54
77
15
138
190
85
113
93
187
204
56
78
138
144
87
60
84
145
143
146
243
90
107
119
23
262
33
179
10
224
169
192
123
172
33
60
17
120
70
149
203
46
21
24
80
113
134
27
140
11
15
130
41
11
98
47
145
15
154
86
83
227
90
67
47
95
178
22
115
219
17
28
52
81
110
126
196
160
73
311
98
16
19
38
70
49
19
130
48
148
182
22
195
177
163
40
46
154
166
138
42
117
100
114
150
34
16
124
100
164
163
94
131
61
119
120
38
84
105
11
16
111
125
118
104
10
14
15
107
66
37
108
19
90
23
17
111
24
127
107
79
123
20
28
13
127
54
112
145
42
37
104
74
39
133
63
23
66
121
118
71
21
96
45
118
105
100
116
110
34
94
34
108
94
15
27
46
78
100
12
58
70
11
30
111
67
94
88
129
67
134
117
123
39
39
9
111
144
129
118
44
15
113
98
108
115
121
98
136
99
92
36
15
102
59
104
90
88
92
122
41
39
74
103
113
17
93
75
95
97
106
91
36
106
46
44
82
37
19
102
104
99
33
20
72
106
103
16
26
108
31
101
82
107
15
100
90
87
30
80
107
108
129
149
88
193
154
169
74
140
67
144
57
135
85
123
37
136
90
115
127
119
24
84
116
107
108
107
117
125
111
119
101
125
15
20
107
11
13
17
19
109
110
101
39
102
101
11
22
31
43
19
101
99
13
20
76
111
113
112
123
130
105
104
41
106
64
84
73
124
217
119
143
155
194
185
156
22
43
138
379
178
130
191
53
157
176
118
121
42
59
56
122
76
118
122
120
13
123
105
130
114
124
115
64
115
49
25
67
78
104
23
121
112
105
85
48
27
98
104
109
105
117
105
17
75
100
101
28
41
98
107
140
114
123
141
101
104
25
97
64
123
71
122
81
114
87
24
108
132
139
140
136
69
160
32
48
127
35
137
128
47
131
44
171
91
24
42
122
42
123
54
124
126
135
120
165
18
125
116
108
119
129
108
141
105
108
116
139
135
91
133
116
139
143
125
189
120
119
178
104
161
19
137
208
267
173
179
172
327
21
27
151
24
81
177
51
60
42
201
40
173
27
51
52
28
211
500
500
23
219
129
88
122
222
166
44
94
141
159
93
162
183
96
172
244
51
121
77
53
131
106
126
106
108
105
103
123
36
35
102
13
109
13
111
68
121
110
106
113
114
114
106
102
113
124
101
127
126
31
12
45
13
32
101
36
109
11
104
42
166
146
131
139
41
131
90
127
135
62
58
155
126
146
15
157
182
14
500
288
74
222
71
66
139
251
132
129
128
134
80
131
202
154
203
26
127
59
148
137
161
128
181
136
158
122
166
170
122
137
110
118
136
93
121
12
27
100
118
73
153
41
15
156
154
30
156
88
100
131
123
98
107
122
135
130
111
144
146
138
37
196
109
16
19
27
11
273
200
234
361
88
237
197
73
123
12
29
214
67
181
147
145
197
164
40
53
161
63
366
208
241
114
140
137
145
86
141
40
52
84
29
48
111
105
107
107
130
116
127
114
117
117
114
117
109
103
11
103
119
103
102
113
116
223
35
144
184
154
83
151
11
16
209
152
132
98
104
68
63
137
121
136
12
41
153
111
17
139
123
31
19
97
35
65
23
29
500
185
121
150
140
145
142
106
73
113
11
14
15
17
73
199
135
213
150
126
103
125
113
67
42
131
16
172
74
124
48
56
57
115
57
37
141
175
88
11
17
51
58
20
173
163
62
159
200
296
67
124
215
102
152
67
47
132
147
132
113
96
131
137
117
117
117
101
78
112
115
108
27
18
201
198
35
195
238
251
283
57
247
171
196
201
162
16
12
173
67
171
172
33
212
64
137
221
148
161
169
196
90
116
187
20
92
176
157
169
112
30
211
500
77
399
140
269
111
112
106
196
205
177
190
142
27
132
276
261
302
13
106
23
13
85
176
119
73
170
165
173
231
78
37
216
32
57
301
