25
15
57
28
21
15
14
11
36
43
11
21
13
19
15
27
41
14
29
18
12
15
16
20
25
18
13
14
27
24
11
11
19
17
16
15
76
18
12
16
47
14
35
33
27
67
39
73
26
33
29
73
14
59
24
67
19
10
57
86
53
82
64
33
26
47
57
13
54
20
26
11
25
30
26
15
17
29
49
19
90
64
19
41
75
20
101
95
26
49
11
41
127
160
40
24
63
27
77
47
34
29
124
28
46
123
171
45
248
20
74
62
22
98
63
190
52
192
167
266
76
24
102
120
15
68
74
196
256
45
170
139
66
306
41
129
172
77
146
19
107
408
52
371
123
315
66
286
219
170
241
143
134
246
84
317
179
403
344
288
47
151
52
355
147
147
133
436
338
143
114
302
329
78
272
277
336
235
227
107
227
156
378
261
128
71
91
68
347
48
67
229
277
78
500
433
388
52
138
286
224
24
204
113
275
84
143
378
135
207
335
213
357
129
244
238
208
260
86
123
327
42
342
244
104
58
217
239
157
338
99
60
215
253
283
232
249
322
82
196
165
60
288
252
113
188
279
267
500
377
373
230
315
312
320
266
229
262
371
201
163
264
268
238
287
297
30
35
220
246
209
219
346
177
16
293
264
25
276
201
166
26
251
249
307
216
336
301
246
236
227
188
199
231
235
340
86
209
281
228
264
238
170
46
369
307
359
275
154
228
211
157
375
374
302
70
339
305
377
500
296
273
316
333
378
270
293
196
190
247
106
189
233
255
331
375
195
348
230
278
293
226
311
401
218
338
234
225
240
209
202
215
231
206
91
188
43
142
107
236
173
109
317
136
239
243
262
320
181
130
232
500
241
224
447
152
188
13
325
19
149
222
405
228
259
167
284
200
196
228
71
243
233
237
320
312
213
310
306
298
256
216
372
235
273
500
460
260
494
231
237
196
56
500
51
158
107
215
239
175
307
173
244
209
150
146
180
211
153
178
199
15
282
154
132
279
168
129
138
240
225
182
332
338
290
253
151
174
176
239
131
412
71
204
149
141
162
155
147
186
189
187
176
216
294
256
307
308
117
190
130
12
222
203
286
223
210
383
249
112
251
210
168
226
193
133
158
164
151
159
367
163
203
209
157
161
139
184
169
168
139
24
173
118
331
179
188
143
185
204
186
178
302
169
177
191
192
168
199
198
209
127
213
146
143
277
148
291
158
147
160
163
192
195
137
193
147
209
218
341
213
123
194
221
229
121
223
158
229
161
323
335
230
258
229
228
207
213
288
268
194
140
341
164
151
165
263
203
366
284
219
334
274
173
131
170
153
185
172
152
202
221
178
187
63
186
297
177
244
226
250
170
250
189
198
204
174
127
80
293
279
146
200
84
157
468
134
229
185
116
146
144
257
204
40
236
176
219
175
286
224
148
187
267
281
338
499
282
211
195
249
365
375
222
225
61
179
400
210
167
210
232
212
279
212
243
195
261
268
194
236
339
286
195
127
299
154
167
104
195
326
231
227
186
239
198
206
210
178
177
110
218
200
333
101
190
298
187
490
305
438
435
262
499
226
363
322
272
227
193
359
72
208
500
164
363
500
337
230
427
315
293
411
313
455
361
365
258
260
38
211
241
27
239
271
145
393
176
328
267
301
25
355
369
260
470
302
253
59
301
453
325
255
115
500
221
308
500
199
141
495
391
307
313
293
328
329
316
264
155
217
341
34
178
268
248
115
215
326
135
163
383
248
288
373
331
245
477
215
326
268
380
209
171
370
270
304
17
184
128
452
274
277
229
500
26
231
369
248
248
178
194
137
267
225
299
476
126
81
152
156
214
342
20
130
197
161
166
152
107
256
157
269
212
241
187
238
155
445
500
326
139
166
448
201
199
250
158
461
299
340
224
146
407
184
484
180
259
178
364
55
187
325
265
360
500
23
261
287
299
260
330
268
156
444
287
215
347
500
314
177
39
264
297
377
492
339
129
226
237
210
193
270
494
262
341
282
383
393
273
500
264
355
206
370
52
221
202
141
189
137
388
37
110
63
109
301
215
76
442
253
500
100
232
32
350
500
233
312
195
260
302
370
184
147
267
108
27
281
337
236
235
244
153
206
378
185
392
500
220
299
500
332
200
161
229
500
200
204
179
180
207
389
168
500
275
81
500
171
129
172
246
219
192
242
126
28
41
246
192
167
152
203
160
310
164
432
127
132
253
135
278
112
124
153
119
162
125
300
135
152
180
28
219
167
146
165
237
156
234
156
184
195
164
275
206
180
157
163
202
