36
25
18
20
24
14
13
20
32
21
25
13
32
17
40
24
15
24
13
37
25
9
32
18
10
21
13
25
29
24
19
23
20
25
25
8
16
20
55
14
23
13
23
40
21
15
51
10
22
12
16
14
14
18
13
22
15
13
12
10
13
17
13
15
17
17
11
22
9
19
20
16
19
20
23
21
10
31
29
16
12
29
24
13
24
15
10
13
14
12
12
13
14
9
10
16
10
12
11
12
16
13
22
13
10
13
11
10
12
11
13
12
9
14
36
17
20
19
18
13
12
14
9
16
9
13
14
10
14
10
14
11
14
9
13
10
10
12
21
14
12
11
11
12
12
9
12
12
10
12
13
9
10
19
18
10
11
16
12
18
15
12
15
12
11
12
10
31
11
9
11
12
11
8
9
14
11
15
11
9
14
16
8
11
8
10
12
12
9
10
13
9
10
13
11
12
12
17
9
11
12
9
10
9
11
8
9
13
9
11
15
11
11
16
13
9
11
11
9
15
9
14
9
10
8
12
9
9
11
12
10
9
11
11
9
15
10
10
12
15
9
12
12
9
13
12
8
9
10
13
9
10
10
10
8
12
11
10
13
14
12
10
12
10
13
9
9
10
10
9
11
10
10
12
10
13
8
12
9
11
11
10
14
12
10
12
12
11
18
12
10
10
10
9
17
9
22
17
33
56
48
94
24
28
31
42
31
22
48
83
36
24
31
31
50
32
42
25
46
43
30
20
29
36
29
25
29
21
24
22
24
25
28
22
22
17
19
26
20
24
28
34
18
18
24
21
20
29
29
19
24
34
15
18
26
16
17
27
19
26
19
19
17
24
16
15
25
18
23
22
11
11
10
21
29
10
10
10
11
9
10
21
26
10
10
9
25
9
21
26
14
25
25
10
21
18
10
16
25
16
18
17
24
15
12
10
16
15
10
14
9
14
21
20
11
22
11
18
20
12
21
16
16
17
17
14
13
14
16
15
11
14
9
16
16
17
9
13
22
10
16
11
12
12
18
13
26
9
18
15
23
27
13
16
13
14
20
12
11
11
21
9
11
15
9
14
17
9
9
25
11
12
11
23
33
13
13
30
10
22
20
13
17
20
14
32
32
14
16
12
25
15
54
45
25
15
51
43
14
51
106
54
52
52
21
45
55
19
26
142
52
25
58
59
140
11
74
47
36
92
103
50
30
33
36
15
40
14
28
17
35
57
11
41
66
51
84
36
46
26
39
12
50
11
44
38
34
70
33
62
78
45
91
52
20
30
15
39
19
14
51
10
46
39
43
68
13
50
9
10
87
11
10
19
16
15
30
77
30
13
10
60
11
12
21
51
12
41
53
44
30
15
16
10
24
89
13
16
30
12
9
51
23
34
25
49
40
25
102
11
55
37
115
98
119
25
14
46
72
12
22
14
71
12
62
12
12
13
34
54
25
42
57
12
52
22
28
13
28
32
39
28
15
36
16
58
26
12
16
39
23
14
9
26
65
18
34
23
9
31
51
33
10
15
30
12
48
57
13
16
64
12
10
33
39
42
18
13
43
10
13
14
11
12
11
13
35
22
11
11
12
37
10
29
39
46
22
12
37
31
12
25
13
37
16
51
15
41
32
10
12
13
43
11
13
24
60
36
34
23
14
12
10
37
31
35
43
12
37
34
44
22
10
33
40
15
13
35
33
24
36
36
23
38
23
13
23
28
23
16
28
21
11
9
11
27
35
42
41
10
12
11
28
10
47
10
39
10
12
20
12
10
39
11
10
11
35
14
36
41
29
11
34
29
16
37
16
38
14
15
29
17
34
19
9
11
71
11
32
21
37
25
41
14
11
84
12
32
80
38
23
12
38
27
25
43
105
24
52
12
14
31
61
24
24
31
21
33
43
14
12
17
42
11
26
14
40
34
33
16
33
13
13
16
27
13
28
14
28
48
12
24
36
18
29
51
15
24
11
40
10
28
55
61
92
123
28
42
29
38
119
74
105
10
10
11
52
76
11
10
9
109
18
12
34
18
11
23
11
20
34
22
37
34
13
20
116
77
9
92
90
43
45
99
46
31
41
12
13
22
41
10
9
76
22
38
59
41
34
17
36
35
29
58
22
19
14
53
51
12
29
73
20
59
45
42
46
41
13
12
15
10
52
48
12
16
10
20
45
47
53
16
52
12
32
48
98
51
39
65
50
55
59
46
28
19
81
43
28
45
12
47
48
49
54
19
22
23
46
36
18
31
27
18
13
72
32
44
13
60
30
23
33
26
27
33
22
39
29
26
