30
37
19
16
17
23
15
29
48
36
68
10
16
34
27
21
12
21
38
11
13
10
22
18
18
29
23
16
24
19
20
34
10
28
22
14
23
9
17
20
25
30
12
19
26
31
10
10
25
14
26
14
15
12
35
14
25
21
24
14
16
14
12
37
18
21
18
16
11
11
11
22
44
18
11
17
16
13
14
11
10
29
14
13
14
11
11
11
11
11
13
15
10
12
13
22
11
18
18
15
18
9
10
9
15
16
12
11
9
19
23
14
11
30
10
9
22
12
10
13
14
12
10
16
12
13
11
10
10
15
11
15
12
13
14
22
12
11
14
11
9
13
11
9
16
16
15
19
10
15
9
33
15
11
40
12
12
16
11
16
11
15
19
14
15
16
14
14
31
12
17
20
15
15
11
15
19
25
12
18
12
12
30
10
26
13
22
16
27
14
23
14
34
15
27
14
24
15
34
13
34
32
31
18
19
63
133
73
67
30
67
230
11
11
11
11
13
11
9
10
11
9
10
10
10
9
9
11
16
9
13
9
10
10
13
15
11
11
14
10
12
9
12
10
9
12
11
10
15
9
9
14
10
18
10
10
9
9
33
9
13
10
16
18
10
11
22
11
9
14
24
12
14
9
8
19
25
11
35
12
29
8
18
22
13
40
43
32
36
23
47
39
20
44
29
35
25
34
30
29
20
23
33
26
27
30
18
29
31
9
14
25
17
27
27
9
23
27
16
19
28
26
24
16
25
8
20
29
23
29
20
27
16
18
27
20
23
24
23
18
21
24
25
24
17
29
21
22
17
31
16
18
15
27
19
18
22
19
21
21
25
16
29
26
26
16
23
25
29
19
26
30
18
21
26
9
20
20
28
30
27
27
23
22
23
22
22
27
25
33
8
20
22
20
19
22
23
34
19
24
27
17
25
26
26
21
21
23
23
11
23
31
25
30
31
31
21
25
9
22
21
10
10
12
9
10
20
23
10
10
9
8
10
10
9
9
10
11
9
10
10
9
9
10
10
10
9
10
11
9
10
8
9
9
8
11
10
11
9
10
12
11
10
9
9
14
12
10
11
13
12
8
10
10
12
9
9
9
9
10
10
9
10
10
10
9
10
9
9
8
9
10
10
9
9
10
11
10
10
11
9
9
11
10
10
9
23
10
13
9
11
10
9
28
9
8
9
10
8
11
8
10
8
9
11
9
9
9
10
9
11
10
10
9
11
10
10
9
9
9
10
10
8
9
23
26
10
12
10
10
11
10
9
9
18
9
9
10
9
9
8
9
10
10
11
10
20
10
10
10
10
9
8
9
9
8
9
8
8
11
10
10
10
9
10
9
8
10
13
10
9
9
22
9
11
37
10
48
45
10
39
34
43
36
44
44
44
43
33
40
34
11
38
30
28
27
11
36
36
35
33
44
32
35
28
32
37
38
41
50
35
36
42
26
33
30
31
34
31
11
38
11
33
31
37
27
31
32
36
41
11
31
29
32
34
32
29
44
40
37
31
26
23
28
33
27
36
35
20
18
38
34
34
31
24
23
30
28
35
25
32
38
35
28
35
42
36
26
40
38
30
34
24
30
35
50
36
45
48
28
13
29
56
25
28
39
26
54
34
57
40
36
44
37
28
44
12
47
44
34
25
27
30
37
35
42
27
44
43
45
47
37
30
12
34
34
43
35
40
11
35
35
45
65
29
60
45
12
47
12
47
44
59
45
28
13
56
38
36
42
65
47
49
42
48
54
69
12
55
63
51
37
58
57
12
13
81
75
64
39
29
42
51
14
38
62
90
161
59
238
37
82
79
221
79
139
63
116
91
115
98
86
106
90
102
105
95
202
163
114
113
69
11
11
10
10
9
9
10
9
8
10
10
9
9
10
9
9
10
9
11
11
10
12
47
10
43
12
40
54
48
57
54
56
52
50
61
52
65
48
62
68
56
72
63
52
13
60
68
66
52
42
44
58
47
65
62
54
61
57
56
34
53
63
62
71
39
13
14
61
68
12
54
52
66
39
61
36
62
65
66
55
32
58
30
43
47
47
24
77
30
10
54
66
53
58
11
66
57
10
11
53
75
15
45
34
56
20
43
63
74
87
62
77
60
48
43
65
46
94
36
43
55
36
52
57
49
59
44
53
37
68
13
44
43
39
44
13
57
47
57
37
43
48
42
51
46
45
47
11
61
44
36
55
45
34
40
63
10
12
45
31
51
40
32
47
123
10
52
41
32
51
74
47
40
58
45
53
12
52
58
22
62
32
34
33
36
67
45
17
