23
16
14
16
25
16
48
9
13
73
23
26
60
21
19
21
25
13
16
15
14
39
11
12
12
18
30
26
15
10
11
16
35
9
25
15
14
47
21
25
14
15
12
10
12
14
17
32
9
27
10
29
11
13
11
20
13
11
18
13
51
19
11
9
31
24
11
19
10
15
21
15
16
13
15
20
11
12
9
11
13
10
11
12
35
12
28
9
34
12
9
13
11
12
16
11
14
31
10
14
9
9
9
12
15
12
9
18
9
11
20
9
16
19
29
27
10
8
11
10
11
13
12
10
13
10
10
15
9
9
13
9
11
13
25
14
13
10
10
10
8
9
14
18
16
21
11
10
9
12
9
12
12
26
15
13
12
13
12
12
11
10
11
10
13
12
9
16
8
10
23
9
10
9
10
10
9
10
7
8
10
10
8
49
16
11
8
8
11
15
12
9
11
11
9
9
17
16
31
28
13
9
10
10
27
9
8
12
19
10
10
10
9
11
12
15
9
14
9
19
8
17
23
30
9
11
11
29
8
12
9
14
8
32
13
9
27
22
10
18
10
14
8
12
9
24
10
10
9
13
10
11
11
12
13
10
10
8
12
9
9
10
11
9
9
8
11
10
9
10
11
11
13
10
8
10
8
9
10
11
10
9
8
14
13
13
12
16
15
13
11
18
10
17
19
17
21
15
16
19
16
30
24
20
19
20
22
22
24
19
17
17
25
24
23
20
22
18
17
20
14
38
25
31
30
17
21
18
27
21
30
25
27
27
33
26
28
28
21
25
38
28
22
25
37
22
33
28
25
34
29
27
31
38
30
31
35
34
28
41
43
37
32
49
44
58
64
62
92
71
57
56
94
121
105
98
84
74
72
99
307
26
29
76
143
11
15
9
9
8
12
8
12
9
16
8
11
12
12
8
8
9
20
10
9
8
8
9
10
8
10
9
8
11
20
12
8
12
10
10
10
10
9
13
17
7
10
8
11
19
9
50
19
10
47
15
8
10
8
33
11
28
15
34
9
10
10
40
17
12
29
10
12
10
9
8
29
10
11
32
10
33
12
12
35
30
27
10
27
12
12
10
21
12
27
10
9
11
15
9
13
37
14
9
8
12
14
13
13
9
10
10
27
36
58
32
26
32
49
149
46
65
159
39
130
32
24
44
52
34
162
69
29
35
287
499
42
31
55
39
47
58
41
131
44
91
129
39
38
69
37
42
39
41
41
45
59
50
41
63
50
37
65
35
84
74
65
36
39
32
41
52
166
49
63
80
58
39
56
69
48
72
64
66
49
51
37
42
64
56
26
54
60
46
53
59
42
43
218
50
22
39
8
10
10
8
9
9
8
8
23
24
8
8
8
7
8
7
8
7
8
41
14
10
8
8
11
8
8
9
12
8
33
18
13
8
9
9
9
9
11
8
30
7
7
9
9
8
9
7
7
9
61
21
10
7
8
8
8
9
8
7
9
42
33
8
9
8
8
8
9
9
8
8
32
39
7
8
9
7
9
8
9
9
9
32
43
8
8
9
9
7
8
8
8
8
9
30
32
37
9
10
8
9
9
9
8
7
9
8
8
9
9
8
7
15
9
8
7
8
8
8
8
9
30
36
49
14
9
8
9
9
7
9
9
9
9
9
8
40
9
8
8
8
8
7
9
9
8
9
9
9
77
53
27
12
9
8
8
9
8
8
9
9
7
12
8
9
32
52
26
8
9
7
8
9
9
8
8
9
9
26
29
9
10
7
8
10
8
9
8
8
67
27
16
8
9
9
9
9
8
8
8
8
8
7
48
23
9
12
8
8
7
8
8
8
7
8
9
9
46
19
27
8
8
8
9
11
9
7
8
9
9
8
50
19
33
12
9
9
10
9
8
8
8
9
9
9
9
37
12
23
10
9
8
9
8
8
9
9
10
8
9
25
21
30
16
9
9
7
7
8
9
9
7
8
8
8
9
60
30
24
9
8
8
9
8
7
7
8
8
24
62
40
50
72
25
68
39
53
66
38
49
27
36
32
51
31
27
36
60
67
26
28
23
41
43
26
57
51
70
52
24
79
38
58
42
27
37
60
40
26
23
22
33
54
36
25
28
26
39
39
20
32
28
32
27
40
30
48
32
47
31
33
28
84
24
41
30
130
21
36
27
78
22
60
62
26
56
38
28
51
67
83
74
56
29
79
36
21
77
36
30
40
33
35
26
84
55
28
26
77
33
59
30
46
83
48
28
45
44
31
24
31
59
72
26
26
23
25
39
27
38
29
33
60
54
40
40
77
