20
12
27
13
39
15
15
17
53
22
13
32
19
12
13
17
11
26
18
40
30
22
22
26
12
10
22
10
12
11
40
18
31
21
13
23
20
15
17
15
18
21
45
12
17
28
32
14
12
22
48
34
96
30
37
73
44
25
32
69
18
11
23
46
35
34
101
67
55
29
23
36
23
100
12
8
29
77
55
43
54
25
97
35
109
30
23
58
29
34
56
32
114
98
69
78
72
49
77
63
92
65
16
48
36
27
64
61
106
13
63
94
85
82
52
128
104
30
43
27
117
66
232
235
128
151
14
72
19
93
181
186
169
86
43
16
339
50
269
16
232
122
256
196
272
59
186
201
256
69
162
176
286
186
90
74
127
492
53
52
266
340
45
211
264
352
328
273
278
113
271
242
322
267
253
314
372
305
248
225
46
332
38
240
70
267
270
67
266
275
294
250
163
247
404
288
287
63
270
244
51
407
101
24
143
233
281
18
46
138
260
281
244
66
333
500
170
190
407
294
143
318
264
272
246
196
284
279
316
41
263
401
278
298
307
221
267
298
260
347
262
386
261
306
278
437
337
322
293
361
500
65
371
283
326
500
321
231
282
322
318
372
253
416
468
257
500
468
500
302
392
453
460
303
247
264
272
384
255
248
293
500
161
181
360
248
336
193
259
293
393
416
281
316
379
500
232
93
164
499
370
387
332
294
260
336
500
296
371
57
302
276
242
288
293
262
293
213
262
295
46
346
320
328
341
259
251
313
319
231
376
256
232
253
273
36
248
324
431
297
436
500
500
205
302
412
500
500
350
76
500
500
296
500
500
500
309
278
500
500
451
500
500
208
385
124
500
167
273
248
175
265
86
463
204
355
405
399
368
431
330
224
266
280
376
94
256
276
260
367
266
269
331
300
376
354
251
309
335
377
387
256
157
440
250
175
190
211
281
45
227
380
253
348
274
205
268
261
161
275
219
281
299
364
429
461
93
437
223
500
396
281
178
373
160
231
222
315
30
360
299
490
500
223
199
217
192
12
45
170
142
152
210
102
168
158
498
187
308
187
353
87
154
274
326
173
206
228
216
304
185
190
156
177
400
200
231
500
213
196
397
182
164
331
182
170
161
500
157
500
164
160
277
164
273
259
180
178
138
127
145
149
153
147
127
181
145
204
203
159
141
183
153
166
29
210
146
166
104
240
23
339
160
91
172
162
214
205
164
218
330
225
152
249
115
214
278
272
199
177
231
152
172
294
168
227
205
205
164
305
335
330
203
186
165
167
132
249
213
70
247
142
201
54
62
228
161
208
115
20
143
163
185
132
210
152
176
150
128
129
95
168
134
125
182
131
125
121
169
113
180
175
236
146
149
123
135
162
113
36
118
197
42
151
152
120
157
49
222
126
69
204
192
169
226
150
212
185
151
163
203
164
155
166
216
139
143
240
183
215
70
134
238
160
160
146
133
138
144
125
147
249
53
174
244
166
152
166
189
189
44
319
115
83
233
196
49
221
227
280
134
46
254
169
146
126
229
169
275
238
133
384
183
206
228
127
289
153
234
145
222
192
296
167
207
135
146
126
128
131
153
144
170
172
99
148
232
380
28
180
134
124
169
204
30
454
190
207
195
207
199
148
442
134
123
143
264
215
255
157
314
222
261
144
188
332
330
133
146
138
185
183
173
144
205
144
145
233
232
164
273
305
134
214
193
160
299
207
208
179
241
172
157
141
205
497
205
53
19
205
150
52
164
193
171
182
141
186
181
174
51
152
145
138
251
356
159
195
355
188
326
220
115
160
283
149
204
87
446
234
207
339
140
219
186
258
369
125
262
213
208
187
201
251
268
129
212
142
286
115
200
197
170
161
184
121
164
220
181
130
211
140
153
131
131
178
143
115
23
99
204
128
142
134
150
258
181
119
171
153
49
121
153
31
148
168
129
139
80
27
52
58
13
121
179
52
186
164
47
179
102
169
157
117
138
108
110
131
144
180
118
168
336
177
275
214
174
165
169
256
386
269
271
329
204
276
165
223
350
299
94
259
277
258
198
72
343
447
192
207
194
173
216
192
242
213
188
209
142
248
295
218
167
218
219
334
294
282
189
221
248
245
171
270
62
305
252
203
129
169
186
45
359
195
212
500
416
286
284
379
36
224
177
134
418
173
228
135
245
194
193
305
221
272
135
115
135
229
220
291
287
205
215
280
61
257
173
144
210
366
206
207
278
284
388
340
500
350
469
201
428
500
147
182
156
22
168
500
124
81
202
171
208
272
500
423
88
285
254
291
