33
14
17
24
16
34
16
11
11
11
19
18
50
42
24
10
52
15
14
26
23
25
21
11
19
27
13
20
15
37
24
13
28
23
14
15
9
13
15
33
27
9
22
14
19
14
11
30
26
26
13
12
13
20
11
11
10
13
9
19
11
16
16
10
11
16
12
27
12
19
44
96
40
41
35
51
26
22
18
31
46
31
48
24
20
35
65
65
58
15
22
24
17
32
116
36
53
27
41
66
66
56
30
76
19
26
72
83
108
88
42
42
27
39
95
57
46
87
65
30
90
22
61
73
113
55
75
71
79
68
154
90
21
140
102
104
158
153
114
114
74
71
14
40
209
95
13
173
188
57
62
250
117
56
71
203
136
221
275
118
175
260
71
231
239
281
264
143
190
429
217
219
152
123
36
183
133
85
146
500
310
71
97
327
217
201
314
236
264
165
300
51
472
28
343
135
271
257
217
312
282
266
255
215
256
164
253
244
294
240
22
401
284
276
293
250
301
314
356
233
264
244
462
354
286
154
408
174
302
500
185
368
243
225
353
366
308
94
302
370
217
320
203
399
316
260
234
259
330
266
217
297
251
255
307
385
335
80
363
261
282
327
265
500
279
300
360
195
282
233
323
237
307
134
250
102
328
257
318
270
297
287
106
293
300
32
324
92
418
264
38
275
308
500
289
267
229
241
281
318
445
280
500
255
275
481
234
384
283
264
285
279
265
314
354
346
296
242
318
277
237
231
300
351
280
369
207
270
295
268
216
288
346
332
274
281
373
371
265
345
271
354
259
358
301
372
394
405
356
325
301
333
243
288
301
382
378
215
280
241
336
267
337
332
69
187
31
384
145
312
310
309
349
500
293
436
259
198
280
330
243
295
441
325
371
463
333
232
246
367
338
249
358
346
410
227
244
416
315
358
241
230
297
298
336
298
365
296
327
247
233
302
232
338
249
230
274
207
280
266
256
292
266
500
401
243
249
262
467
220
254
455
231
226
190
208
347
382
260
245
240
290
256
318
275
267
273
286
250
236
208
309
317
301
309
221
252
315
500
300
228
253
500
383
227
333
208
241
251
394
287
327
281
288
327
247
290
313
319
272
305
321
231
355
312
307
230
296
284
269
242
204
401
344
302
236
266
226
361
247
268
211
231
336
225
309
251
280
239
304
232
314
273
301
322
371
335
228
346
327
360
238
286
307
230
254
229
222
296
255
67
277
341
360
273
240
253
335
239
335
297
319
271
333
293
500
259
213
262
269
179
317
375
227
275
237
268
454
167
314
165
165
233
229
311
291
235
163
263
198
293
500
202
270
322
181
214
183
211
162
500
35
177
165
221
222
217
218
240
175
142
302
229
186
272
322
204
134
149
238
211
293
362
187
180
201
248
249
259
311
240
285
345
174
207
203
210
195
233
82
139
178
221
174
169
245
216
176
91
164
168
198
276
339
182
178
404
200
222
170
185
193
250
298
242
192
208
24
250
157
407
251
228
179
211
120
158
138
242
362
244
185
196
140
350
220
263
184
302
205
221
205
349
159
145
145
61
148
186
199
292
131
171
370
240
187
212
229
282
203
241
280
301
365
161
207
218
261
275
189
311
263
295
238
322
190
359
164
366
236
255
260
237
202
306
201
242
477
194
355
257
322
253
201
218
213
235
371
143
242
379
489
185
330
211
142
351
194
252
307
318
489
287
176
267
316
142
240
204
479
319
453
169
286
294
140
330
212
239
324
209
465
206
202
167
180
193
148
318
237
163
320
237
347
220
500
292
500
335
182
130
309
153
207
117
197
500
161
217
376
138
15
316
175
230
210
233
305
272
148
288
464
228
169
131
208
436
140
201
220
290
231
271
321
191
201
182
163
200
251
195
192
229
236
426
169
160
245
302
297
443
185
254
187
273
216
206
215
196
203
251
254
485
244
336
141
294
138
242
316
203
292
500
223
120
252
206
201
148
269
355
500
241
330
221
172
256
179
116
352
245
400
148
331
167
340
213
130
184
234
364
25
373
164
220
143
158
199
216
261
339
185
155
294
241
158
194
199
263
457
204
133
291
351
208
264
148
190
250
205
231
209
185
101
109
179
316
150
136
224
369
270
159
262
234
149
204
471
278
199
192
214
474
141
181
235
291
351
377
297
245
111
202
196
338
326
182
282
174
171
162
406
162
120
264
250
188
143
119
179
130
170
195
285
262
304
352
333
182
98
127
226
155
144
229
70
275
182
379
257
161
255
350
163
384
150
276
223
209
409
257
292
170
142
411
165
133
163
262
148
