36
13
9
14
37
48
8
25
19
48
53
18
10
38
9
21
11
15
13
16
23
14
12
20
27
14
15
11
30
14
14
10
15
11
28
20
18
17
29
31
11
19
45
24
13
37
14
22
34
17
27
15
9
13
17
16
12
18
24
9
12
11
10
8
23
18
10
14
34
27
44
16
16
25
22
27
44
14
16
80
20
29
33
15
20
64
35
22
39
41
24
12
93
68
44
31
68
53
109
72
14
25
40
27
37
89
51
28
41
86
55
55
21
60
51
36
17
55
85
98
42
52
57
24
26
47
70
74
106
144
105
185
88
78
22
94
108
27
113
50
123
91
121
168
82
179
43
69
177
184
69
15
58
132
122
251
163
210
361
162
59
331
246
53
44
203
266
250
266
110
309
372
380
189
353
50
392
40
93
281
77
120
499
135
129
442
196
294
107
345
131
353
174
360
122
102
270
193
276
32
103
253
250
402
471
45
166
18
343
124
183
64
51
14
18
412
326
49
352
197
254
346
55
207
302
369
266
218
309
263
218
374
275
293
297
209
347
293
297
24
95
481
291
275
101
212
252
154
220
246
219
295
207
280
499
124
242
332
366
499
264
449
326
345
498
264
292
315
357
499
375
348
499
499
499
499
44
411
43
399
26
499
304
315
328
327
273
364
499
11
499
167
349
394
446
155
497
34
130
499
41
267
46
499
177
441
405
430
491
369
182
151
70
349
499
144
363
271
241
37
366
361
291
134
33
499
470
499
281
499
499
368
499
57
411
257
499
419
499
256
499
388
13
229
279
305
499
160
273
411
499
499
315
433
234
291
388
313
400
371
323
499
417
267
499
438
321
147
444
465
499
285
499
499
47
261
259
343
195
21
237
244
499
464
499
279
158
351
273
434
329
442
345
257
258
499
499
499
499
302
299
472
49
343
181
250
222
448
299
333
352
407
431
272
38
175
107
499
499
271
265
66
64
283
499
388
249
499
245
261
182
499
274
255
400
133
135
213
191
259
296
190
111
195
131
342
499
429
354
499
232
499
140
499
291
196
357
482
499
360
82
419
499
440
499
499
436
299
186
238
499
499
267
499
215
499
155
370
273
499
306
499
310
40
378
499
163
279
398
309
248
181
424
499
348
183
499
156
494
235
232
486
25
496
420
499
499
95
161
499
499
170
180
499
194
174
363
315
359
216
237
259
383
14
272
260
159
89
499
121
359
227
220
499
499
97
139
115
203
186
417
203
148
235
263
167
360
50
178
264
208
193
269
193
206
207
499
166
120
197
499
310
283
442
146
140
122
135
431
214
174
279
336
228
199
499
206
65
175
139
137
139
312
499
327
65
170
209
195
89
168
148
182
176
108
121
179
128
440
215
16
139
142
246
267
120
252
499
327
154
174
499
156
68
207
188
145
225
107
246
193
226
225
237
209
73
68
159
112
85
179
97
166
321
176
41
156
147
173
182
221
106
324
160
138
160
173
186
74
77
151
154
123
333
245
136
170
186
99
88
148
236
204
196
163
177
99
230
135
172
139
51
127
168
195
47
91
150
75
132
198
158
18
125
293
399
146
204
23
385
171
119
23
158
292
220
154
213
216
151
165
29
11
252
196
277
162
309
144
167
196
203
215
278
276
222
276
231
206
239
176
213
362
192
245
142
335
313
100
186
176
179
190
247
241
180
179
217
210
144
177
171
172
88
278
220
227
178
224
168
267
224
252
39
181
48
169
39
214
151
295
155
269
11
361
306
205
158
198
153
236
62
179
176
152
91
120
237
61
332
216
426
385
205
218
72
499
499
328
109
193
470
284
152
227
235
162
234
27
359
162
153
177
210
259
287
178
450
220
184
199
499
187
148
72
201
271
73
234
183
260
251
153
250
169
204
218
269
108
93
167
70
199
181
178
224
371
307
236
132
298
227
205
174
270
217
274
157
213
214
260
233
54
34
149
229
285
257
203
219
49
33
242
155
155
60
29
301
196
188
133
232
137
184
269
259
180
103
30
298
127
166
229
235
79
286
199
321
40
298
213
159
136
211
256
176
108
172
211
144
209
154
29
39
135
68
207
191
251
167
201
283
217
67
189
148
228
42
31
96
230
258
68
185
264
68
142
187
213
338
227
226
160
277
216
268
253
85
148
268
178
227
120
90
77
356
173
141
365
132
160
253
54
149
34
118
187
215
190
261
225
195
76
252
147
156
141
158
111
177
455
141
241
152
28
118
275
154
241
216
317
156
422
192
192
145
228
170
196
99
22
177
188
312
189
142
182
176
172
201
