26
11
15
41
31
16
14
11
10
13
65
19
24
14
17
11
12
28
33
25
12
13
16
22
18
17
16
8
25
17
11
38
19
17
17
17
12
18
48
11
11
39
15
20
16
12
28
21
17
11
22
10
19
13
15
12
11
12
17
11
12
12
18
11
21
18
9
23
17
24
30
11
33
15
27
16
122
32
42
27
36
61
32
46
56
16
10
11
17
43
23
14
29
43
38
32
24
25
30
49
26
25
35
38
19
109
85
41
35
81
32
42
13
54
28
78
28
20
84
33
37
42
31
31
35
29
36
152
46
22
41
29
36
35
45
74
73
51
32
66
52
90
109
61
69
73
51
115
101
82
133
127
61
31
79
42
83
113
131
98
67
106
73
151
126
40
110
130
159
99
87
299
118
96
123
187
154
112
200
121
139
26
291
391
49
147
227
220
286
288
78
211
329
308
320
238
25
409
498
164
247
279
133
263
196
309
205
281
269
82
316
318
260
282
60
246
102
20
243
202
363
295
276
274
277
358
15
346
249
304
244
275
356
83
278
311
36
86
303
277
294
295
275
265
209
254
227
244
216
224
273
315
283
132
294
276
259
159
250
73
290
242
101
319
41
305
500
115
253
348
246
290
13
262
81
263
234
251
285
75
206
204
288
229
294
258
213
407
251
239
164
240
280
316
275
254
288
252
249
95
240
254
279
295
294
35
270
350
333
206
387
251
237
278
285
397
230
234
309
284
213
200
252
247
227
209
80
249
151
284
245
12
410
129
254
247
232
229
227
232
232
250
245
232
376
260
81
226
226
253
267
238
221
240
322
317
166
224
322
221
264
272
222
237
216
218
255
229
218
290
301
204
275
202
309
194
253
256
208
334
223
210
270
258
329
193
239
204
217
280
261
323
183
317
283
285
338
265
120
246
207
500
366
227
154
226
250
233
211
500
292
221
60
269
214
209
213
188
193
241
204
185
237
273
238
252
399
288
207
203
255
204
208
270
243
325
240
181
217
480
484
210
237
328
186
205
230
208
276
257
127
226
246
381
238
246
410
255
236
361
352
147
204
186
225
500
500
37
269
186
350
229
194
182
281
300
185
486
269
234
189
216
435
365
221
120
317
227
243
196
244
334
298
186
293
184
266
155
281
216
305
374
165
200
144
337
142
37
150
192
170
186
118
153
207
217
172
272
180
151
500
187
245
211
196
423
309
432
190
182
193
152
193
291
164
144
134
53
182
200
215
192
392
146
131
172
199
224
211
159
221
157
156
201
162
167
181
200
144
365
154
156
265
183
149
371
431
176
225
151
200
124
175
162
149
158
151
159
184
175
253
152
170
151
227
144
158
157
181
197
181
133
219
157
144
142
127
151
161
114
116
164
125
142
141
134
125
161
135
162
153
142
148
191
133
159
175
152
142
123
162
150
127
212
202
146
123
118
153
194
127
145
135
14
171
137
132
129
144
207
151
176
149
159
145
154
130
134
200
189
134
124
164
150
186
214
143
131
360
128
24
153
126
159
131
88
187
117
140
149
124
135
140
154
127
150
129
138
127
136
161
203
138
217
133
163
133
112
167
124
159
137
155
155
132
120
112
136
144
123
119
115
125
203
222
163
117
125
114
156
107
113
124
116
113
121
170
104
125
170
148
148
128
108
188
122
143
110
118
114
81
97
138
144
111
102
236
146
126
135
160
142
132
137
123
346
140
230
100
142
176
154
115
179
174
194
143
137
247
120
120
168
158
197
176
124
140
118
162
176
125
251
188
162
212
102
114
111
160
114
150
112
211
215
104
135
212
118
160
129
168
285
64
103
121
107
169
102
166
239
285
103
142
149
155
273
201
153
160
128
203
140
192
205
219
123
121
127
151
116
265
122
173
122
133
106
150
189
39
218
148
219
151
129
250
45
112
125
171
103
134
137
98
153
237
192
121
118
119
179
127
156
230
126
216
127
113
28
117
124
147
46
172
361
186
122
220
179
205
165
143
318
145
362
237
126
121
263
66
194
100
147
154
248
143
134
122
143
139
129
54
147
105
117
154
118
44
112
71
49
162
135
135
116
149
150
109
96
120
290
163
179
124
133
130
188
152
112
34
160
193
168
277
137
135
253
116
122
153
161
164
170
97
121
187
111
98
121
137
284
13
68
129
145
127
213
156
230
165
233
201
176
113
235
150
260
165
162
287
30
154
380
265
126
500
244
147
108
161
157
123
159
223
149
390
189
255
179
139
190
188
163
296
116
269
345
124
156
186
118
86
18
224
160
160
139
125
333
260
237
