29
19
18
17
13
16
41
21
23
18
21
19
22
21
15
71
12
20
15
33
33
18
20
30
15
9
21
32
14
39
14
18
28
35
21
34
24
12
10
26
31
24
17
31
43
26
12
98
57
30
49
26
14
13
26
69
38
19
13
47
81
62
65
83
33
27
19
36
63
61
54
26
46
25
72
35
48
59
67
82
51
32
37
33
34
119
100
37
94
58
54
69
15
66
122
50
48
60
78
64
36
79
74
46
138
93
53
150
66
31
72
122
113
131
88
34
170
103
78
13
61
114
146
33
18
53
137
55
210
31
151
48
123
29
167
123
22
156
43
139
86
136
99
152
19
19
124
156
138
100
139
59
149
15
115
16
73
205
30
191
188
180
31
15
33
59
70
33
158
151
56
132
188
42
142
57
144
98
144
117
169
69
183
53
11
158
186
158
63
177
101
163
103
48
144
19
181
115
130
154
181
155
165
100
139
103
124
161
135
37
127
48
12
157
150
18
145
140
18
139
132
145
149
399
153
159
40
44
44
52
307
22
108
262
471
160
127
154
24
65
59
255
11
130
40
24
117
122
158
26
127
114
96
54
120
57
95
134
216
131
144
147
51
111
70
11
83
52
204
27
79
123
22
118
129
149
13
17
124
105
99
57
109
79
78
103
101
102
93
115
104
101
121
57
12
144
38
45
58
12
108
60
17
12
12
17
63
123
11
151
94
47
19
16
126
68
91
115
24
143
131
161
40
12
139
112
126
131
88
118
151
122
123
119
96
161
55
12
141
78
139
195
181
148
80
216
259
30
23
23
125
189
61
160
123
125
111
144
134
86
86
166
116
118
292
140
58
105
50
23
185
118
123
48
14
138
262
101
179
131
116
120
34
105
104
122
211
34
90
119
124
141
126
171
117
117
114
84
12
101
111
12
100
110
129
112
102
104
114
41
105
57
13
177
71
43
61
20
153
39
115
194
488
361
28
13
61
81
91
95
229
127
147
179
182
132
90
115
133
107
176
130
95
246
79
20
98
108
41
119
57
128
110
122
147
128
106
133
131
13
133
123
40
17
33
75
16
36
47
24
110
114
132
84
119
81
116
79
115
123
117
121
118
121
124
224
145
155
14
51
22
64
115
118
80
135
146
103
102
99
231
109
123
25
33
117
144
106
120
130
121
118
125
106
133
112
85
106
86
195
287
124
198
95
103
113
101
81
115
108
107
36
110
103
103
104
101
76
73
114
17
114
122
115
41
32
54
57
117
152
47
94
139
120
219
114
101
108
49
44
23
123
119
148
158
140
152
111
118
126
123
129
135
116
122
37
130
136
166
92
115
130
197
175
76
151
121
89
33
108
30
94
30
30
39
12
35
30
110
124
122
98
116
116
127
155
116
52
115
36
97
66
242
88
132
107
112
122
172
362
215
84
196
110
185
100
152
103
72
35
116
34
127
115
128
114
99
59
107
189
115
23
66
130
119
132
223
216
179
34
102
153
125
103
278
236
235
45
18
125
149
157
157
182
129
17
159
70
155
114
147
123
111
120
74
117
129
41
144
73
119
67
120
121
98
153
114
10
110
101
112
141
116
102
101
101
106
109
148
114
262
27
65
116
65
71
154
130
172
65
128
178
153
157
97
139
116
116
90
132
97
104
79
105
108
121
109
109
112
102
109
43
110
85
107
36
67
11
137
95
101
105
104
118
108
69
127
52
111
109
107
14
102
95
103
24
114
113
106
114
127
59
121
128
149
152
165
241
184
23
98
123
53
115
110
120
12
32
132
146
98
110
107
101
53
107
121
101
113
97
96
99
17
95
72
12
107
113
21
130
107
72
107
131
112
117
310
126
129
107
137
173
205
277
99
123
107
144
237
185
159
101
109
97
128
15
131
41
98
96
119
58
116
47
26
147
104
113
104
102
110
265
165
138
140
23
132
163
126
142
139
129
140
186
93
102
13
21
26
104
142
111
94
30
228
94
70
255
102
101
213
149
183
144
148
121
144
138
110
27
199
146
192
185
166
173
123
150
152
110
32
159
182
235
174
103
114
124
138
141
91
109
105
120
121
31
158
120
131
160
113
138
173
145
134
27
25
117
150
128
33
113
23
138
114
159
21
129
13
187
17
15
11
29
15
37
92
111
113
93
100
132
142
112
34
126
37
29
54
28
29
35
72
123
26
117
132
119
72
74
71
33
81
44
51
39
29
16
16
19
16
28
13
41
14
34
15
63
27
45
17
41
36
32
14
20
29
20
34
39
19
50
325
37
114
29
35
252
15
40
