27
13
39
21
28
22
19
24
18
19
40
46
21
13
27
35
14
20
12
24
20
19
17
14
22
13
22
15
17
44
14
13
17
23
14
21
26
14
25
13
10
17
19
14
20
31
18
52
20
52
12
14
13
26
12
14
18
47
82
14
19
11
25
58
41
13
23
118
31
62
69
19
15
60
21
31
20
76
60
17
27
42
27
48
39
24
29
30
46
28
59
28
44
12
38
21
11
22
66
13
30
12
68
68
27
56
40
55
103
17
28
53
18
50
75
54
99
51
23
25
68
26
150
82
57
155
75
27
84
98
99
131
78
128
221
121
195
166
25
122
60
24
144
23
154
82
96
68
98
63
185
35
209
175
351
183
31
196
34
97
35
188
131
18
211
195
160
138
171
216
180
178
187
255
188
181
81
96
139
90
72
191
263
322
255
250
192
36
245
227
283
222
152
256
209
265
269
230
179
185
214
256
252
206
207
177
169
204
411
188
226
227
305
296
241
84
227
392
411
343
262
224
37
343
242
238
192
273
63
200
252
46
28
214
271
209
113
212
195
244
233
204
262
199
228
157
237
218
240
161
232
240
131
364
176
264
42
183
328
196
230
152
281
264
238
287
230
254
294
274
233
296
241
12
465
500
241
242
397
230
281
45
324
423
208
375
492
500
298
238
500
337
500
193
329
299
250
54
319
223
420
192
137
329
73
132
47
94
362
298
174
309
500
319
191
236
251
240
58
480
156
232
31
312
349
185
247
278
54
439
283
376
155
331
296
281
231
403
295
125
363
489
417
495
266
500
209
359
259
366
500
478
500
421
500
332
441
500
330
349
470
166
320
306
304
179
357
89
438
500
352
331
274
86
340
177
372
237
331
232
276
384
500
500
500
182
352
500
415
18
500
256
369
361
333
313
99
500
500
215
200
500
253
353
315
305
397
500
342
186
324
363
185
194
343
250
286
196
216
173
45
188
283
370
500
465
272
67
500
500
210
500
500
452
431
500
500
353
500
72
78
226
44
410
59
357
451
307
295
500
500
288
280
162
500
439
153
43
500
311
500
500
500
500
500
500
39
49
182
500
229
416
311
500
500
500
152
343
500
301
454
462
245
153
500
235
300
297
500
249
39
351
88
168
13
451
500
500
500
187
500
330
500
234
489
448
146
200
198
81
407
484
90
156
395
454
142
136
236
500
236
208
107
407
407
276
500
205
12
500
433
452
431
348
67
500
500
500
189
434
323
500
500
236
357
500
500
500
500
64
500
500
171
53
500
333
178
378
30
303
500
297
400
357
500
500
241
242
500
170
165
67
161
331
372
238
201
184
246
331
144
174
143
233
25
178
152
166
134
328
183
125
445
274
195
192
204
160
500
143
208
156
301
258
175
415
13
234
116
163
298
500
346
298
230
191
165
241
229
213
213
13
316
276
241
333
167
199
311
202
253
275
148
168
107
309
187
183
240
215
239
335
372
483
176
188
161
221
240
354
260
282
219
209
195
467
349
500
202
500
175
246
226
284
220
314
156
309
131
466
380
211
135
24
31
142
38
29
195
128
347
285
75
162
357
268
217
334
178
230
231
265
289
305
172
160
220
56
245
131
161
260
317
189
253
233
214
375
311
196
256
35
137
171
95
214
238
242
411
310
295
170
262
170
180
248
150
300
196
125
12
265
197
181
185
159
82
75
38
128
208
308
292
140
12
154
147
170
103
166
77
95
109
209
132
13
145
167
141
168
13
141
15
50
148
179
175
177
224
198
177
227
281
217
156
198
178
236
224
307
183
105
232
150
273
181
182
184
281
203
220
216
172
210
212
188
158
170
191
207
164
162
183
218
24
133
154
187
195
164
158
218
389
196
142
155
205
234
135
131
313
70
307
154
266
157
118
114
138
157
162
139
161
105
260
123
13
183
60
129
182
158
47
218
100
83
119
165
246
169
133
210
160
190
187
209
211
197
198
156
191
159
12
209
256
150
209
166
231
163
169
166
184
112
219
198
373
154
185
208
172
229
127
172
190
167
221
110
206
176
190
66
199
262
231
240
246
229
35
175
96
120
107
152
179
300
213
207
187
146
143
145
178
151
68
149
500
123
330
439
168
136
140
211
186
142
115
197
56
171
165
463
156
103
121
165
98
54
302
143
157
194
146
145
172
249
173
463
168
268
232
209
151
159
165
198
177
297
263
374
137
153
47
275
174
138
245
154
145
397
173
167
153
296
161
150
237
180
163
180
494
273
24
202
287
117
123
176
203
119
76
128
159
19
126
41
12
144
154
115
