27
13
19
12
15
17
24
16
10
35
29
16
65
15
14
13
13
23
11
11
15
32
50
13
19
14
21
18
12
14
14
13
15
14
17
17
15
14
13
33
20
12
18
19
11
20
15
20
34
44
38
21
31
22
66
53
79
66
13
47
18
16
76
25
47
62
27
114
89
57
37
19
131
54
76
80
36
15
23
49
89
55
18
62
13
14
10
98
22
186
60
49
101
69
60
28
23
12
137
16
71
58
69
39
89
55
81
112
193
108
36
97
33
62
99
25
25
150
101
135
190
148
179
45
133
193
158
46
32
36
131
32
10
80
215
37
132
50
52
42
17
174
56
23
116
134
207
93
91
320
43
90
22
29
53
148
14
111
185
12
201
14
112
244
41
84
192
58
106
101
139
232
82
56
25
153
194
100
68
151
18
250
143
191
297
43
181
206
59
193
208
69
284
204
263
312
204
72
146
193
84
356
211
258
201
35
218
327
101
292
373
78
270
62
246
206
185
37
155
69
75
39
186
231
106
57
105
67
171
44
104
108
111
57
68
50
52
129
193
17
46
130
139
25
50
115
36
144
82
39
67
58
48
72
16
20
64
13
62
36
181
30
41
28
64
47
95
128
62
109
90
50
47
64
78
128
30
33
44
63
153
17
72
167
142
159
117
206
180
48
22
44
48
46
185
203
100
223
16
93
67
133
19
12
19
12
14
22
103
32
55
11
11
208
30
33
14
165
121
39
11
25
33
60
46
21
189
20
144
33
71
52
115
108
176
140
124
91
28
59
146
20
117
104
56
46
10
45
174
32
138
151
55
43
229
244
44
12
35
145
282
137
37
403
38
128
52
78
95
42
148
111
214
124
142
128
154
79
127
331
12
74
173
27
108
186
107
178
31
101
52
19
113
13
12
24
27
106
268
173
32
59
185
11
35
262
71
46
20
123
66
116
77
171
126
97
219
152
148
112
113
111
288
23
67
104
45
71
15
30
201
13
23
34
251
41
101
176
103
117
237
61
234
90
178
204
112
68
207
12
106
33
217
115
214
138
216
94
147
265
242
11
55
37
100
13
254
99
230
97
64
97
116
280
145
69
110
459
99
144
117
102
107
244
50
163
115
110
193
87
12
63
129
15
11
74
99
31
153
150
39
229
137
220
174
102
202
113
98
188
96
57
152
247
63
183
156
102
287
51
85
103
252
194
173
94
133
238
190
100
103
257
154
168
29
199
127
148
50
148
122
41
241
172
161
111
228
291
184
130
105
196
125
267
144
127
99
123
211
166
142
166
118
220
243
199
139
100
172
258
157
193
112
12
107
99
201
115
129
122
156
178
224
111
109
101
316
35
78
148
113
230
134
191
111
222
92
51
128
29
143
115
220
152
120
164
246
246
25
117
197
162
218
165
200
213
181
110
137
164
192
229
163
172
184
55
120
316
77
120
213
69
132
111
273
177
140
108
128
224
176
112
401
135
362
202
59
42
97
181
213
10
167
269
167
144
198
264
350
152
106
128
128
133
292
141
244
145
46
304
155
104
117
111
167
121
123
96
119
58
272
112
114
84
309
122
113
176
214
156
128
316
204
175
183
227
166
123
105
171
182
262
87
102
104
224
189
274
160
150
113
279
130
128
116
128
312
122
174
127
186
183
35
103
181
68
70
76
115
127
118
153
119
109
110
143
344
159
204
144
172
120
148
112
138
100
236
485
119
118
227
122
154
263
180
129
129
325
34
115
146
209
266
138
132
113
135
126
85
297
401
194
195
110
92
389
105
345
134
122
96
44
283
165
416
121
130
109
134
472
142
11
206
100
174
162
243
68
181
53
500
190
201
127
135
373
176
124
269
275
212
51
296
101
153
349
189
90
177
123
220
181
182
64
192
221
161
500
105
115
138
179
218
332
59
138
140
211
362
298
127
155
140
154
138
323
221
91
177
134
181
202
121
262
177
147
158
146
191
121
372
98
98
148
211
177
375
122
236
194
101
158
155
370
165
148
500
81
219
199
170
104
190
180
93
174
192
239
291
315
138
253
104
225
195
124
500
228
267
128
125
118
155
230
237
220
124
111
160
140
171
78
310
123
172
193
109
113
160
124
119
188
107
171
228
121
154
170
119
140
202
111
196
110
323
111
115
117
275
110
106
174
27
213
126
125
111
107
113
255
206
241
104
132
115
112
139
199
138
127
116
126
219
108
104
500
119
149
168
145
193
133
130
195
204
172
168
117
108
167
143
152
164
115
180
219
145
193
107
137
158
238
130
202
231
117
170
100
252
342
