24
15
18
14
19
10
15
15
14
31
10
21
55
18
33
11
17
31
17
11
12
14
22
17
14
24
11
19
26
17
15
24
11
14
10
17
10
9
10
10
33
14
10
11
22
8
25
20
12
25
40
13
36
18
12
14
18
13
8
8
21
14
20
14
9
16
10
15
15
11
27
15
19
20
42
37
59
57
31
104
57
18
23
25
13
22
54
49
42
55
133
40
14
78
56
132
135
69
71
36
9
42
35
33
11
9
282
38
130
85
54
61
67
15
179
35
322
108
31
58
228
107
153
53
108
31
177
36
45
10
139
179
160
77
177
179
34
16
72
85
58
283
36
118
99
118
29
125
191
180
55
148
205
194
120
316
241
225
14
71
138
202
248
151
127
149
94
166
61
9
11
67
155
304
499
160
234
85
306
227
233
288
70
226
74
219
351
347
33
99
267
416
190
125
499
476
246
184
20
230
200
207
374
375
23
375
147
63
453
19
499
499
403
162
44
173
85
72
308
283
131
277
104
254
221
171
158
115
153
62
246
179
188
196
55
214
206
349
141
139
191
155
149
124
145
137
134
167
19
123
14
137
165
144
106
144
119
118
120
121
124
104
50
54
122
55
119
10
142
138
131
137
9
132
141
125
124
94
122
150
126
124
128
116
130
126
13
10
134
132
146
129
129
115
127
59
102
136
135
146
136
142
132
154
140
137
14
134
138
127
149
154
146
156
136
12
163
221
150
176
158
184
174
182
143
157
309
191
258
77
220
312
241
293
242
201
275
383
267
328
248
212
310
359
373
499
308
276
259
208
241
223
212
11
10
206
184
241
211
313
261
288
190
199
182
223
197
11
185
213
175
313
243
203
215
173
253
167
180
271
205
230
227
184
72
208
193
149
201
162
224
388
194
207
267
192
203
335
242
213
207
284
96
90
126
139
153
127
132
139
128
145
144
128
143
136
133
132
133
128
141
148
139
137
145
140
147
145
126
136
145
130
141
132
142
132
145
149
144
138
141
152
123
133
127
106
143
162
167
146
177
135
158
156
164
153
149
152
184
146
158
153
150
156
142
143
149
159
138
176
153
155
160
138
155
145
154
149
147
148
105
164
180
142
217
191
151
145
186
176
175
186
173
179
181
189
160
154
172
163
138
155
155
151
142
161
153
147
169
172
161
174
383
209
167
192
179
191
177
152
145
159
166
187
177
141
127
147
143
154
156
150
134
141
148
131
79
127
151
81
68
104
162
102
219
291
179
179
179
211
183
153
194
234
203
93
15
30
28
78
101
164
298
149
206
193
191
158
189
200
165
162
170
196
179
168
160
190
191
177
195
198
216
211
217
211
231
200
227
272
288
295
257
263
178
226
232
228
333
210
211
198
194
212
194
213
215
200
201
208
199
203
208
222
218
209
262
244
203
235
250
152
322
245
292
307
266
249
380
303
256
309
472
12
58
36
34
38
62
230
217
197
183
175
194
192
181
172
170
198
201
235
185
208
258
193
198
191
240
217
223
195
188
234
189
210
211
308
217
209
209
337
227
284
400
225
305
245
308
249
295
267
205
230
210
266
273
210
216
206
215
271
276
252
263
319
296
418
239
244
247
248
315
173
499
216
163
171
152
161
155
165
186
319
19
25
24
12
27
29
314
144
112
153
147
150
156
156
148
157
158
167
144
151
146
159
141
153
141
142
153
157
301
356
155
70
121
499
367
143
78
74
36
27
133
143
220
499
499
493
165
228
270
275
258
263
272
321
230
302
228
263
296
241
269
251
252
226
197
223
224
219
194
342
292
284
140
10
11
10
30
13
10
10
16
29
13
32
45
117
106
115
129
125
76
144
166
162
157
156
161
157
164
163
171
163
166
165
166
174
156
192
176
164
158
161
166
156
181
153
151
169
157
158
168
168
133
156
263
178
199
192
199
208
206
214
220
240
209
218
252
67
190
245
197
202
197
190
188
188
216
210
181
199
200
189
205
182
176
182
167
158
171
161
140
142
137
137
66
161
190
220
273
191
309
188
205
177
185
193
207
165
160
164
157
160
207
151
221
156
215
167
178
206
204
262
267
266
317
350
499
377
499
361
446
359
499
341
368
310
322
304
99
211
248
227
183
243
462
499
346
297
316
278
499
229
173
195
220
494
309
271
245
297
169
203
389
208
120
283
258
208
220
172
177
205
286
313
218
244
41
227
194
203
193
168
173
160
195
165
167
137
218
200
185
177
165
188
172
169
246
199
193
197
193
186
275
225
91
151
137
149
161
155
161
143
179
156
227
197
