28
17
35
23
32
11
18
10
15
26
13
21
12
13
15
21
13
19
10
27
44
23
29
10
20
18
15
13
10
22
11
22
12
42
23
16
28
25
40
15
22
33
23
12
18
14
25
47
13
13
33
17
15
18
42
17
63
25
20
29
20
21
33
48
16
62
46
33
47
20
31
15
25
40
36
50
28
18
48
42
87
67
37
75
45
62
33
32
98
118
40
79
27
19
33
21
36
43
70
116
91
139
18
62
122
29
71
67
122
37
63
84
14
59
73
109
39
75
114
89
60
114
20
65
117
107
106
37
79
134
109
124
147
14
95
116
73
110
80
87
140
43
24
52
108
98
127
127
58
249
99
119
105
105
30
213
149
156
116
42
205
206
171
99
57
94
248
43
17
170
344
243
208
223
86
131
410
167
279
18
211
191
136
241
227
274
153
185
114
231
320
210
65
120
233
137
202
217
324
223
268
227
224
205
221
233
305
238
278
187
221
189
282
250
204
235
187
346
180
168
250
243
142
148
204
268
352
44
39
212
215
193
240
218
110
243
135
133
293
251
257
494
94
183
107
344
372
225
266
109
130
273
254
279
221
203
401
319
310
265
261
223
249
266
233
254
318
319
194
197
109
152
272
250
56
241
301
233
222
175
61
179
320
191
325
217
217
299
296
182
258
255
360
288
164
161
182
250
221
131
169
199
208
214
19
276
205
76
225
290
202
194
238
26
249
189
220
106
175
178
75
254
234
192
244
120
214
201
268
142
199
235
168
187
54
205
229
43
364
162
193
157
232
285
252
169
214
237
206
327
219
183
218
192
204
215
137
214
209
241
171
100
48
170
197
194
84
215
195
235
232
202
190
218
310
225
222
201
378
209
201
207
180
213
169
221
179
150
167
202
238
168
210
175
171
245
190
208
188
180
134
25
200
173
214
70
174
178
123
209
174
208
248
194
170
247
183
195
41
171
198
192
179
176
183
168
198
164
167
208
213
190
203
181
165
171
157
185
154
166
202
186
190
153
158
175
152
182
193
171
168
177
190
195
178
197
167
153
181
155
186
163
192
167
202
172
155
154
165
179
156
181
174
221
26
61
156
40
81
155
226
263
195
210
224
255
224
230
488
181
127
267
188
348
202
323
266
248
257
275
182
229
450
235
233
250
259
212
322
212
292
216
331
342
213
43
299
257
50
207
295
259
265
259
262
292
296
258
265
272
219
215
236
346
351
214
257
57
311
113
231
198
327
357
246
270
311
355
290
219
216
320
239
210
337
474
374
238
236
258
240
260
405
164
187
224
214
315
214
193
69
292
202
199
44
38
160
245
118
270
291
270
274
300
243
430
386
278
165
232
220
31
323
459
179
348
312
265
197
317
232
206
291
305
385
370
78
271
210
210
200
376
237
238
211
269
273
428
214
202
277
255
356
323
500
363
11
31
283
277
375
243
309
269
254
358
369
200
230
356
356
239
50
293
286
220
239
215
272
205
262
230
47
127
151
208
39
276
68
124
243
208
70
234
224
213
228
227
181
169
244
240
271
334
244
257
261
222
245
227
187
241
232
179
225
226
209
71
195
229
220
399
195
251
210
241
283
158
203
122
17
277
280
182
269
327
17
85
296
235
273
222
195
219
237
285
317
274
191
410
500
131
319
305
328
310
321
47
328
334
291
178
38
352
367
480
338
500
500
232
490
46
89
500
256
175
239
32
399
267
41
38
106
26
252
323
155
192
144
196
196
81
35
191
118
138
199
48
190
421
346
121
176
257
267
338
243
89
179
196
219
257
448
142
165
330
170
271
259
247
298
213
167
222
92
194
500
145
161
173
165
24
37
29
59
272
138
500
33
213
337
201
88
177
193
146
111
225
193
174
206
196
157
221
190
197
172
159
186
223
168
225
216
164
203
218
264
252
201
187
200
195
179
68
219
160
211
197
181
183
226
195
212
200
157
201
206
168
239
194
185
179
253
182
154
191
278
150
258
222
175
180
500
285
231
145
104
241
160
284
191
117
244
172
269
238
316
212
246
274
216
373
204
293
161
272
215
165
243
59
212
190
289
500
213
191
426
80
323
400
285
315
58
229
95
49
163
315
300
344
149
167
245
102
32
102
260
350
60
110
106
29
32
175
56
500
218
250
86
224
222
159
84
239
132
206
228
261
223
140
124
117
168
153
201
334
221
159
273
228
194
207
132
240
223
329
213
218
274
292
31
178
165
262
58
72
278
246
173
200
163
180
340
221
418
276
189
299
226
162
150
174
187
235
500
18
344
282
280
91
