25
9
26
35
14
54
11
13
46
12
16
23
13
12
42
38
13
13
16
10
18
34
15
16
10
42
13
11
26
21
18
12
18
15
39
8
27
13
20
13
8
11
22
27
22
12
14
9
17
17
15
16
14
14
18
18
16
13
10
9
18
17
11
9
12
12
22
21
18
18
12
15
25
33
20
54
41
59
42
30
63
57
67
68
48
59
22
65
28
22
37
68
119
30
75
53
11
55
16
15
32
32
30
37
62
30
18
61
41
33
39
76
42
69
25
34
41
33
81
36
15
85
22
57
75
44
16
47
75
125
113
75
90
63
105
102
98
50
71
101
199
123
172
47
113
50
152
104
146
93
161
97
77
42
24
122
141
151
25
107
167
162
159
336
162
161
76
119
128
129
212
59
173
50
99
288
268
185
113
271
415
164
14
181
324
62
227
64
183
300
55
187
205
324
156
269
205
251
218
144
164
246
374
235
123
257
131
200
385
240
243
251
229
129
211
223
267
240
293
327
236
383
83
30
241
315
213
75
252
212
259
181
298
222
133
234
199
235
237
173
96
289
110
186
193
321
123
317
229
196
199
499
324
226
244
282
115
211
184
187
333
275
134
306
231
231
238
241
260
210
219
221
407
202
207
415
169
291
252
209
253
356
246
218
254
169
225
313
346
192
341
223
336
303
205
249
209
174
189
180
223
356
181
162
345
187
353
285
245
243
341
169
157
147
166
361
199
206
179
283
244
264
62
153
192
237
447
190
168
160
195
201
220
229
282
210
155
280
220
250
229
252
386
219
240
204
286
300
227
190
277
230
334
201
274
189
109
391
237
387
387
270
291
308
274
43
113
285
217
225
175
214
199
155
256
167
184
208
204
153
246
186
215
174
236
201
167
239
169
267
199
191
199
192
160
171
182
203
161
176
138
194
143
199
152
170
191
225
173
158
180
157
188
209
165
165
175
87
165
285
161
305
202
336
136
260
205
212
250
251
124
268
168
308
284
289
86
38
108
193
35
24
233
237
174
224
209
244
194
202
156
182
186
242
212
208
223
217
210
203
180
244
214
235
266
184
178
205
210
347
251
206
227
218
212
85
155
196
152
181
200
116
226
303
228
236
276
167
199
188
180
281
220
217
188
193
202
102
160
178
213
200
204
237
197
183
261
414
175
207
138
197
212
219
461
195
274
235
217
246
256
193
239
213
233
222
193
225
261
188
247
233
152
270
185
168
192
212
171
183
235
209
272
219
379
260
439
210
206
173
236
203
270
196
155
159
251
22
153
176
252
170
164
175
167
268
175
251
178
167
193
499
171
154
148
129
176
171
152
192
194
301
127
222
230
9
34
140
173
208
207
30
308
143
158
205
169
343
133
138
219
155
219
167
220
322
143
209
144
499
456
499
270
133
296
271
172
189
33
189
259
188
396
155
216
212
294
341
238
139
462
157
127
283
33
215
368
326
152
155
297
181
134
170
178
300
79
72
216
82
225
169
205
102
182
149
351
226
155
384
170
373
142
212
148
229
310
174
180
220
210
195
294
18
119
169
148
174
157
208
281
345
215
134
208
184
144
114
200
186
208
262
83
159
177
156
170
150
225
298
156
164
110
42
105
144
219
283
132
133
275
173
110
58
137
193
95
200
130
182
202
296
233
242
213
499
207
351
293
268
232
237
318
333
216
178
142
309
122
11
89
12
207
215
250
300
214
182
178
191
279
260
253
233
221
486
159
206
174
314
172
265
251
213
220
214
194
287
215
157
10
31
105
97
65
128
89
156
169
166
206
162
262
235
235
251
166
222
188
166
165
182
170
169
209
243
205
211
77
191
174
118
285
228
207
213
204
194
255
180
52
199
254
189
318
250
198
180
183
207
214
158
305
337
496
235
242
271
223
71
9
103
204
154
112
63
100
203
337
154
190
272
92
172
158
211
226
344
288
346
241
154
264
133
389
212
362
180
167
166
162
222
139
172
360
284
182
183
273
173
190
210
106
243
359
166
317
164
200
209
201
235
132
202
202
198
251
164
191
224
217
498
57
141
161
232
288
123
197
354
151
233
181
175
430
26
184
239
181
184
219
212
211
220
201
227
327
77
152
179
213
166
58
83
186
195
194
181
240
150
116
247
184
262
317
172
26
98
233
65
307
258
79
93
247
29
456
178
231
414
315
223
243
211
283
216
284
198
218
143
149
217
142
312
241
37
111
24
111
199
38
148
188
233
214
242
194
314
169
247
217
205
209
210
197
158
208
254
153
148
338
92
272
55
125
189
195
316
295
220
