37
18
30
15
19
33
29
10
21
23
18
18
23
18
45
25
11
21
17
19
10
18
43
20
15
29
20
19
14
17
46
17
13
14
17
15
11
15
12
40
14
11
11
18
14
30
19
28
26
79
30
69
59
70
66
29
12
29
88
22
68
120
47
17
29
56
31
69
70
28
36
19
25
9
65
21
65
25
27
25
29
53
29
37
61
41
31
20
74
43
92
48
50
38
48
61
82
20
65
51
36
49
90
77
25
126
30
104
85
73
50
92
159
84
142
148
35
117
95
72
175
131
153
104
90
27
121
97
36
24
63
133
132
15
145
26
72
112
146
132
58
29
124
193
122
288
18
70
65
98
239
134
288
163
103
103
113
188
191
307
133
131
62
253
37
15
225
40
294
235
351
224
121
160
76
298
188
34
187
152
119
83
233
337
237
140
165
250
256
321
26
267
69
128
272
217
354
69
34
304
74
130
279
284
204
415
255
306
117
263
243
352
43
355
29
281
306
283
186
140
323
153
344
245
253
47
117
266
356
367
128
230
16
279
16
107
254
57
345
355
76
208
267
342
241
84
118
214
182
62
302
100
203
208
243
147
276
24
277
223
250
229
153
500
274
378
255
309
235
378
265
247
116
313
242
256
361
68
124
273
282
309
284
270
259
244
292
397
327
296
273
257
373
428
355
355
178
270
349
182
184
209
300
183
213
212
14
227
217
308
199
137
207
157
175
236
194
165
215
208
225
232
220
177
214
177
134
187
175
268
158
189
189
206
314
202
116
193
224
189
20
141
327
184
206
192
261
190
193
219
329
261
201
259
270
283
300
204
248
272
241
234
215
212
296
229
161
166
256
287
292
226
491
500
234
128
64
258
383
234
205
228
268
413
153
88
328
398
206
253
205
411
300
363
244
190
335
298
395
243
286
232
228
200
473
182
176
222
218
191
279
310
215
298
320
82
269
291
272
228
341
216
50
236
220
448
242
78
166
100
247
273
198
252
229
185
164
227
205
198
223
199
216
202
196
172
256
235
193
268
253
188
214
170
271
153
236
248
179
157
150
54
233
96
184
200
155
209
206
108
208
78
219
207
185
202
203
182
185
87
168
212
207
226
199
116
126
193
205
192
97
176
180
187
160
185
144
65
158
171
154
163
207
197
43
168
188
187
204
236
175
187
192
80
186
172
146
191
167
91
179
142
161
198
52
213
189
164
204
209
172
62
192
166
164
202
184
226
215
210
190
218
245
80
82
204
151
162
204
164
135
163
168
191
212
184
181
186
218
174
231
174
198
186
204
151
186
166
167
171
197
192
166
174
164
20
56
202
182
179
23
169
160
136
174
206
199
179
187
206
139
174
53
185
218
197
233
149
181
176
189
202
73
162
136
190
144
142
114
188
236
98
288
210
208
172
241
209
187
172
228
250
188
196
161
208
188
193
208
184
168
196
215
220
170
195
166
188
201
176
176
199
149
178
216
229
210
121
132
153
112
165
192
198
179
181
180
144
194
163
183
247
183
181
176
197
198
303
15
96
170
169
212
15
350
348
335
184
248
232
221
136
300
245
197
234
163
302
261
226
227
193
228
173
330
99
368
243
265
211
108
147
264
272
224
160
294
352
267
77
325
154
59
172
359
28
319
249
202
301
203
59
221
224
156
123
293
359
354
280
175
225
241
126
170
342
78
245
461
500
356
260
235
309
266
248
202
218
210
263
316
334
277
171
259
324
302
241
228
133
144
163
209
157
169
272
246
270
227
121
205
222
331
230
171
45
128
209
261
242
207
241
233
170
163
43
150
156
289
253
119
96
199
236
152
131
142
228
128
201
159
190
141
284
177
141
118
247
150
254
60
248
204
179
233
225
120
242
195
223
133
113
276
230
236
145
102
316
292
310
315
263
274
241
166
141
148
293
64
382
104
96
127
195
131
278
152
51
168
119
191
167
27
39
144
148
118
65
77
127
124
153
45
37
184
74
332
260
237
246
252
248
185
232
209
268
111
83
37
157
167
247
369
223
471
156
336
165
122
108
109
114
199
123
129
124
309
291
208
139
248
223
217
177
140
251
144
184
166
161
163
200
190
312
158
184
140
186
123
219
294
266
128
202
133
149
172
149
81
206
153
112
143
58
86
121
94
46
42
81
270
198
213
71
46
66
31
232
144
210
425
353
217
102
80
500
369
203
255
345
276
201
430
206
190
277
218
112
234
296
124
254
102
185
302
184
247
215
155
219
236
484
266
239
311
195
174
325
344
349
254
228
229
134
50
75
233
266
201
174
