26
11
20
21
29
13
27
14
43
19
17
14
14
15
28
14
18
13
34
20
54
16
20
21
17
26
22
18
11
12
43
15
27
35
31
17
16
17
30
55
12
24
12
43
20
38
13
18
20
11
11
10
23
9
12
14
19
9
10
12
17
13
23
16
17
15
13
18
10
20
27
24
16
9
13
13
15
14
10
13
13
10
12
11
16
12
9
13
9
12
16
15
13
18
15
15
17
11
11
13
14
10
14
16
16
11
10
11
14
14
17
10
9
12
12
13
9
8
10
16
9
22
14
10
11
14
20
11
11
12
13
12
9
9
18
34
18
16
14
13
20
13
10
11
20
19
23
10
10
11
10
11
14
18
13
12
10
13
21
11
9
12
16
15
13
15
18
12
13
12
12
11
18
10
11
12
12
12
12
12
13
23
14
9
15
12
17
10
19
9
12
11
21
13
14
10
8
12
13
11
11
12
12
9
10
17
10
8
11
10
11
15
16
10
12
8
8
10
13
11
9
9
11
11
10
11
12
9
9
8
10
12
12
9
8
12
10
16
10
10
12
14
17
11
11
11
15
9
12
11
12
11
10
11
11
13
18
11
9
16
12
13
12
11
15
12
9
8
9
15
10
9
10
11
13
10
10
9
11
10
10
11
13
11
11
9
9
13
8
11
9
9
9
9
13
10
10
11
9
9
10
9
14
8
13
17
10
9
9
10
10
18
11
10
10
27
21
23
33
31
31
32
46
42
29
25
39
36
44
41
44
40
34
45
36
35
37
48
54
72
108
68
39
78
44
85
74
12
19
27
24
18
23
96
15
30
135
39
21
23
94
27
12
16
108
18
21
22
23
51
94
54
26
42
29
51
26
19
28
24
30
22
53
58
53
96
50
13
12
25
23
23
23
56
15
43
33
18
9
52
50
22
22
14
11
46
18
61
12
30
11
40
16
15
34
28
12
28
34
86
72
74
59
42
41
10
13
33
44
11
13
14
10
30
12
10
13
10
26
15
17
28
26
9
15
9
14
11
12
16
13
10
9
9
9
10
11
10
10
10
10
33
16
10
25
11
13
14
12
23
9
25
30
22
12
11
12
10
10
46
8
12
14
9
11
14
21
27
10
28
18
21
11
10
13
22
21
12
10
9
12
19
22
11
18
9
19
37
10
9
10
11
11
8
51
21
67
30
23
37
56
17
42
103
15
61
60
48
61
59
145
20
45
50
68
103
102
92
62
96
100
60
20
101
22
78
54
173
112
86
117
11
26
137
92
68
33
76
174
39
35
126
60
42
101
28
65
149
16
23
30
57
136
20
82
64
125
175
51
62
56
73
41
65
22
66
149
70
49
41
74
97
18
69
152
10
17
59
85
69
49
16
23
15
92
167
108
23
50
50
57
85
42
80
44
42
93
18
38
55
109
42
44
31
144
63
21
46
41
28
56
24
64
29
15
73
176
41
41
44
148
140
15
59
60
11
51
33
32
13
46
18
106
35
73
11
73
33
17
43
104
69
106
85
49
78
27
45
59
38
76
52
50
53
29
33
14
13
28
41
13
44
40
11
10
16
46
11
13
12
12
20
36
45
46
61
26
41
20
99
13
22
52
17
10
18
43
15
11
13
37
40
27
28
53
13
9
57
42
10
62
88
64
13
49
12
57
73
39
74
52
66
16
14
73
97
29
73
57
45
27
33
17
26
24
47
11
49
91
75
36
13
33
49
37
11
69
13
68
33
56
29
14
26
64
32
35
36
17
39
32
64
13
37
14
51
55
34
11
13
15
51
12
86
20
60
36
28
16
27
52
14
14
17
49
47
14
50
13
63
19
40
51
38
51
14
12
14
18
60
45
76
48
12
44
11
11
23
17
46
15
12
15
15
10
47
19
39
26
43
46
29
44
14
41
57
13
11
11
10
69
20
13
59
40
35
9
11
47
42
24
55
63
80
56
20
14
12
26
50
43
87
76
31
26
15
56
26
12
15
15
55
11
9
16
20
41
14
81
30
58
27
17
58
48
72
40
14
22
14
48
16
14
9
11
15
10
46
122
41
11
41
12
43
23
88
40
29
12
29
69
24
17
17
19
67
21
49
43
13
45
66
95
9
9
67
18
38
74
37
85
9
66
31
12
56
48
30
17
42
62
13
62
40
47
151
48
19
29
37
89
43
15
52
45
44
16
11
11
18
33
10
41
25
13
36
10
11
30
12
31
36
11
24
26
87
34
40
56
41
27
15
71
103
224
28
11
13
58
177
59
42
15
46
38
19
38
33
43
12
