27
16
14
31
15
44
19
10
15
25
15
16
21
13
52
15
18
33
19
17
14
11
22
21
19
13
16
12
13
15
23
12
54
18
13
22
20
20
19
9
12
35
35
31
11
24
14
14
26
13
12
13
18
16
16
10
21
14
10
24
15
14
15
14
10
11
16
12
17
13
10
9
16
13
12
33
11
10
12
14
12
13
12
11
11
15
15
14
18
13
15
13
9
10
10
12
9
14
16
11
16
16
14
12
10
16
8
15
10
10
15
15
19
16
17
41
11
12
10
12
13
12
39
18
10
15
12
13
15
15
14
13
12
15
11
12
13
11
11
10
10
13
10
13
22
13
10
16
20
12
11
22
9
12
15
9
11
20
14
13
16
15
9
13
22
12
11
14
16
10
10
17
18
25
23
13
25
14
12
15
11
14
15
13
9
14
9
14
12
10
16
15
14
12
12
10
13
11
10
12
10
10
14
11
10
10
30
50
18
26
45
69
39
31
25
37
46
24
35
37
41
18
10
21
13
14
11
9
19
13
12
9
10
16
10
12
10
9
10
9
13
13
24
9
29
10
11
11
11
9
16
10
11
23
11
10
10
10
13
10
11
11
13
10
9
11
10
12
10
10
27
12
11
9
10
14
14
10
24
13
27
10
27
10
12
19
26
14
10
45
12
51
28
12
12
31
13
54
23
10
73
51
10
40
23
25
59
43
70
90
43
17
52
13
84
13
22
39
9
22
19
17
18
11
32
18
10
11
10
13
11
11
12
10
10
10
9
12
8
9
10
10
10
10
11
12
11
12
13
13
14
12
11
10
9
15
8
10
10
9
26
12
9
23
10
29
12
9
11
10
9
10
21
11
10
10
10
10
11
11
10
10
11
46
13
15
33
10
73
10
11
9
11
10
12
11
22
11
10
10
10
10
9
10
11
10
14
10
38
18
16
18
10
11
46
18
34
33
112
35
118
31
34
9
12
36
39
9
35
14
26
39
11
68
12
11
10
18
15
164
18
27
46
12
13
35
64
44
45
54
59
28
88
11
74
85
65
102
252
70
74
124
106
68
169
98
82
54
135
61
32
23
18
20
45
38
62
14
23
10
59
27
14
10
29
22
9
29
45
18
17
51
12
54
25
12
26
57
25
32
23
20
20
11
47
28
84
77
77
77
23
84
25
86
47
29
61
68
32
76
33
20
42
53
71
10
32
83
41
101
170
104
29
20
57
61
56
66
112
56
13
11
17
34
17
26
35
36
57
83
24
47
26
41
22
10
26
33
9
20
66
14
18
31
16
32
37
17
10
45
27
19
18
16
16
17
26
9
14
21
29
15
10
69
38
16
9
10
10
12
9
10
17
10
18
15
26
30
20
10
10
28
10
11
10
19
11
10
10
14
16
15
10
14
10
9
10
9
9
9
9
10
10
13
8
9
9
10
10
9
10
12
9
9
9
10
12
8
9
9
9
9
10
10
9
10
10
10
9
10
11
10
10
9
9
9
9
10
11
8
9
9
9
10
9
10
10
10
10
9
9
9
9
9
10
10
10
10
10
10
12
9
8
10
10
10
10
9
10
9
10
9
11
10
10
10
9
10
10
9
10
8
10
12
10
9
10
9
8
9
8
9
9
9
9
9
11
10
10
12
9
10
8
10
9
10
11
10
9
10
9
9
9
9
9
9
9
10
9
10
11
9
10
9
9
10
10
8
10
9
9
9
10
9
10
10
9
10
8
9
9
10
10
8
10
10
11
9
10
10
10
10
10
8
9
10
10
8
10
10
10
9
9
9
8
9
10
10
10
9
9
8
10
9
9
9
8
9
9
10
8
10
9
10
10
9
10
10
9
10
8
9
10
8
11
9
9
10
9
8
9
8
10
9
9
9
10
8
9
9
10
9
10
10
11
9
9
10
9
10
9
10
9
9
10
9
11
9
10
9
9
9
10
10
10
10
9
9
10
8
10
9
11
9
10
10
10
10
9
9
11
8
9
10
9
9
10
10
9
11
10
10
9
10
10
10
9
9
10
10
10
10
10
9
10
9
10
10
10
9
10
9
9
9
10
9
10
10
10
10
8
9
9
10
10
9
9
10
10
9
10
10
10
10
9
10
10
8
9
10
8
10
9
9
10
9
9
11
9
11
9
12
10
8
9
10
10
10
10
9
10
9
10
10
10
11
10
10
9
9
10
9
10
9
9
9
11
9
10
8
10
10
9
8
8
11
9
10
10
9
9
9
9
10
11
11
10
10
9
10
9
10
12
8
10
10
8
8
12
10
