24
13
13
44
23
17
14
13
45
29
28
28
46
33
24
25
18
41
22
20
14
19
26
11
23
23
16
31
15
10
16
18
28
23
11
13
15
23
30
23
25
32
44
17
13
22
16
19
21
15
10
13
9
21
14
21
21
10
22
11
19
11
12
18
20
29
18
12
11
19
10
14
12
12
19
17
9
22
12
10
19
9
14
13
15
13
12
11
20
18
13
15
10
21
9
15
14
14
11
19
12
18
28
24
10
16
10
18
18
12
9
10
20
21
15
12
13
25
20
15
18
12
9
10
18
14
14
12
10
9
9
15
9
11
10
11
10
9
12
9
18
9
14
11
10
10
11
14
14
10
9
13
12
11
14
15
14
11
9
14
11
20
10
19
11
12
8
13
11
14
15
9
13
9
12
10
11
19
12
15
17
11
13
9
16
9
10
9
10
10
13
10
12
11
8
13
10
9
15
13
10
12
11
12
10
9
9
13
10
10
16
10
10
11
11
10
12
8
12
12
10
10
12
9
9
11
12
14
8
9
9
13
13
12
10
9
10
9
10
13
12
12
9
12
11
10
16
13
10
9
10
10
10
9
12
10
10
9
11
10
10
10
9
20
13
10
12
14
13
11
10
9
11
10
13
9
12
10
10
13
8
12
11
12
14
8
10
11
9
12
9
10
9
22
10
22
10
15
15
37
15
10
23
10
19
27
42
70
26
30
41
45
53
27
50
31
34
27
30
33
54
41
46
37
32
51
73
39
30
152
45
51
44
35
72
75
38
37
44
40
88
63
58
51
23
43
86
37
31
46
80
74
36
74
35
42
27
31
37
46
58
39
49
56
62
147
67
35
69
29
29
85
32
70
37
84
40
71
41
36
87
12
11
10
37
13
29
22
12
30
12
31
9
14
15
17
13
9
23
31
10
14
17
15
16
21
30
28
38
18
12
24
17
19
27
19
13
21
13
11
47
21
25
14
33
14
23
25
20
24
27
10
17
23
18
10
9
28
23
9
9
40
22
9
24
10
10
32
14
21
20
21
15
24
16
15
22
18
15
19
16
34
35
18
22
34
23
26
16
23
30
11
29
9
9
10
9
11
13
31
21
19
22
44
41
39
24
9
10
41
19
28
45
11
10
20
12
54
11
21
10
29
38
23
22
75
10
20
14
11
86
62
42
82
44
10
10
11
38
29
12
13
16
57
43
27
28
34
22
23
13
23
10
26
10
27
10
20
11
12
48
60
9
17
20
23
60
18
12
38
36
34
10
19
27
18
13
29
21
31
44
16
26
21
11
18
22
15
11
11
25
30
9
10
30
9
40
11
11
17
10
20
13
13
21
16
27
10
23
18
25
21
27
11
10
29
15
15
26
21
25
15
40
24
23
29
15
35
13
38
13
19
15
33
21
9
10
23
9
11
29
22
26
37
44
10
10
10
8
25
31
25
31
10
31
13
25
13
27
22
14
11
29
30
41
39
21
12
23
13
11
23
14
22
13
38
17
21
29
28
10
30
20
34
11
45
27
18
18
43
12
29
17
10
52
18
30
24
20
10
24
10
30
21
18
22
20
10
17
13
17
9
22
17
28
31
10
14
21
36
8
11
19
9
18
24
16
38
37
18
18
10
13
19
20
30
19
19
26
11
25
20
10
10
13
28
22
28
31
21
11
24
31
18
21
34
22
28
18
22
40
25
38
8
13
19
22
28
15
31
16
22
15
58
14
27
10
43
34
42
30
26
18
21
14
21
13
23
36
31
23
18
43
40
35
19
21
28
22
18
26
11
11
16
11
25
25
32
15
21
9
12
11
16
23
19
21
25
21
19
23
10
12
13
28
9
12
13
10
9
32
13
23
10
14
24
29
18
33
18
29
13
21
22
12
18
33
11
31
48
36
19
22
34
27
9
28
14
19
27
11
15
22
11
17
24
12
21
20
13
23
21
11
27
10
49
9
11
26
9
18
19
26
16
20
12
29
26
9
36
20
11
12
13
10
23
27
24
40
20
22
17
18
9
39
25
17
22
24
12
12
26
12
53
36
13
25
21
9
10
25
39
13
20
14
16
9
15
22
14
10
11
11
15
27
40
18
19
12
14
11
9
9
11
18
9
26
10
26
11
27
13
16
28
21
13
12
29
38
11
17
48
41
10
22
30
22
56
86
30
65
20
48
66
16
23
40
14
92
35
18
24
41
13
20
11
8
27
23
23
33
28
9
17
18
9
26
23
14
56
16
36
22
9
31
18
10
45
53
55
16
11
30
22
15
52
18
15
10
34
