26
13
23
58
33
15
44
17
20
12
21
25
16
40
42
14
17
14
13
20
24
18
25
21
14
24
11
16
14
15
13
16
14
12
12
16
42
17
11
18
19
18
17
19
11
22
12
15
26
19
12
34
17
11
16
10
10
12
13
19
11
10
13
16
15
13
13
10
27
17
9
10
16
17
21
25
9
26
25
56
24
14
15
22
47
42
38
64
47
38
32
14
43
27
28
43
43
31
26
24
23
37
66
106
21
34
55
37
69
67
27
28
55
37
20
57
64
89
177
94
29
67
94
33
76
98
100
40
85
114
64
145
55
83
90
35
137
70
111
122
171
152
29
79
114
83
24
81
84
23
86
142
153
61
34
87
150
85
161
227
89
128
71
214
224
395
214
262
353
296
488
278
15
458
211
273
221
23
177
46
94
235
121
308
267
34
89
153
220
27
15
27
58
500
323
313
20
136
203
202
293
318
217
18
14
241
225
291
21
319
76
99
191
305
185
221
202
178
18
196
237
196
198
248
236
500
85
153
359
427
385
113
122
102
259
89
19
94
123
119
133
203
329
370
151
205
131
140
99
175
173
151
158
189
186
172
179
175
156
38
156
128
138
140
132
43
29
169
14
144
125
33
124
83
162
178
139
133
135
138
142
153
162
261
137
225
235
209
182
130
150
200
124
140
36
52
14
31
13
58
91
95
212
150
158
346
151
142
135
131
120
117
121
123
97
125
51
127
123
129
120
129
135
127
111
105
110
113
110
110
118
112
117
117
110
109
115
119
112
125
119
50
38
122
49
121
77
50
45
75
18
15
45
65
231
220
179
161
161
162
257
200
153
203
170
158
142
162
176
147
149
141
135
133
143
145
159
127
158
184
135
109
174
168
76
168
184
239
109
283
167
197
280
136
14
21
28
47
168
208
202
281
367
287
340
202
201
197
160
161
157
152
151
181
181
237
214
209
212
294
239
202
212
233
177
21
27
181
168
131
137
145
138
131
126
121
120
124
116
124
122
112
122
118
108
117
116
26
109
113
114
116
120
121
25
120
108
32
118
119
128
140
124
140
127
132
133
125
132
125
158
143
130
134
150
131
127
149
136
141
144
142
125
140
147
151
130
138
93
80
124
17
357
147
151
126
180
200
136
159
155
160
179
168
173
292
201
172
172
265
170
500
357
170
197
188
178
157
147
239
248
158
229
137
141
150
22
23
24
34
38
18
25
11
19
23
162
241
255
500
219
195
140
142
131
153
170
148
158
146
155
141
145
144
162
153
162
170
153
180
169
176
156
144
182
179
170
210
221
235
242
321
318
360
375
500
500
406
384
353
500
161
361
500
500
243
188
143
208
180
146
151
150
187
226
34
125
10
9
77
80
85
500
301
481
154
133
181
180
179
206
187
205
500
500
297
181
166
158
153
156
168
159
167
184
345
187
172
174
172
173
171
476
202
171
179
162
216
199
11
90
111
112
108
121
125
126
128
139
136
127
135
129
122
119
120
130
126
132
123
125
123
134
131
119
144
163
149
158
160
160
241
174
190
208
263
287
257
333
402
500
238
259
228
188
192
226
234
210
196
241
215
207
205
207
194
224
251
245
226
233
219
275
221
224
223
216
229
249
224
299
250
215
288
225
218
290
273
189
318
356
500
401
500
20
500
297
500
500
500
79
500
213
197
204
182
211
167
204
205
372
347
209
187
174
224
209
197
195
224
207
207
211
219
228
225
192
213
233
195
223
228
500
456
149
157
171
188
127
269
437
500
221
167
152
285
186
293
132
202
133
167
165
183
201
172
222
269
232
258
248
310
229
212
12
44
46
30
160
171
154
158
164
142
152
142
154
149
148
133
148
145
162
154
168
178
156
167
154
174
187
184
203
189
192
201
80
234
55
25
82
120
199
500
216
210
203
192
170
198
174
190
172
179
195
209
184
213
195
197
199
236
216
193
207
302
102
210
211
183
148
186
201
183
178
188
222
198
217
207
220
222
217
246
216
287
163
122
206
341
425
319
294
280
286
352
490
297
302
187
286
77
69
282
215
195
160
170
175
177
133
127
121
101
400
334
212
250
168
112
243
310
276
221
202
188
248
134
91
93
22
163
238
500
240
263
199
313
165
152
208
115
179
206
137
147
148
44
130
110
108
114
118
118
119
117
118
131
108
127
116
122
114
136
127
123
292
148
164
411
206
122
99
135
46
31
22
28
23
101
41
123
136
207
230
113
292
234
312
269
471
163
152
151
119
171
14
211
47
142
154
133
137
116
110
100
120
127
117
140
