36
17
29
14
18
32
28
9
20
22
17
17
22
17
44
24
10
20
16
18
9
17
42
19
14
28
19
18
13
16
45
16
12
13
16
14
10
14
11
39
13
10
10
17
13
29
18
27
25
78
29
68
58
69
65
28
11
28
87
21
67
119
46
16
28
55
30
68
69
27
35
18
24
8
64
20
64
24
26
24
28
52
28
36
60
40
30
19
73
42
91
47
49
37
47
60
81
19
64
50
35
48
89
76
24
125
29
103
84
72
49
91
158
83
141
147
34
116
94
71
174
130
152
103
89
26
120
96
35
23
62
132
131
14
144
25
71
111
145
131
57
28
123
192
121
287
17
69
64
97
238
133
287
162
102
102
112
187
190
306
132
130
61
252
36
14
224
39
293
234
350
223
120
159
75
297
187
33
186
151
118
82
232
336
236
139
164
249
255
320
25
266
68
127
271
216
353
68
33
303
73
129
278
283
203
414
254
305
116
262
242
351
42
354
28
280
305
282
185
139
322
152
343
244
252
46
116
265
355
366
127
229
15
278
15
106
253
56
344
354
75
207
266
341
240
83
117
213
181
61
301
99
202
207
242
146
275
23
276
222
249
228
152
499
273
377
254
308
234
377
264
246
115
312
241
255
360
67
123
272
281
308
283
269
258
243
291
396
326
295
272
256
372
427
354
354
177
269
348
181
183
208
299
182
212
211
13
226
216
307
198
136
206
156
174
235
193
164
214
207
224
231
219
176
213
176
133
186
174
267
157
188
188
205
313
201
115
192
223
188
19
140
326
183
205
191
260
189
192
218
328
260
200
258
269
282
299
203
247
271
240
233
214
211
295
228
160
165
255
286
291
225
490
499
233
127
63
257
382
233
204
227
267
412
152
87
327
397
205
252
204
410
299
362
243
189
334
297
394
242
285
231
227
199
472
181
175
221
217
190
278
309
214
297
319
81
268
290
271
227
340
215
49
235
219
447
241
77
165
99
246
272
197
251
228
184
163
226
204
197
222
198
215
201
195
171
255
234
192
267
252
187
213
169
270
152
235
247
178
156
149
53
232
95
183
199
154
208
205
107
207
77
218
206
184
201
202
181
184
86
167
211
206
225
198
115
125
192
204
191
96
175
179
186
159
184
143
64
157
170
153
162
206
196
42
167
187
186
203
235
174
186
191
79
185
171
145
190
166
90
178
141
160
197
51
212
188
163
203
208
171
61
191
165
163
201
183
225
214
209
189
217
244
79
81
203
150
161
203
163
134
162
167
190
211
183
180
185
217
173
230
173
197
185
203
150
185
165
166
170
196
191
165
173
163
19
55
201
181
178
22
168
159
135
173
205
198
178
186
205
138
173
52
184
217
196
232
148
180
175
188
201
72
161
135
189
143
141
113
187
235
97
287
209
207
171
240
208
186
171
227
249
187
195
160
207
187
192
207
183
167
195
214
219
169
194
165
187
200
175
175
198
148
177
215
228
209
120
131
152
111
164
191
197
178
180
179
143
193
162
182
246
182
180
175
196
197
302
14
95
169
168
211
14
349
347
334
183
247
231
220
135
299
244
196
233
162
301
260
225
226
192
227
172
329
98
367
242
264
210
107
146
263
271
223
159
293
351
266
76
324
153
58
171
358
27
318
248
201
300
202
58
220
223
155
122
292
358
353
279
174
224
240
125
169
341
77
244
460
499
355
259
234
308
265
247
201
217
209
262
315
333
276
170
258
323
301
240
227
132
143
162
208
156
168
271
245
269
226
120
204
221
330
229
170
44
127
208
260
241
206
240
232
169
162
42
149
155
288
252
118
95
198
235
151
130
141
227
127
200
158
189
140
283
176
140
117
246
149
253
59
247
203
178
232
224
119
241
194
222
132
112
275
229
235
144
101
315
291
309
314
262
273
240
165
140
147
292
63
381
103
95
126
194
130
277
151
50
167
118
190
166
26
38
143
147
117
64
76
126
123
152
44
36
183
73
331
259
236
245
251
247
184
231
208
267
110
82
36
156
166
246
368
222
470
155
335
164
121
107
108
113
198
122
128
123
308
290
207
138
247
222
216
176
139
250
143
183
165
160
162
199
189
311
157
183
139
185
122
218
293
265
127
201
132
148
171
148
80
205
152
111
142
57
85
120
93
45
41
80
269
197
212
70
45
65
30
231
143
209
424
352
216
101
79
499
368
202
254
344
275
200
429
205
189
276
217
111
233
295
123
253
101
184
301
183
246
214
154
218
235
483
265
238
310
194
173
324
343
348
253
227
228
133
49
74
232
265
200
173
