29
22
20
26
23
56
11
18
31
16
17
19
22
16
12
11
28
36
16
20
12
17
25
23
22
8
23
17
16
15
25
13
14
18
10
10
14
16
20
24
10
14
24
26
55
35
42
20
13
25
17
13
15
14
28
17
13
13
10
21
15
11
13
19
35
18
20
39
42
27
25
23
22
36
53
28
71
80
23
67
17
15
14
86
42
19
56
15
17
46
49
65
22
39
66
26
42
40
97
30
12
113
37
37
47
12
96
42
37
122
34
15
25
70
143
16
41
62
38
40
93
19
136
15
25
77
161
135
19
123
52
82
262
364
72
50
147
200
176
91
32
80
187
75
69
73
81
183
136
82
39
109
185
202
86
83
256
103
330
109
242
459
250
225
282
243
92
314
88
197
372
45
480
135
329
245
268
378
199
106
314
280
163
234
204
136
320
26
12
315
408
249
408
155
343
187
65
235
328
389
312
166
464
366
339
91
44
209
416
283
257
243
304
20
427
461
282
27
449
76
500
160
78
69
500
500
139
500
326
195
242
15
437
31
403
127
348
168
308
171
498
161
442
500
316
397
344
500
454
209
500
500
71
500
500
500
500
138
353
500
500
355
44
344
55
342
387
33
500
32
500
500
219
19
150
132
166
34
500
91
500
156
381
500
430
410
500
500
500
500
187
500
18
233
500
500
442
500
425
500
143
500
138
403
500
500
43
465
73
500
500
42
500
132
323
132
500
273
282
148
465
378
314
500
280
177
500
59
358
500
390
500
243
383
493
35
191
497
342
78
194
110
103
500
500
442
334
332
500
199
264
500
16
165
190
260
193
305
33
212
189
221
226
165
160
146
35
201
136
143
82
21
162
35
59
209
474
179
105
23
20
102
97
170
306
46
188
152
160
112
306
152
27
195
100
122
153
167
149
188
243
171
150
158
238
186
179
199
246
140
157
155
149
145
20
182
117
212
146
154
137
278
162
242
143
146
161
123
155
176
179
158
388
178
170
169
192
177
168
16
265
164
164
218
138
26
168
236
161
143
229
146
81
163
182
162
131
149
136
199
18
164
270
188
186
244
149
155
170
310
153
199
196
156
259
132
13
162
74
197
184
149
184
209
175
153
190
162
151
141
169
130
127
136
126
118
131
140
129
135
153
129
58
154
132
221
148
150
123
138
128
166
185
137
125
156
127
160
54
61
119
164
20
125
148
159
157
136
200
163
136
180
163
155
209
159
230
135
138
137
174
189
114
183
148
218
198
143
187
126
11
175
186
168
140
193
187
203
138
126
17
174
131
260
126
166
151
54
15
155
49
128
123
122
138
187
162
145
153
46
135
216
144
184
172
142
153
147
170
280
171
135
137
117
173
179
153
161
148
137
155
119
137
136
153
146
213
40
230
128
156
138
128
165
142
185
133
144
191
141
34
141
143
141
131
134
156
178
156
193
23
153
138
166
139
116
128
122
121
187
202
137
182
113
167
261
126
178
233
159
201
224
104
183
175
229
154
136
158
213
257
170
168
39
245
191
272
171
124
157
32
124
158
148
152
114
172
147
143
156
143
147
144
170
214
124
150
155
150
145
214
151
141
58
272
331
145
177
226
179
209
168
219
185
246
230
237
260
252
188
218
262
182
117
162
157
189
231
264
152
65
181
166
42
182
237
184
241
33
262
179
39
240
159
116
164
64
152
192
128
154
226
161
154
118
162
171
208
349
224
500
312
470
177
203
500
61
218
500
231
487
199
134
78
324
283
307
74
249
215
389
122
277
254
191
211
180
174
264
441
211
318
119
267
111
147
199
231
168
314
159
157
64
15
157
79
312
195
125
151
179
131
131
252
31
199
160
188
190
83
39
163
143
151
194
149
129
126
193
250
131
144
114
178
142
232
301
166
145
143
180
192
247
124
168
171
103
118
232
131
158
306
212
153
112
231
424
294
313
21
310
131
160
115
210
176
160
147
193
82
132
28
36
126
241
165
165
164
91
65
110
215
90
212
139
148
192
189
66
100
186
10
287
218
179
126
333
164
199
158
230
132
408
178
159
210
179
225
194
385
171
161
154
348
214
250
139
197
194
161
227
218
183
243
204
143
245
133
147
346
251
133
252
258
169
182
163
185
247
220
187
207
191
126
83
255
122
360
151
120
253
111
100
47
164
334
189
233
199
162
112
258
133
119
133
227
189
118
328
134
113
273
146
166
193
163
75
154
195
148
148
158
28
63
125
148
126
114
129
127
155
252
160
204
376
219
214
26
151
145
172
335
159
290
131
185
165
292
163
149
