35
20
23
33
23
16
18
27
47
11
14
29
12
11
23
16
21
22
15
13
18
19
16
21
30
12
11
27
13
13
23
35
11
14
16
10
13
15
38
24
27
12
24
16
10
42
13
28
34
17
15
14
32
12
32
148
64
20
43
30
14
58
22
17
26
81
53
73
28
46
73
40
137
24
27
14
63
51
217
31
82
27
29
47
53
18
40
14
127
69
41
45
172
87
34
101
142
61
76
68
25
120
65
69
184
135
135
25
73
23
184
140
175
121
191
58
135
53
69
124
154
123
132
13
73
119
28
153
36
210
15
85
71
122
126
199
65
149
115
121
255
92
344
21
119
229
193
290
75
22
107
197
37
188
44
17
187
149
110
183
86
191
100
207
159
202
237
59
78
139
220
141
202
66
104
185
215
281
166
174
157
185
102
185
189
196
298
217
241
102
15
230
87
174
185
237
215
207
186
284
255
146
222
258
223
290
194
214
28
34
103
165
230
189
16
124
14
189
208
203
223
33
184
15
181
163
222
188
192
221
186
58
195
109
153
175
215
259
62
189
219
214
184
252
160
25
96
165
12
12
69
66
28
71
209
282
70
161
36
102
24
207
204
23
55
17
141
201
76
254
145
234
193
114
112
71
159
220
199
263
113
26
192
200
219
144
208
180
58
112
293
80
135
301
32
125
230
110
254
50
173
275
28
180
147
91
110
120
149
202
121
41
164
35
135
86
79
28
52
15
75
198
246
211
227
141
77
216
171
124
84
25
226
206
64
239
190
69
68
73
52
253
465
67
58
213
155
29
25
258
328
200
128
281
322
166
200
50
78
500
103
20
83
127
57
21
202
81
36
82
477
126
134
53
232
108
85
109
12
64
144
47
30
216
150
96
110
152
41
398
193
124
28
209
50
416
106
53
16
255
162
131
44
300
269
17
158
80
241
500
293
298
352
145
195
86
148
213
50
181
84
246
108
263
386
159
110
195
295
54
275
500
158
166
28
73
85
57
316
128
16
265
144
72
65
95
108
140
104
97
137
156
125
246
229
58
107
192
111
185
233
24
97
126
115
116
33
127
102
66
101
146
78
69
134
226
71
85
92
47
64
75
163
224
25
11
126
75
117
148
36
17
130
272
13
131
63
196
116
284
140
56
133
102
93
141
49
81
161
318
98
171
81
145
86
67
155
191
22
267
239
95
42
19
161
324
46
250
49
41
262
500
107
95
156
119
159
114
124
109
160
171
96
64
151
156
67
145
61
159
176
156
98
55
411
97
99
34
94
125
80
356
33
63
117
310
143
483
104
48
101
105
85
333
186
125
114
141
156
135
201
449
115
149
129
111
179
138
119
93
93
313
96
352
109
43
144
177
10
215
113
17
139
242
291
137
53
106
108
158
141
213
218
108
284
40
21
37
103
93
94
142
132
187
443
107
290
271
26
164
212
178
171
74
189
133
99
299
334
26
112
254
245
124
110
292
277
201
394
294
98
103
261
181
163
400
171
79
129
106
42
120
96
63
154
185
49
172
141
132
17
146
132
85
143
117
107
18
98
144
132
103
60
102
81
100
103
138
104
142
252
188
149
87
233
188
61
134
104
79
71
65
126
175
38
151
220
336
140
324
94
127
102
50
61
99
170
209
13
132
64
90
175
302
187
161
97
94
95
119
58
61
140
192
160
136
106
193
110
57
439
117
159
123
50
125
156
157
48
36
135
129
27
20
127
86
270
116
27
250
155
304
141
100
135
116
151
145
163
109
127
145
301
49
195
133
121
144
165
20
292
105
148
106
71
81
122
167
106
167
112
137
130
131
133
154
39
122
53
131
90
172
102
100
106
147
168
109
129
167
53
127
113
118
98
139
99
112
211
125
69
292
105
109
215
118
166
182
179
109
120
223
144
140
47
148
46
102
127
259
130
40
27
46
108
146
66
130
153
131
240
191
137
104
391
138
135
104
224
196
152
108
57
142
123
54
144
43
112
24
124
136
80
145
180
137
91
119
48
166
121
125
121
45
96
99
122
153
38
183
214
66
110
68
130
123
106
100
145
192
150
156
106
104
129
154
105
130
114
385
57
56
140
119
33
168
287
122
114
104
11
126
106
111
317
68
67
155
42
247
167
72
167
51
106
99
70
34
99
112
100
115
153
158
147
159
142
128
124
43
100
46
122
151
129
115
107
364
119
162
120
110
120
38
108
106
99
122
151
108
135
28
106
126
90
117
109
107
116
92
116
111
161
170
72
109
136
102
136
129
102
118
111
139
109
171
117
130
98
220
