32
19
32
19
18
17
17
14
12
20
21
14
14
21
38
18
13
82
15
12
14
23
25
10
11
34
26
19
32
18
14
21
24
18
30
11
17
26
32
44
19
9
33
23
18
28
16
10
20
25
19
21
17
24
14
10
60
20
19
64
62
31
37
43
60
29
45
53
29
21
24
57
15
61
16
39
41
31
10
60
24
30
25
140
105
41
10
104
11
22
37
44
33
108
157
189
14
45
148
74
62
45
23
53
51
77
170
60
127
134
101
125
64
71
40
27
176
40
34
113
54
23
22
21
168
243
19
17
227
47
66
167
69
32
21
86
68
33
27
164
172
122
61
23
136
97
135
87
245
70
122
39
402
326
106
140
19
31
106
42
104
17
136
57
143
44
26
18
97
104
47
130
12
90
68
114
15
92
66
15
53
44
98
171
189
59
40
133
170
99
109
20
31
30
238
136
16
148
70
113
155
113
201
42
71
38
61
67
65
23
30
55
37
27
18
20
133
92
57
70
42
50
211
55
141
61
94
94
161
116
22
126
135
20
97
119
66
44
96
51
142
51
16
111
143
71
124
142
157
17
157
121
118
123
18
24
57
286
118
50
93
34
88
75
149
116
274
18
151
103
143
131
40
94
249
173
101
8
107
115
13
33
26
132
110
108
16
56
139
120
143
92
19
73
69
179
72
168
108
118
87
148
113
99
99
42
17
21
124
21
113
58
144
57
127
175
55
195
113
190
113
117
165
51
128
131
36
62
63
88
120
60
129
131
122
124
113
137
117
51
14
198
134
142
141
106
99
64
130
93
23
77
13
22
106
10
50
135
145
113
499
322
97
146
22
100
139
70
183
121
51
52
137
170
91
18
104
142
189
182
116
62
175
59
119
52
424
167
58
19
310
210
70
21
83
44
30
50
67
47
85
10
19
25
20
56
97
360
63
121
135
132
73
210
101
44
15
11
83
135
140
107
169
180
107
178
220
139
198
336
176
68
105
293
131
336
147
334
261
83
74
9
8
9
10
47
66
139
101
176
25
218
89
299
9
235
131
54
291
393
161
178
135
110
199
114
88
151
180
174
245
183
71
70
289
499
445
107
262
183
193
101
37
85
145
70
113
70
343
165
172
178
160
109
164
231
128
155
141
106
144
107
133
160
82
136
61
125
29
26
84
32
34
192
10
109
181
71
154
169
161
28
151
283
199
92
86
216
499
167
102
54
192
59
18
95
342
320
256
230
19
134
232
313
235
92
13
228
264
16
12
86
66
71
215
27
15
156
160
367
186
102
104
93
107
100
206
105
499
126
282
48
76
24
499
499
135
119
348
92
211
499
10
13
159
306
42
18
9
102
149
499
169
499
165
146
141
499
499
139
194
444
499
90
131
140
108
151
145
499
499
195
283
253
274
342
88
102
164
150
163
138
136
121
145
133
151
55
220
168
123
153
112
79
259
141
123
124
127
328
117
125
162
146
113
101
171
135
165
156
62
254
108
179
119
170
188
266
169
113
147
121
186
215
81
185
113
120
99
175
165
41
263
350
177
165
192
407
268
273
352
117
137
160
209
191
128
292
141
155
151
281
178
258
247
83
74
174
200
275
196
168
144
240
26
89
282
102
347
236
187
181
185
234
139
309
69
212
212
238
134
24
135
127
140
164
168
196
216
499
394
116
42
66
141
151
139
194
139
112
166
154
154
240
154
186
205
203
285
272
499
499
60
347
151
166
142
136
303
198
374
205
375
83
164
140
260
143
145
129
141
499
379
130
197
184
287
83
61
37
67
211
178
204
130
142
124
123
180
271
204
205
179
121
65
301
252
212
253
156
244
308
499
180
95
208
149
129
96
137
123
121
135
108
113
129
90
122
15
101
98
118
124
48
154
223
146
237
295
262
368
297
307
462
499
129
127
113
183
137
181
128
118
186
176
145
138
259
163
198
18
204
184
222
124
220
177
164
305
180
180
119
204
188
153
217
220
113
189
128
189
216
172
108
64
99
134
129
95
132
98
122
110
129
134
118
134
133
166
246
242
115
120
105
103
101
43
17
28
38
129
118
81
106
106
75
177
101
104
106
105
110
126
122
206
116
109
105
163
120
154
344
262
237
160
260
150
335
153
148
115
177
174
21
108
93
157
329
170
216
108
126
189
179
114
57
153
88
125
104
191
138
103
77
119
157
131
279
499
378
499
177
200
405
190
253
136
140
499
158
200
152
180
169
100
99
154
106
142
114
110
100
104
99
105
114
116
115
151
130
109
125
109
107
67
149
108
174
108
109
