33
18
15
79
15
64
32
15
83
22
21
19
17
16
15
11
29
15
20
10
19
11
15
21
31
51
17
19
22
36
17
25
31
39
39
19
10
19
10
19
10
21
12
9
11
11
12
16
20
10
30
12
27
9
11
17
15
12
14
16
13
14
15
9
13
14
14
11
24
24
19
11
42
9
11
16
11
17
21
43
29
24
43
40
30
27
14
12
68
10
22
19
45
21
16
46
33
18
32
44
30
58
25
21
25
55
32
30
27
34
17
29
39
23
38
32
17
16
25
26
47
24
17
38
104
61
61
58
57
80
68
51
79
22
24
14
32
53
79
23
92
42
99
50
22
97
48
93
134
161
87
18
57
104
33
98
167
46
82
28
154
86
108
185
140
160
195
103
284
160
128
136
68
200
56
75
154
147
198
127
174
140
302
225
194
53
310
332
248
455
191
313
500
283
250
103
284
329
254
250
279
281
125
265
337
315
313
279
328
50
297
202
279
450
323
242
339
286
281
301
250
305
276
319
298
288
276
298
271
276
234
264
260
367
268
37
253
319
269
335
263
53
196
270
255
230
88
262
273
228
267
157
209
368
288
278
284
225
139
296
274
217
88
22
91
201
128
233
229
349
315
96
326
261
462
323
45
311
232
124
280
407
189
69
301
282
76
500
282
276
241
239
271
261
239
230
244
292
228
340
337
253
304
340
266
396
200
281
257
281
297
267
348
338
363
293
286
280
313
390
288
202
408
252
246
130
236
13
276
88
168
473
339
325
359
346
494
390
139
381
312
229
500
284
203
20
424
189
362
221
303
208
204
192
110
273
254
445
222
283
355
223
500
329
220
234
246
500
206
217
209
322
187
299
216
203
305
118
214
173
141
179
284
204
138
355
133
148
163
226
163
179
246
142
143
211
107
105
173
161
165
174
171
131
78
155
161
127
231
190
168
185
150
180
241
70
117
19
102
153
140
148
141
120
163
190
250
158
226
150
136
162
184
156
214
146
141
191
173
243
314
156
204
106
132
103
160
202
121
160
231
200
273
133
210
72
71
365
249
241
500
500
88
291
174
392
329
456
281
225
500
500
186
500
500
500
141
151
406
193
249
196
247
500
361
179
159
183
275
149
124
144
168
154
195
183
179
180
182
136
248
235
74
197
265
241
189
130
179
207
141
151
159
156
182
203
199
189
163
132
142
271
195
234
154
72
12
119
262
184
91
372
200
208
191
314
336
218
210
157
272
242
215
254
178
267
350
231
97
261
221
209
227
175
210
193
134
242
159
238
130
59
195
117
147
137
275
317
184
200
500
206
164
306
233
195
253
159
209
253
241
500
208
188
270
500
258
179
209
197
295
231
289
276
190
225
207
500
250
199
402
200
227
246
250
178
213
240
176
165
138
64
129
268
190
16
235
113
161
41
63
191
46
171
59
90
99
96
117
12
111
71
97
92
138
144
127
146
155
142
163
162
133
170
192
175
157
185
28
277
195
243
201
174
172
159
187
184
208
204
249
254
233
214
220
211
204
252
196
177
212
257
180
219
185
173
202
48
166
274
419
160
225
193
155
310
319
468
194
274
173
229
248
159
284
113
308
287
110
185
282
142
292
249
297
292
500
59
185
115
161
52
59
18
102
194
177
194
178
224
180
170
191
208
167
175
297
151
234
306
250
196
156
210
172
185
162
209
152
165
308
160
165
276
211
198
219
194
169
178
137
184
147
190
171
150
177
144
29
171
135
51
146
135
166
129
156
158
55
69
148
205
20
193
13
25
26
257
21
448
166
217
229
182
240
289
182
212
364
236
311
294
199
199
314
187
303
500
364
368
173
239
205
332
253
445
360
440
309
224
371
233
337
500
254
146
333
313
350
165
266
173
231
248
500
397
25
26
43
354
157
224
489
309
253
34
232
393
500
415
307
289
313
313
361
288
171
291
356
304
422
346
331
488
241
373
311
397
423
475
254
363
366
397
186
229
42
42
268
356
152
72
188
137
275
210
221
312
205
276
57
361
304
296
253
500
275
301
481
500
327
225
197
346
379
289
236
204
241
154
200
327
209
331
191
143
185
174
186
187
226
316
410
231
500
157
158
149
150
149
172
500
380
344
279
325
381
269
220
500
366
500
376
282
239
178
323
275
392
214
212
59
319
105
318
279
163
470
495
278
500
500
345
235
404
191
211
242
218
313
300
500
189
156
415
204
218
500
150
182
229
265
275
166
447
381
63
300
96
200
289
424
500
399
500
500
215
500
85
251
455
500
500
354
500
170
197
303
94
500
