29
26
29
18
23
21
17
12
13
27
12
27
24
19
15
27
9
20
32
19
18
11
18
24
10
18
20
16
15
11
10
12
12
20
31
11
18
18
10
13
20
34
13
16
16
21
33
24
17
24
22
19
16
19
13
25
12
23
13
14
19
35
27
43
55
18
28
16
104
38
51
72
40
14
14
21
33
56
63
66
15
52
14
38
77
31
12
14
69
26
38
96
49
50
82
76
13
38
46
21
11
38
91
52
114
69
134
77
61
99
29
102
97
61
17
41
71
21
141
27
138
89
122
37
72
95
204
96
115
181
87
92
73
20
27
138
12
213
25
113
171
100
19
78
89
87
90
203
162
94
82
199
166
240
144
67
139
134
176
14
242
198
223
70
68
80
247
154
20
256
336
85
229
53
200
105
127
330
193
202
160
235
368
422
214
203
202
241
313
97
341
461
249
306
154
375
345
300
279
302
271
207
218
180
302
235
182
225
259
58
292
70
372
226
180
256
246
279
141
27
352
295
332
322
109
240
398
276
248
20
256
252
235
250
386
268
268
264
396
218
213
229
290
96
266
500
274
264
21
326
280
239
289
408
260
327
281
356
269
500
225
221
220
128
86
203
162
336
281
314
42
412
128
229
146
329
263
174
168
184
314
171
21
380
466
56
299
263
332
326
305
242
268
335
227
213
268
312
241
240
219
231
483
271
201
237
74
218
206
205
335
264
249
121
149
219
310
267
91
177
269
219
89
36
256
255
151
196
272
237
221
226
265
202
218
218
223
242
201
201
217
229
235
200
231
237
273
166
86
200
229
221
255
227
222
231
202
167
218
190
214
299
242
288
283
216
184
183
218
260
213
247
202
63
204
217
215
212
206
220
80
208
233
201
310
272
225
356
250
32
223
160
186
182
216
226
182
50
150
204
178
228
155
205
233
255
195
338
193
258
188
201
214
201
182
218
198
182
125
215
210
220
219
262
234
189
207
197
167
70
177
190
142
195
213
175
214
79
224
182
232
223
226
228
187
202
177
220
206
209
217
232
207
176
228
184
234
180
193
225
205
290
244
229
195
196
206
281
215
237
222
223
196
199
171
221
207
229
184
309
183
297
241
161
214
238
78
383
158
308
203
313
253
304
375
247
84
264
55
223
201
216
243
246
229
194
208
218
201
203
134
208
227
206
225
296
201
205
318
216
209
201
266
199
253
198
232
213
231
305
247
233
463
185
190
476
332
329
263
191
221
266
231
259
257
307
351
107
269
289
205
298
396
329
221
249
201
368
349
247
243
233
267
455
228
294
261
295
190
216
191
299
424
378
327
258
262
232
233
188
215
130
318
191
148
193
128
144
201
296
181
232
234
47
175
229
200
234
272
268
280
227
256
78
279
222
200
286
290
249
296
416
74
223
310
264
277
244
331
356
290
269
202
237
230
242
322
390
351
331
214
201
214
253
254
378
221
332
218
180
209
268
205
69
98
144
90
148
345
203
255
303
193
232
280
191
256
171
257
213
342
235
170
203
207
217
500
228
200
261
139
162
231
275
100
349
280
214
213
220
274
205
255
253
319
414
293
272
230
416
398
346
215
228
235
247
314
339
500
225
268
238
242
239
287
357
205
211
370
126
190
193
265
277
224
191
189
201
220
331
408
238
306
296
181
263
200
195
262
122
220
77
38
113
59
269
224
50
93
226
94
159
332
90
220
453
283
335
311
297
313
257
222
185
282
326
244
333
500
276
250
265
292
367
500
291
322
308
380
500
421
305
463
265
248
252
251
218
302
500
230
358
152
108
405
428
319
280
500
288
224
350
337
306
304
45
177
80
300
229
326
247
331
323
426
500
256
225
299
354
325
172
253
323
236
346
194
170
222
193
413
188
404
281
412
224
325
181
121
235
177
219
234
268
198
175
186
184
239
210
210
224
287
239
198
25
275
228
416
178
308
236
162
132
109
37
233
230
500
260
126
286
242
276
212
194
77
405
230
227
269
203
240
162
182
333
202
213
206
292
195
255
223
193
171
365
255
369
234
264
205
500
204
223
391
275
301
315
500
205
214
267
257
280
450
247
209
203
183
160
219
189
210
260
200
254
220
255
220
260
205
224
247
330
244
258
254
260
319
242
227
225
206
260
188
270
169
167
236
373
379
284
270
264
256
443
254
175
286
416
318
244
206
209
151
378
377
23
159
149
181
195
243
282
275
173
195
200
184
172
154
185
192
96
276
165
210
198
299
190
214
223
174
173
161
162
207
157
168
282
204
144
198
190
189
207
175
134
146
204
