31
49
22
21
19
12
20
13
19
17
30
15
29
39
21
12
12
38
12
12
19
17
18
13
20
26
13
13
20
21
38
15
19
19
18
21
36
14
49
43
39
13
40
13
17
13
10
48
56
27
33
28
19
56
54
58
49
20
12
39
58
59
18
44
26
46
40
27
19
71
44
10
17
13
25
15
24
77
36
75
90
23
84
22
94
37
66
96
48
62
42
46
52
53
70
16
106
93
70
60
52
68
91
61
182
23
76
25
73
28
147
10
154
14
168
179
67
276
85
144
67
116
12
121
83
91
74
17
135
33
41
154
19
247
193
199
63
127
137
102
58
185
187
372
283
64
34
92
218
129
49
265
77
68
15
81
95
43
142
72
128
109
21
301
248
70
57
37
148
114
64
268
243
235
279
28
161
162
111
260
33
326
153
135
260
76
49
499
15
16
499
232
108
179
192
166
154
276
445
99
101
65
18
499
213
80
145
99
82
154
48
68
184
153
48
192
135
155
143
124
109
20
146
84
70
97
141
128
33
147
57
48
101
124
122
70
147
29
100
79
109
76
10
24
24
130
155
48
17
93
102
29
167
154
30
37
144
151
499
20
150
88
131
317
80
395
499
27
499
499
210
11
75
308
25
23
11
284
219
186
169
31
178
135
309
61
64
16
115
38
34
159
97
59
220
179
170
147
147
26
21
64
113
20
115
22
36
75
84
162
20
68
136
133
141
154
162
32
140
124
12
110
111
153
75
121
115
112
71
67
114
121
153
359
99
84
48
155
159
73
107
177
35
33
181
132
106
107
131
122
110
143
12
163
74
11
35
146
23
102
101
127
133
100
110
104
122
496
118
162
54
123
157
144
104
139
105
83
21
288
159
135
39
108
236
269
329
97
282
108
179
473
50
372
371
65
126
157
178
221
129
122
19
55
77
53
187
93
134
115
123
202
155
129
15
20
17
115
41
123
134
122
140
23
74
12
175
183
415
134
149
88
11
161
175
47
54
161
317
278
108
249
317
108
31
161
20
112
76
200
10
16
53
166
215
194
168
376
71
178
98
83
25
61
20
107
108
54
129
24
118
179
43
102
178
19
21
134
143
103
118
27
106
133
24
37
200
163
25
58
204
178
186
11
206
131
24
25
161
135
365
112
260
22
69
192
114
132
65
116
80
13
102
192
119
73
187
118
148
127
122
104
113
113
47
97
398
41
11
322
91
373
76
312
313
65
130
191
141
124
113
187
99
105
40
198
197
292
499
79
490
116
158
47
160
75
247
335
328
149
109
204
91
153
137
160
196
120
136
211
386
129
91
107
195
199
124
260
214
42
88
89
111
110
149
77
124
73
157
200
142
138
46
163
282
36
48
305
13
159
118
109
132
79
59
158
138
213
85
106
108
41
49
16
107
117
132
111
80
233
72
95
105
94
212
134
117
135
440
160
116
112
142
163
120
134
257
145
173
98
140
139
127
139
96
154
116
123
126
123
103
28
148
205
142
281
162
69
87
35
193
349
176
33
129
218
116
194
192
143
267
72
67
132
117
128
117
117
137
117
124
134
121
116
30
119
133
75
124
69
211
27
52
48
46
82
10
74
39
45
111
103
109
73
155
108
47
96
117
193
209
44
37
111
185
65
414
226
176
180
214
159
108
140
145
133
168
112
114
215
135
128
275
244
55
200
420
130
314
116
91
203
75
109
105
113
64
499
136
192
200
352
165
113
174
145
134
126
476
113
122
110
172
116
129
149
137
120
155
126
256
119
139
138
177
112
158
125
154
105
144
124
207
168
90
122
138
152
142
135
197
462
489
225
127
111
124
20
9
30
181
196
134
145
36
150
155
264
174
332
183
148
281
98
263
132
137
266
225
185
250
147
162
138
101
186
175
120
145
116
115
115
301
110
172
81
151
95
117
111
174
94
116
97
121
170
103
184
35
93
72
91
100
101
107
102
109
93
137
110
124
135
147
115
93
99
63
35
101
145
202
136
105
499
204
22
89
162
149
183
144
352
220
194
252
499
146
13
95
210
142
143
128
435
118
118
48
260
220
174
166
109
120
207
100
121
202
61
12
40
379
267
402
126
207
339
251
449
248
100
132
298
293
25
178
240
112
316
103
169
230
343
156
122
141
147
349
139
104
115
115
148
128
175
160
141
154
168
167
200
292
125
212
274
107
118
115
235
197
201
204
419
126
112
116
108
245
137
133
146
120
155
205
176
180
153
111
142
162
171
234
112
189
153
132
168
159
152
382
140
127
256
189
305
167
471
189
100
102
378
