26
10
27
36
15
55
12
14
47
13
17
24
14
13
43
39
14
14
17
11
19
35
16
17
11
43
14
12
27
22
19
13
19
16
40
9
28
14
21
14
9
12
23
28
23
13
15
10
18
18
16
17
15
15
19
19
17
14
11
10
19
18
12
10
13
13
23
22
19
19
13
16
26
34
21
55
42
60
43
31
64
58
68
69
49
60
23
66
29
23
38
69
120
31
76
54
12
56
17
16
33
33
31
38
63
31
19
62
42
34
40
77
43
70
26
35
42
34
82
37
16
86
23
58
76
45
17
48
76
126
114
76
91
64
106
103
99
51
72
102
200
124
173
48
114
51
153
105
147
94
162
98
78
43
25
123
142
152
26
108
168
163
160
337
163
162
77
120
129
130
213
60
174
51
100
289
269
186
114
272
416
165
15
182
325
63
228
65
184
301
56
188
206
325
157
270
206
252
219
145
165
247
375
236
124
258
132
201
386
241
244
252
230
130
212
224
268
241
294
328
237
384
84
31
242
316
214
76
253
213
260
182
299
223
134
235
200
236
238
174
97
290
111
187
194
322
124
318
230
197
200
500
325
227
245
283
116
212
185
188
334
276
135
307
232
232
239
242
261
211
220
222
408
203
208
416
170
292
253
210
254
357
247
219
255
170
226
314
347
193
342
224
337
304
206
250
210
175
190
181
224
357
182
163
346
188
354
286
246
244
342
170
158
148
167
362
200
207
180
284
245
265
63
154
193
238
448
191
169
161
196
202
221
230
283
211
156
281
221
251
230
253
387
220
241
205
287
301
228
191
278
231
335
202
275
190
110
392
238
388
388
271
292
309
275
44
114
286
218
226
176
215
200
156
257
168
185
209
205
154
247
187
216
175
237
202
168
240
170
268
200
192
200
193
161
172
183
204
162
177
139
195
144
200
153
171
192
226
174
159
181
158
189
210
166
166
176
88
166
286
162
306
203
337
137
261
206
213
251
252
125
269
169
309
285
290
87
39
109
194
36
25
234
238
175
225
210
245
195
203
157
183
187
243
213
209
224
218
211
204
181
245
215
236
267
185
179
206
211
348
252
207
228
219
213
86
156
197
153
182
201
117
227
304
229
237
277
168
200
189
181
282
221
218
189
194
203
103
161
179
214
201
205
238
198
184
262
415
176
208
139
198
213
220
462
196
275
236
218
247
257
194
240
214
234
223
194
226
262
189
248
234
153
271
186
169
193
213
172
184
236
210
273
220
380
261
440
211
207
174
237
204
271
197
156
160
252
23
154
177
253
171
165
176
168
269
176
252
179
168
194
500
172
155
149
130
177
172
153
193
195
302
128
223
231
10
35
141
174
209
208
31
309
144
159
206
170
344
134
139
220
156
220
168
221
323
144
210
145
500
457
500
271
134
297
272
173
190
34
190
260
189
397
156
217
213
295
342
239
140
463
158
128
284
34
216
369
327
153
156
298
182
135
171
179
301
80
73
217
83
226
170
206
103
183
150
352
227
156
385
171
374
143
213
149
230
311
175
181
221
211
196
295
19
120
170
149
175
158
209
282
346
216
135
209
185
145
115
201
187
209
263
84
160
178
157
171
151
226
299
157
165
111
43
106
145
220
284
133
134
276
174
111
59
138
194
96
201
131
183
203
297
234
243
214
500
208
352
294
269
233
238
319
334
217
179
143
310
123
12
90
13
208
216
251
301
215
183
179
192
280
261
254
234
222
487
160
207
175
315
173
266
252
214
221
215
195
288
216
158
11
32
106
98
66
129
90
157
170
167
207
163
263
236
236
252
167
223
189
167
166
183
171
170
210
244
206
212
78
192
175
119
286
229
208
214
205
195
256
181
53
200
255
190
319
251
199
181
184
208
215
159
306
338
497
236
243
272
224
72
10
104
205
155
113
64
101
204
338
155
191
273
93
173
159
212
227
345
289
347
242
155
265
134
390
213
363
181
168
167
163
223
140
173
361
285
183
184
274
174
191
211
107
244
360
167
318
165
201
210
202
236
133
203
203
199
252
165
192
225
218
499
58
142
162
233
289
124
198
355
152
234
182
176
431
27
185
240
182
185
220
213
212
221
202
228
328
78
153
180
214
167
59
84
187
196
195
182
241
151
117
248
185
263
318
173
27
99
234
66
308
259
80
94
248
30
457
179
232
415
316
224
244
212
284
217
285
199
219
144
150
218
143
313
242
38
112
25
112
200
39
149
189
234
215
243
195
315
170
248
218
206
210
211
198
159
209
255
154
149
339
93
273
56
126
190
196
317
296
221
