27
14
21
23
15
28
19
18
10
11
29
13
23
15
16
34
22
15
24
37
21
17
11
17
20
21
18
20
35
30
22
15
36
13
15
10
12
17
17
33
11
25
34
18
18
22
15
26
20
43
16
23
23
20
50
49
33
23
17
66
71
11
36
58
16
27
60
16
13
72
41
31
43
17
16
20
45
22
22
47
21
44
17
25
31
24
32
11
76
16
22
35
47
29
41
11
26
28
49
35
27
29
39
36
50
25
35
34
64
20
33
27
44
56
96
84
18
49
26
49
38
37
47
32
61
73
51
69
63
110
59
141
32
27
59
55
50
232
63
214
141
42
337
335
221
79
103
129
128
45
85
128
203
83
32
78
176
45
229
221
23
150
265
162
98
100
13
439
82
77
216
157
188
176
18
305
214
188
176
220
198
219
61
258
103
194
357
62
179
261
276
315
104
286
171
35
197
55
369
231
96
245
301
206
436
99
253
417
256
77
261
219
336
433
391
127
317
116
226
287
316
183
255
164
297
51
285
103
237
209
83
278
241
65
371
237
219
277
411
115
253
239
134
257
286
225
267
66
88
344
228
317
278
319
275
252
210
222
234
236
202
239
211
269
270
205
283
206
293
233
263
204
293
470
240
33
265
316
265
263
266
236
322
335
231
274
260
417
313
336
317
255
283
353
344
267
283
322
318
265
290
323
271
212
240
281
341
324
270
352
271
261
274
89
217
243
267
309
266
271
396
245
275
286
285
322
249
279
291
262
323
280
371
284
255
222
260
229
227
444
500
222
356
238
248
228
227
386
245
320
229
254
292
140
256
238
322
356
324
309
197
318
221
112
248
302
253
261
250
357
280
238
266
265
257
356
252
389
263
232
270
270
223
306
275
245
256
353
334
204
197
319
297
65
246
253
348
285
326
305
270
211
323
227
269
256
353
266
250
123
246
244
301
208
320
289
273
283
257
260
291
221
326
253
304
316
213
194
251
234
221
222
223
329
228
240
356
391
287
214
268
328
214
238
220
217
161
198
239
308
340
210
314
263
225
210
262
275
207
500
379
342
250
300
243
252
215
255
249
251
214
261
264
254
282
153
140
262
271
219
231
259
301
316
222
266
375
261
270
224
316
225
277
52
233
204
276
336
222
288
398
182
253
293
288
224
212
288
256
346
225
256
218
308
239
282
320
246
315
286
291
420
225
262
246
479
321
268
233
295
285
282
228
213
222
235
223
272
341
234
265
278
228
187
215
248
238
267
291
289
232
247
287
208
246
289
365
210
305
272
254
259
238
212
306
207
330
242
214
275
289
202
275
258
203
244
258
198
217
429
239
203
258
185
382
243
188
269
256
201
195
268
197
197
412
228
276
184
318
192
386
267
380
254
182
238
300
190
270
180
249
206
325
228
245
171
176
217
239
206
183
293
220
251
203
224
295
268
328
271
190
272
297
222
290
217
224
237
263
189
221
215
287
185
249
75
125
100
245
205
167
194
186
259
214
153
181
233
26
219
173
214
245
214
184
197
254
235
450
104
240
235
316
317
303
209
295
216
200
354
345
235
232
155
272
258
76
207
25
199
208
177
290
296
302
174
221
203
204
264
210
215
197
286
229
258
191
228
351
196
166
271
223
216
191
86
135
283
307
240
222
201
213
242
160
275
176
288
60
99
214
185
219
42
183
188
165
189
267
309
196
236
279
197
221
224
241
260
228
71
120
185
198
207
165
336
248
193
258
169
234
53
240
210
259
161
206
267
196
233
247
297
266
472
117
211
172
268
53
305
198
219
56
159
452
208
52
232
174
306
307
178
182
219
192
338
213
373
223
386
295
46
228
251
232
293
222
279
28
305
233
196
349
197
232
194
221
266
247
229
213
402
162
170
134
272
263
260
198
158
315
198
246
203
275
290
183
348
221
312
309
185
203
338
214
179
247
249
138
249
251
179
500
211
310
184
187
265
284
247
279
263
315
136
120
115
282
164
183
181
67
148
223
266
196
242
277
157
181
210
334
220
182
295
170
156
298
214
218
199
187
199
189
167
259
197
151
482
324
233
118
205
198
234
162
156
220
271
193
302
491
181
219
123
232
253
358
460
252
289
261
210
195
236
369
186
185
195
248
294
353
203
160
157
285
335
194
252
330
334
332
203
189
237
234
189
258
302
308
311
195
349
178
228
247
226
356
229
238
256
266
228
412
196
245
254
202
215
240
205
209
189
212
208
246
167
253
174
199
252
230
158
265
185
220
178
206
226
213
227
320
147
245
302
146
378
184
224
106
209
