24
14
17
66
33
10
11
11
30
19
21
18
30
12
22
13
30
13
35
22
12
23
16
20
13
41
12
14
16
30
24
12
18
28
16
32
22
11
27
14
13
14
24
11
15
57
15
36
20
35
56
40
26
45
29
28
17
26
51
15
15
15
75
39
17
43
41
14
86
43
40
55
47
17
97
23
24
46
49
42
31
35
56
22
48
39
44
28
43
32
13
29
27
12
70
24
82
49
33
26
39
45
61
129
21
52
35
35
56
70
37
84
29
21
82
41
33
104
67
96
80
69
202
117
145
89
37
122
161
65
39
86
76
71
93
100
97
77
132
114
22
151
79
93
98
21
34
18
123
58
159
175
120
92
67
144
129
190
124
111
99
24
165
54
160
140
18
143
175
237
27
25
235
147
195
193
238
186
241
83
26
98
128
289
267
109
268
218
255
225
43
205
305
243
27
290
275
24
308
160
16
258
284
120
293
244
51
207
108
338
286
279
386
94
373
322
235
57
221
240
252
133
34
370
125
77
216
35
103
77
81
340
278
25
263
277
60
294
218
287
159
175
197
193
31
174
197
179
207
207
209
203
282
270
253
253
45
24
34
29
18
17
23
16
282
80
140
190
476
400
346
500
171
500
500
500
500
258
98
500
500
105
500
500
12
333
13
88
500
500
500
500
500
500
399
80
167
500
500
500
130
500
428
301
224
39
35
176
48
44
429
292
237
217
238
265
227
243
228
231
228
289
274
115
299
127
366
327
189
204
151
176
154
146
171
156
23
166
9
227
231
282
189
257
235
177
164
215
175
118
231
228
213
327
393
357
60
78
127
175
112
51
30
44
180
177
139
154
145
156
138
150
147
139
154
146
165
142
164
158
171
134
152
173
140
162
141
152
148
146
133
128
142
133
154
180
141
133
121
110
114
324
127
138
180
225
159
212
205
166
247
205
155
187
158
500
199
72
199
203
248
191
253
448
215
213
34
35
248
500
242
221
188
105
224
206
151
156
133
147
164
158
186
194
160
159
155
155
158
147
140
159
202
178
132
144
152
187
157
161
189
168
168
159
190
156
156
156
15
16
11
13
11
13
9
12
11
12
10
12
11
33
33
35
31
32
39
45
30
45
42
89
65
45
173
37
39
275
112
135
155
161
149
142
131
142
136
159
135
150
174
193
157
167
167
148
156
162
181
158
225
182
149
168
197
177
195
219
229
330
21
22
10
9
10
11
13
116
54
20
41
182
231
204
295
206
232
297
237
226
266
215
152
167
175
163
200
143
174
264
276
190
174
165
209
212
151
197
194
162
131
14
166
166
170
184
168
171
160
212
189
62
175
30
28
12
54
30
28
23
128
132
113
131
108
173
245
149
205
174
258
158
124
139
122
199
159
111
147
114
146
131
133
169
145
201
181
136
130
140
287
120
245
350
184
192
161
236
150
166
303
184
211
212
238
214
182
223
252
158
188
195
171
189
183
158
195
101
133
345
287
129
213
235
245
185
197
172
188
178
216
211
197
212
232
215
210
252
249
193
198
335
361
241
202
236
238
167
164
120
109
102
33
138
109
112
109
115
133
174
138
111
105
115
130
126
133
118
123
104
121
111
108
115
115
95
122
108
130
114
88
114
303
168
164
237
31
11
11
11
179
254
267
280
228
239
280
226
209
212
187
190
210
182
164
196
155
246
116
188
422
309
275
195
472
193
406
148
164
247
207
218
139
194
167
163
196
150
171
151
186
139
162
158
180
164
161
193
187
160
129
132
140
156
160
185
219
130
10
22
182
181
203
232
301
395
344
345
425
500
476
313
321
314
243
225
244
220
196
214
247
230
229
254
257
250
207
212
267
209
72
171
179
146
171
151
153
203
170
182
214
214
296
210
197
294
169
199
150
271
180
145
210
202
262
145
140
148
160
147
143
152
139
144
153
149
154
169
184
180
186
199
39
180
52
134
428
132
265
403
233
195
455
417
299
500
500
147
257
228
189
274
151
171
203
253
278
500
460
269
252
238
215
208
232
187
224
271
222
235
215
226
272
208
187
177
350
203
240
266
370
301
312
496
500
292
265
221
216
199
204
214
218
224
223
222
176
156
131
160
189
254
225
192
173
165
182
170
160
169
190
184
188
180
28
127
112
112
156
133
114
158
131
154
154
137
147
144
142
130
135
147
148
149
143
139
135
147
149
169
144
151
145
150
156
182
148
169
177
159
151
173
172
152
168
149
166
171
141
202
206
171
150
143
177
139
229
255
168
175
186
231
184
187
210
219
218
347
155
408
