32
17
10
48
13
23
14
11
13
14
23
32
43
19
10
17
24
12
21
17
62
17
15
18
9
23
11
11
23
17
22
10
13
12
34
40
8
36
12
16
30
32
21
27
21
41
13
14
10
10
16
61
53
64
41
32
21
42
39
41
21
21
19
46
81
49
133
27
31
14
50
14
38
24
15
43
60
67
23
109
64
55
29
29
54
43
34
55
30
83
72
104
37
102
72
132
12
69
124
30
53
68
11
62
116
109
99
65
75
62
71
106
30
26
121
61
249
150
95
29
22
18
153
22
93
90
263
23
62
152
220
74
81
148
90
189
20
97
94
132
144
89
244
122
32
41
387
65
13
233
18
149
79
17
187
47
322
124
151
170
89
13
292
250
261
70
23
275
109
20
103
315
53
10
227
165
222
184
226
55
213
95
326
344
281
43
312
88
76
22
276
499
218
299
237
223
273
118
36
170
286
215
100
11
181
335
34
27
45
159
305
182
103
351
106
301
313
362
263
62
83
48
111
80
128
325
76
68
72
456
345
298
93
54
11
359
326
129
80
234
29
44
70
93
34
88
123
90
41
34
75
78
269
20
299
190
25
316
50
168
65
261
177
89
29
85
166
345
211
197
20
22
17
206
29
97
113
71
54
60
161
28
37
212
51
37
210
214
167
38
222
180
137
192
46
161
221
17
305
21
72
137
236
159
41
130
275
21
239
41
78
499
33
17
113
132
92
47
73
10
178
65
31
26
22
499
30
135
230
121
27
26
185
34
31
147
53
70
499
109
428
146
166
14
26
71
29
146
11
46
36
124
196
13
15
90
114
21
151
136
198
94
31
23
46
14
128
261
70
117
117
103
104
51
99
227
10
129
113
25
131
133
120
26
114
47
127
44
16
104
121
112
68
110
103
140
50
116
136
24
29
49
27
135
130
60
98
105
30
69
140
29
48
38
18
89
105
116
41
19
95
18
109
109
103
133
69
121
19
143
107
106
48
121
36
107
29
57
95
99
133
121
38
9
93
175
145
104
135
97
165
111
109
125
112
10
176
47
114
119
120
22
103
108
29
14
97
97
46
10
130
38
204
188
21
110
90
132
101
62
132
104
113
182
94
126
130
52
52
113
326
166
75
145
122
15
13
118
12
121
120
141
70
106
23
165
37
119
11
120
250
120
31
154
141
60
211
210
204
23
79
111
91
91
161
147
206
142
137
63
139
256
145
113
36
14
121
101
126
144
109
148
144
105
203
87
139
136
134
84
122
168
34
135
128
171
263
155
154
142
232
125
108
160
29
69
12
41
170
164
175
219
113
149
105
199
39
161
194
40
191
123
173
184
215
124
132
204
121
99
132
100
137
223
85
119
95
195
120
172
42
81
15
70
296
232
190
110
145
169
112
281
142
163
148
212
276
97
146
106
114
196
115
140
296
148
147
106
168
113
175
487
293
235
133
145
110
141
77
214
355
39
107
16
197
169
220
159
77
341
86
260
161
137
99
153
116
199
174
131
173
64
183
135
98
127
271
16
345
163
219
107
132
99
192
329
196
184
102
178
151
213
294
265
113
28
130
151
93
279
71
204
127
149
119
278
110
219
142
198
200
24
119
180
109
95
132
157
136
216
189
261
188
115
67
122
93
103
309
169
248
196
58
223
195
356
10
292
104
123
146
137
108
249
182
91
167
141
147
193
142
59
211
130
190
287
137
198
191
322
132
197
328
253
65
176
237
193
291
173
137
123
211
263
316
152
142
167
227
160
197
314
76
180
291
112
225
139
126
249
103
123
257
181
268
132
109
103
199
21
111
68
134
113
193
239
473
168
258
166
366
127
403
139
114
50
154
115
276
246
308
214
156
245
231
175
49
69
117
398
292
267
304
86
130
123
186
388
243
293
319
164
161
141
217
109
257
177
129
139
131
227
180
108
37
251
141
127
221
124
118
139
120
155
110
120
188
92
186
115
204
264
259
251
347
256
135
122
137
181
275
119
351
121
119
212
142
190
178
178
115
279
138
125
116
171
231
131
240
198
113
158
174
104
305
103
122
129
143
200
118
145
31
179
113
237
51
100
99
204
164
283
159
251
102
168
241
229
145
235
141
272
180
121
134
293
177
260
128
99
186
186
110
143
116
290
97
225
118
288
269
172
212
145
146
304
104
267
145
103
312
220
120
287
182
211
107
120
129
123
112
219
100
99
358
98
174
222
171
285
194
171
111
232
171
133
41
242
233
201
207
106
262
190
220
124
148
224
163
111
129
104
241
137
129
105
272
166
110
113
