25
10
15
24
35
37
38
21
63
14
16
12
16
9
33
12
22
11
23
21
40
14
25
15
13
13
19
33
32
15
28
12
15
19
14
15
24
30
17
20
9
14
28
16
18
11
13
16
24
19
11
17
20
14
22
9
17
21
10
14
82
90
26
73
32
27
41
65
21
86
40
80
36
93
88
9
20
92
31
86
176
22
80
14
14
27
31
60
69
55
144
21
106
67
24
58
100
37
32
29
136
71
16
31
25
91
124
147
24
129
106
181
129
19
144
87
119
43
272
52
119
115
177
15
50
42
26
206
71
24
136
103
198
22
170
30
122
130
153
171
111
118
118
233
177
125
36
163
179
107
141
94
238
179
23
53
165
178
84
126
94
221
186
242
59
209
184
422
245
115
292
240
229
192
78
216
158
174
217
69
323
32
151
220
251
298
253
197
187
215
274
119
224
76
294
230
183
138
222
244
135
287
216
274
261
234
232
266
128
279
196
258
315
268
103
225
253
273
239
301
262
171
266
288
18
283
324
244
360
243
257
66
256
123
378
276
185
369
263
292
357
97
296
30
263
393
255
330
251
499
306
341
151
348
239
378
273
276
243
185
323
334
453
260
241
280
329
473
255
415
203
499
268
253
301
354
407
243
445
246
354
177
264
331
499
272
424
306
253
256
244
295
146
499
263
333
499
264
226
180
222
385
224
239
264
318
91
335
341
239
287
408
185
469
341
278
271
342
16
499
360
287
247
257
303
283
235
411
261
311
119
318
176
218
247
313
499
237
337
270
263
251
194
462
191
309
402
373
265
248
270
237
225
267
219
219
257
246
243
318
267
194
380
418
499
257
142
326
351
499
340
259
313
499
488
179
218
499
258
363
256
260
262
258
244
275
180
194
328
63
258
499
224
394
256
237
140
333
331
375
173
223
341
292
221
42
464
215
222
244
243
248
380
238
236
247
370
494
260
218
245
455
280
307
367
296
320
304
61
330
259
282
409
291
258
278
376
267
215
462
265
286
230
499
301
446
368
354
449
366
180
383
457
219
377
306
107
276
227
378
212
225
202
210
63
266
205
293
308
66
400
233
216
443
262
217
174
83
293
416
269
181
237
313
499
194
213
137
260
358
176
238
499
194
499
253
303
257
222
175
232
327
188
282
254
197
255
259
189
316
458
493
211
248
182
399
238
205
226
275
217
426
192
193
225
227
412
326
186
499
183
241
496
234
205
228
153
170
159
225
171
175
354
266
158
207
259
296
266
241
262
162
178
176
209
184
265
188
269
305
213
238
173
208
169
260
149
183
222
115
272
288
225
256
213
211
237
303
219
199
205
189
340
205
258
231
144
277
93
301
145
144
428
155
253
200
262
437
356
204
229
191
216
227
250
202
141
235
161
218
421
234
194
121
144
338
279
236
247
231
182
170
78
186
152
471
180
367
241
213
315
226
187
147
224
165
289
247
278
239
335
275
314
159
154
198
208
401
200
130
207
138
226
140
164
192
13
159
186
179
169
146
153
409
143
178
196
209
261
193
70
67
236
486
121
381
272
240
301
153
140
241
46
130
191
111
198
197
190
132
168
335
444
159
209
128
241
430
179
159
131
235
202
177
173
165
189
345
146
256
152
439
292
133
293
217
128
169
220
385
138
234
173
423
192
254
265
179
75
317
107
169
127
155
185
173
196
340
275
307
499
299
244
441
120
477
173
168
330
146
341
175
294
179
199
177
238
142
200
257
135
358
247
334
164
143
201
119
194
180
211
106
179
117
172
205
195
158
181
213
134
172
176
236
122
83
114
18
79
370
154
146
208
203
165
228
215
36
155
180
61
256
243
323
105
369
269
379
293
356
219
163
207
439
51
255
288
78
299
237
156
243
164
246
234
247
241
97
177
140
123
224
331
163
235
192
114
256
440
193
401
113
180
169
180
399
144
224
103
123
363
84
217
156
125
157
298
164
139
27
194
58
179
146
46
174
155
111
60
217
186
187
167
151
122
142
152
250
132
291
42
136
312
255
172
154
94
283
353
209
300
110
183
177
267
352
132
364
135
235
287
140
124
15
150
290
197
225
257
182
202
130
245
165
376
300
199
121
275
158
198
305
181
221
150
184
251
159
193
159
194
426
141
136
197
90
211
231
264
271
370
308
103
245
241
281
432
399
499
374
426
310
120
168
174
151
229
196
277
221
260
288
308
290
188
231
173
195
286
159
387
372
229
162
195
196
374
451
175
199
256
184
431
316
91
85
208
499
499
123
499
140
422
218
499
414
136
375
99
259
