37
14
10
15
38
49
9
26
20
49
54
19
11
39
10
22
12
16
14
17
24
15
13
21
28
15
16
12
31
15
15
11
16
12
29
21
19
18
30
32
12
20
46
25
14
38
15
23
35
18
28
16
10
14
18
17
13
19
25
10
13
12
11
9
24
19
11
15
35
28
45
17
17
26
23
28
45
15
17
81
21
30
34
16
21
65
36
23
40
42
25
13
94
69
45
32
69
54
110
73
15
26
41
28
38
90
52
29
42
87
56
56
22
61
52
37
18
56
86
99
43
53
58
25
27
48
71
75
107
145
106
186
89
79
23
95
109
28
114
51
124
92
122
169
83
180
44
70
178
185
70
16
59
133
123
252
164
211
362
163
60
332
247
54
45
204
267
251
267
111
310
373
381
190
354
51
393
41
94
282
78
121
500
136
130
443
197
295
108
346
132
354
175
361
123
103
271
194
277
33
104
254
251
403
472
46
167
19
344
125
184
65
52
15
19
413
327
50
353
198
255
347
56
208
303
370
267
219
310
264
219
375
276
294
298
210
348
294
298
25
96
482
292
276
102
213
253
155
221
247
220
296
208
281
500
125
243
333
367
500
265
450
327
346
499
265
293
316
358
500
376
349
500
500
500
500
45
412
44
400
27
500
305
316
329
328
274
365
500
12
500
168
350
395
447
156
498
35
131
500
42
268
47
500
178
442
406
431
492
370
183
152
71
350
500
145
364
272
242
38
367
362
292
135
34
500
471
500
282
500
500
369
500
58
412
258
500
420
500
257
500
389
14
230
280
306
500
161
274
412
500
500
316
434
235
292
389
314
401
372
324
500
418
268
500
439
322
148
445
466
500
286
500
500
48
262
260
344
196
22
238
245
500
465
500
280
159
352
274
435
330
443
346
258
259
500
500
500
500
303
300
473
50
344
182
251
223
449
300
334
353
408
432
273
39
176
108
500
500
272
266
67
65
284
500
389
250
500
246
262
183
500
275
256
401
134
136
214
192
260
297
191
112
196
132
343
500
430
355
500
233
500
141
500
292
197
358
483
500
361
83
420
500
441
500
500
437
300
187
239
500
500
268
500
216
500
156
371
274
500
307
500
311
41
379
500
164
280
399
310
249
182
425
500
349
184
500
157
495
236
233
487
26
497
421
500
500
96
162
500
500
171
181
500
195
175
364
316
360
217
238
260
384
15
273
261
160
90
500
122
360
228
221
500
500
98
140
116
204
187
418
204
149
236
264
168
361
51
179
265
209
194
270
194
207
208
500
167
121
198
500
311
284
443
147
141
123
136
432
215
175
280
337
229
200
500
207
66
176
140
138
140
313
500
328
66
171
210
196
90
169
149
183
177
109
122
180
129
441
216
17
140
143
247
268
121
253
500
328
155
175
500
157
69
208
189
146
226
108
247
194
227
226
238
210
74
69
160
113
86
180
98
167
322
177
42
157
148
174
183
222
107
325
161
139
161
174
187
75
78
152
155
124
334
246
137
171
187
100
89
149
237
205
197
164
178
100
231
136
173
140
52
128
169
196
48
92
151
76
133
199
159
19
126
294
400
147
205
24
386
172
120
24
159
293
221
155
214
217
152
166
30
12
253
197
278
163
310
145
168
197
204
216
279
277
223
277
232
207
240
177
214
363
193
246
143
336
314
101
187
177
180
191
248
242
181
180
218
211
145
178
172
173
89
279
221
228
179
225
169
268
225
253
40
182
49
170
40
215
152
296
156
270
12
362
307
206
159
199
154
237
63
180
177
153
92
121
238
62
333
217
427
386
206
219
73
500
500
329
110
194
471
285
153
228
236
163
235
28
360
163
154
178
211
260
288
179
451
221
185
200
500
188
149
73
202
272
74
235
184
261
252
154
251
170
205
219
270
109
94
168
71
200
182
179
225
372
308
237
133
299
228
206
175
271
218
275
158
214
215
261
234
55
35
150
230
286
258
204
220
50
34
243
156
156
61
30
302
197
189
134
233
138
185
270
260
181
104
31
299
128
167
230
236
80
287
200
322
41
299
214
160
137
212
257
177
109
173
212
145
210
155
30
40
136
69
208
192
252
168
202
284
218
68
190
149
229
43
32
97
231
259
69
186
265
69
143
188
214
339
228
227
161
278
217
269
254
86
149
269
179
228
121
91
78
357
174
142
366
133
161
254
55
150
35
119
188
216
191
262
226
196
77
253
148
157
142
159
112
178
456
142
242
153
29
119
276
155
242
217
318
157
423
193
193
146
229
171
197
100
23
178
189
313
190
143
183
177
173
202
