30
18
52
28
13
16
11
15
15
15
30
15
23
16
19
11
40
12
47
13
19
18
23
11
25
18
14
11
16
21
14
11
11
12
10
28
25
12
14
11
11
29
12
10
28
13
14
23
16
9
14
11
12
14
13
10
18
11
10
17
11
17
13
17
15
14
13
13
15
12
9
13
18
11
14
9
16
32
15
10
13
12
10
11
7
16
13
21
12
20
27
9
9
11
8
9
9
14
15
9
11
9
13
14
13
8
16
8
17
10
20
17
14
12
13
40
10
8
10
9
18
13
14
9
9
15
12
11
8
16
13
19
12
13
16
10
11
9
16
10
9
15
8
11
10
11
9
12
9
14
17
15
10
13
15
20
12
13
14
12
16
13
12
15
8
9
11
14
8
12
11
10
15
9
11
12
13
15
9
9
10
9
11
10
9
9
12
11
11
12
12
8
12
9
13
18
14
11
9
13
13
11
10
9
12
9
12
8
10
8
8
11
9
9
10
10
8
9
10
11
10
10
9
9
11
9
11
12
13
9
9
9
11
9
8
11
8
12
10
10
9
9
10
9
11
10
11
11
10
11
7
10
14
12
8
11
8
15
9
11
11
8
11
10
9
9
7
10
7
11
9
9
9
14
12
12
10
9
12
7
13
7
9
9
9
10
10
8
10
10
9
9
9
7
10
8
10
11
8
10
10
11
12
9
10
7
7
11
8
8
8
11
8
11
9
10
8
8
10
13
8
9
8
14
9
9
8
8
10
9
8
9
10
10
10
8
8
10
11
8
9
7
9
10
10
9
10
11
10
12
8
11
9
9
9
9
11
8
9
8
7
12
9
9
10
11
7
9
9
9
8
8
11
10
9
9
9
9
9
9
9
9
9
10
8
10
8
9
12
7
10
9
8
9
7
9
9
9
8
9
11
9
8
10
11
9
8
8
7
8
7
9
8
9
8
8
8
7
10
12
9
12
7
8
12
9
16
9
8
7
9
13
8
10
12
7
8
9
8
8
9
10
9
10
10
10
9
15
11
17
8
8
11
7
9
9
10
9
14
10
9
9
15
8
8
9
7
13
8
9
9
11
9
9
10
7
8
9
9
9
9
9
9
7
11
7
8
11
8
7
13
9
8
7
17
9
8
8
8
9
8
9
9
7
10
8
9
17
14
7
7
10
10
10
18
9
12
9
9
9
10
9
8
7
8
8
8
8
8
10
8
17
9
8
8
11
13
8
8
11
11
8
7
9
8
9
8
7
11
12
8
9
8
8
13
8
9
11
9
12
11
11
12
8
13
11
9
10
12
10
9
8
7
9
15
9
22
8
11
7
10
10
12
7
11
7
9
9
9
9
9
9
9
9
9
8
9
9
9
8
9
8
10
9
9
8
12
8
10
13
9
11
17
12
8
8
9
8
8
15
10
10
8
9
8
28
8
12
8
11
7
15
11
8
10
9
9
11
8
9
11
8
9
8
12
8
11
10
9
9
8
7
22
9
10
10
16
10
29
12
9
17
10
9
9
9
10
10
15
8
12
9
9
9
8
9
9
7
10
10
8
24
16
10
11
9
17
9
9
16
23
23
9
10
9
18
24
19
19
12
30
18
20
9
55
17
18
32
36
31
18
34
21
38
35
20
30
71
16
17
16
9
13
20
9
32
17
18
13
25
26
21
20
28
26
19
31
18
18
21
22
24
18
18
9
44
16
21
18
18
20
32
22
145
19
24
9
18
10
25
196
35
186
89
87
30
201
184
126
17
18
120
87
17
174
53
136
41
120
73
19
49
22
42
75
121
11
45
34
58
97
33
55
152
103
27
101
111
35
90
123
107
11
97
44
29
61
77
56
46
77
64
52
87
97
84
9
99
130
124
118
100
112
112
63
93
142
97
89
109
87
69
87
112
244
77
105
95
77
119
81
80
133
68
70
82
79
79
36
81
106
100
82
79
76
56
63
81
51
100
54
75
46
78
102
49
44
63
75
68
73
55
65
72
69
33
17
79
47
61
51
37
59
61
54
101
133
231
181
164
27
30
122
25
49
87
83
47
114
13
18
91
95
10
11
9
20
13
32
59
10
69
32
67
61
16
12
12
9
13
10
12
14
11
11
9
14
10
23
10
9
10
11
10
14
10
16
14
61
13
10
11
54
11
9
11
18
67
16
15
10
11
10
14
55
11
9
10
9
10
10
9
10
15
11
11
10
10
10
9
12
10
11
8
11
10
10
13
11
10
10
16
13
9
12
13
12
10
10
11
10
49
13
13
12
10
12
12
10
12
