31
43
24
16
27
22
27
18
23
12
17
24
14
20
14
12
27
35
30
21
36
16
12
8
42
13
12
30
30
14
11
12
34
25
20
13
13
17
12
27
15
20
50
19
13
28
19
12
11
18
13
17
12
20
12
12
14
12
12
12
16
12
18
13
91
21
121
13
93
26
38
16
26
14
17
22
17
12
28
13
36
49
100
43
30
20
24
34
33
51
25
43
26
36
35
114
46
13
25
55
126
39
55
101
55
59
19
43
80
138
25
68
39
45
41
84
46
132
117
166
160
41
168
54
357
157
104
206
193
63
117
100
117
117
135
216
38
19
132
25
378
236
249
31
159
24
133
166
213
290
122
105
221
119
95
183
171
216
128
241
14
197
39
165
128
218
181
257
30
217
197
257
71
144
86
106
352
55
172
161
234
105
331
425
58
28
99
13
308
181
57
367
431
493
13
496
174
36
311
169
276
240
15
11
204
276
291
251
282
420
222
259
30
26
51
80
213
199
314
33
173
180
233
258
217
239
191
174
168
178
67
132
152
175
236
154
239
166
184
148
91
162
191
231
63
164
165
168
145
24
163
148
9
150
155
180
206
163
221
189
22
156
178
148
147
196
166
152
155
147
126
170
183
170
203
16
187
178
155
152
173
153
12
138
19
144
162
139
170
150
149
160
142
134
106
132
14
121
152
177
162
160
162
161
168
190
161
164
166
191
162
245
181
171
193
236
242
86
183
47
160
158
146
176
191
187
218
117
156
138
149
140
142
138
97
159
182
152
145
240
195
151
152
158
155
150
155
181
184
189
158
205
179
175
170
151
165
171
177
165
153
171
180
185
169
193
174
181
168
191
204
265
238
235
253
229
20
154
11
77
50
140
90
95
9
68
190
228
227
212
166
154
161
154
157
161
165
162
152
148
152
152
165
157
234
195
219
261
214
211
215
215
215
198
198
196
32
182
192
180
166
163
162
162
145
155
136
138
150
153
133
155
168
190
186
193
192
213
195
185
207
205
198
163
176
174
40
75
15
163
365
418
499
236
241
209
169
151
173
155
157
151
149
136
145
133
132
121
134
116
115
111
110
107
108
103
100
111
101
97
105
99
101
109
108
100
102
50
102
104
22
122
131
153
250
81
163
189
186
305
476
391
258
53
77
254
206
179
170
168
153
168
149
143
148
181
146
147
136
147
14
166
147
159
221
248
212
130
221
290
252
243
208
222
25
185
183
153
153
140
177
153
133
147
225
86
52
172
198
192
226
284
499
31
27
64
344
194
306
223
202
194
192
196
171
159
238
189
251
192
247
163
153
163
163
161
169
204
212
205
315
256
174
132
200
221
212
155
314
138
189
167
98
8
40
275
128
146
134
145
14
153
32
140
164
172
140
143
160
146
123
131
154
129
115
67
195
175
233
156
192
188
188
211
162
223
296
267
217
325
268
246
255
265
317
347
333
169
84
262
253
218
217
229
225
209
265
359
368
191
289
328
315
218
103
78
154
35
35
151
189
207
247
211
184
227
224
235
210
239
255
240
248
271
319
320
364
263
215
281
204
271
121
80
267
214
246
239
484
286
177
184
499
245
262
320
358
275
203
338
321
414
298
382
240
211
299
138
176
185
185
303
315
261
159
364
158
303
172
171
157
158
256
234
210
125
225
154
140
143
110
136
114
137
146
160
65
9
25
12
60
166
209
184
152
162
157
157
139
166
138
151
143
163
178
152
166
149
176
169
146
163
162
155
163
176
176
286
111
288
233
239
255
149
147
207
135
164
153
119
135
129
107
73
230
147
35
214
175
91
174
193
253
178
161
157
154
175
202
193
201
196
195
196
198
208
360
211
447
193
144
165
62
216
135
342
235
217
355
163
241
195
397
303
280
285
365
385
293
193
165
168
174
140
152
137
157
161
98
143
97
189
106
148
145
154
165
140
143
125
134
129
134
143
119
124
122
127
117
124
115
120
109
118
34
115
113
114
103
115
485
159
118
102
106
107
104
106
84
27
19
136
154
106
137
172
157
155
209
174
181
184
223
163
50
412
248
351
151
204
219
180
177
176
161
179
221
154
199
163
163
153
224
176
170
169
198
106
146
66
125
74
148
91
92
94
250
153
155
123
94
143
126
119
118
122
197
144
148
125
124
120
146
133
187
117
141
131
109
89
126
132
109
233
168
139
147
149
137
114
107
117
136
151
137
134
132
138
120
129
141
150
138
132
123
135
116
125
146
129
123
123
119
120
115
109
119
113
115
118
121
109
106
109
108
118
107
115
99
107
