26
15
16
13
25
30
12
15
61
14
19
17
24
13
36
49
23
15
10
11
20
18
24
21
8
22
10
12
26
43
15
17
17
16
26
40
19
13
22
36
26
33
18
19
26
13
18
8
9
13
18
38
18
11
15
15
9
15
8
17
10
22
8
14
11
21
22
17
19
12
31
32
22
27
20
38
75
29
25
28
25
13
50
13
63
52
53
19
35
18
16
24
53
84
35
47
54
16
47
31
60
33
57
9
38
23
38
61
43
70
42
75
60
76
40
32
53
28
21
75
66
17
37
26
64
106
17
65
35
61
45
46
100
52
74
62
72
54
39
152
83
77
141
133
62
83
76
134
65
125
68
217
122
110
267
85
32
16
135
168
199
122
142
185
29
35
250
122
224
218
223
107
55
62
225
189
223
146
259
62
136
221
192
286
261
124
26
161
250
256
499
210
231
237
114
258
235
255
299
267
66
177
236
234
137
247
271
280
262
277
281
271
231
332
34
253
351
263
274
216
183
83
282
300
113
236
269
255
241
298
233
201
259
349
257
261
267
179
88
240
244
238
232
242
220
105
250
247
227
331
271
257
231
371
219
268
275
200
210
226
26
290
249
237
124
254
234
213
248
231
233
111
252
54
294
290
251
179
81
258
258
252
268
236
225
236
18
242
58
259
237
278
303
214
211
247
31
316
249
266
277
274
252
217
294
244
242
283
91
82
238
306
28
103
241
14
295
238
268
52
260
247
282
241
316
281
204
303
234
236
318
248
199
132
232
235
251
103
285
247
134
249
119
334
248
286
236
233
62
108
270
236
240
257
227
217
239
267
247
270
289
223
134
212
285
251
264
256
217
330
256
270
242
397
264
237
188
251
218
116
304
247
221
230
252
252
213
426
165
39
329
320
71
274
237
249
257
12
316
226
243
233
267
216
250
270
254
286
208
381
239
37
296
235
246
236
319
51
284
227
259
98
269
242
216
261
236
274
226
288
117
247
237
277
39
199
256
254
233
240
243
225
183
280
339
227
223
258
26
290
12
245
274
27
254
201
222
96
62
281
209
301
231
291
320
205
303
254
275
305
273
215
390
206
235
225
239
266
44
314
406
231
253
246
311
249
222
220
216
295
277
252
244
194
337
285
271
171
230
271
72
334
235
335
302
248
346
232
23
235
237
344
336
85
248
226
246
38
318
266
281
298
322
256
177
390
201
279
275
258
363
226
210
238
438
26
55
263
233
257
228
222
314
233
470
269
224
241
316
256
260
224
239
239
358
190
446
257
283
304
220
319
49
108
230
257
277
281
223
246
227
207
224
222
248
195
248
223
239
300
296
220
320
172
196
197
211
50
163
85
159
202
175
236
325
216
369
248
336
251
207
226
164
201
187
175
205
219
185
224
241
189
207
198
209
273
207
200
214
197
206
261
177
178
207
196
179
210
204
26
250
213
175
381
189
269
236
245
176
169
133
195
244
223
166
191
158
222
198
215
203
306
197
193
139
251
199
190
207
155
218
278
260
185
195
188
195
157
188
172
164
170
188
167
183
150
189
176
174
224
171
199
227
141
222
123
174
223
161
142
148
198
178
243
139
192
195
150
166
190
133
146
172
116
178
144
207
127
123
156
302
110
168
141
157
130
148
113
262
174
194
170
141
144
166
191
143
175
213
151
126
140
140
157
149
161
182
154
165
170
193
141
162
168
158
179
163
132
200
160
183
175
131
137
159
172
178
237
118
119
150
146
167
155
190
159
128
155
153
148
155
189
127
205
112
146
178
113
210
179
140
129
188
201
167
151
121
118
133
205
164
162
209
188
163
225
201
214
167
130
140
195
114
149
37
133
128
137
113
167
139
162
208
152
36
224
164
202
179
211
175
260
115
185
195
152
133
119
173
144
157
150
123
63
103
155
142
132
121
123
252
148
134
184
130
252
138
182
152
143
176
220
245
146
161
159
80
134
149
160
239
104
164
188
312
312
132
140
237
170
186
142
132
140
149
131
139
157
169
119
112
121
228
172
136
222
140
121
154
227
146
216
112
139
140
110
174
156
135
164
153
171
145
205
146
167
358
175
176
140
99
224
196
68
135
129
280
230
32
147
160
151
155
154
105
169
204
132
195
143
96
232
163
169
162
137
168
173
184
154
233
201
137
133
351
152
109
200
180
215
78
138
170
231
124
144
155
87
194
195
133
141
146
258
127
181
202
236
142
185
140
116
163
173
159
120
277
363
225
185
140
169
218
340
174
137
143
143
177
189
374
120
187
127
134
212
292
133
130
180
