31
23
25
16
12
14
21
17
30
38
26
13
12
26
13
22
13
62
20
33
14
22
21
12
24
24
14
20
40
55
19
16
15
20
11
19
23
14
22
10
22
12
16
36
29
54
60
37
23
21
37
20
16
21
34
59
17
17
13
24
19
31
30
21
13
24
30
12
29
96
87
29
51
33
55
47
13
35
17
28
24
39
66
58
55
50
36
70
37
23
29
61
9
21
41
72
48
56
40
41
103
24
156
27
60
16
79
127
46
32
33
18
51
46
15
278
13
128
23
64
26
210
113
95
36
101
154
112
108
93
235
87
20
66
146
126
50
81
156
175
85
102
160
181
289
43
225
253
237
115
85
79
214
188
201
207
104
36
161
127
500
228
65
21
69
244
42
91
224
430
288
102
251
223
197
308
429
113
322
358
139
305
45
18
223
268
248
222
306
200
228
335
258
489
283
227
182
164
281
273
268
220
289
363
314
243
17
95
348
275
256
297
217
165
16
98
42
226
163
189
168
188
203
262
189
149
282
218
183
194
192
234
16
229
228
500
330
71
69
58
72
121
146
168
177
147
185
182
154
168
151
146
166
176
166
86
168
147
114
13
159
179
165
189
158
150
161
187
151
150
129
173
177
171
179
189
206
184
170
230
251
72
37
34
191
11
176
197
159
196
174
195
193
169
149
162
288
174
156
142
242
193
20
67
78
191
194
229
295
382
237
302
500
500
304
368
239
360
224
153
146
153
150
38
222
109
330
278
292
299
211
238
222
220
208
366
238
126
169
83
211
204
213
284
125
239
234
272
311
246
263
189
222
186
180
37
194
205
341
195
460
310
235
146
322
138
312
175
147
209
282
282
368
62
322
259
264
225
332
202
223
206
304
245
301
500
224
256
187
256
190
185
179
184
461
183
263
194
357
305
249
111
107
272
331
354
222
266
137
274
331
182
188
196
198
191
177
166
160
183
162
165
185
172
108
134
86
302
500
368
359
209
115
364
301
387
275
268
243
248
245
220
226
200
224
13
30
30
175
227
261
236
248
262
239
275
300
278
250
236
250
197
218
215
241
193
292
29
11
26
52
247
402
262
265
270
215
246
256
237
222
320
354
269
276
288
338
253
75
50
90
294
300
364
295
322
307
279
437
368
402
391
320
346
336
318
310
254
81
18
321
279
289
305
298
232
203
32
211
134
183
169
170
170
168
166
163
167
168
164
163
161
204
165
165
162
170
162
157
25
155
168
172
147
192
79
187
178
169
164
147
174
153
153
163
160
139
161
153
166
177
180
159
169
170
152
159
158
155
161
135
138
151
173
72
155
133
144
163
13
12
170
167
152
154
149
158
144
147
153
128
138
143
147
139
152
144
157
140
146
144
138
132
140
147
156
144
145
146
143
169
152
140
132
134
131
143
135
33
130
138
166
186
177
157
168
202
191
182
127
71
154
152
149
151
141
145
115
118
76
13
188
426
210
189
223
176
158
178
162
162
147
162
151
207
183
214
208
166
143
170
205
189
178
173
241
198
187
43
33
15
12
210
199
174
279
314
261
264
209
225
210
317
250
304
222
212
218
250
361
193
140
154
161
150
205
191
133
133
145
190
162
245
141
70
138
46
137
185
11
12
197
259
384
192
188
267
183
241
250
207
188
196
267
252
211
222
66
18
165
176
207
119
207
176
173
159
170
169
181
160
158
151
160
163
140
134
156
148
162
153
158
187
221
228
195
249
98
170
13
188
185
222
189
171
136
138
165
12
189
144
316
226
223
176
183
153
182
148
121
115
117
129
136
137
124
26
24
174
170
168
157
144
137
121
134
121
141
117
130
145
118
137
121
120
87
136
188
178
129
138
140
126
137
132
144
147
180
156
169
100
110
166
159
154
163
158
140
36
135
225
218
214
267
98
186
296
113
163
176
184
154
163
245
212
171
187
169
174
70
13
122
176
81
204
238
259
278
141
124
167
309
224
179
228
201
377
191
145
139
199
19
149
21
37
13
146
247
443
332
230
222
208
176
241
181
177
162
282
228
184
185
141
143
143
147
145
125
126
124
131
128
17
9
14
45
269
242
141
197
159
136
159
175
150
152
150
136
152
128
143
151
142
121
135
128
129
131
145
133
162
139
176
127
125
124
139
127
133
119
123
142
158
164
211
239
322
233
181
21
179
262
30
267
500
220
500
500
500
296
322
215
190
178
251
207
229
205
220
163
197
145
158
203
166
199
165
169
166
159
202
212
241
176
263
223
293
490
107
128
142
282
348
403
500
217
500
108
65
28
