30
28
15
29
17
16
15
28
42
19
13
12
16
14
8
15
9
19
20
12
51
17
20
12
20
18
10
10
17
10
25
15
38
12
14
12
20
19
24
15
8
18
13
9
19
24
12
9
12
11
13
17
31
20
11
17
13
12
19
15
8
36
13
9
13
13
13
11
22
13
18
12
19
13
26
14
13
16
33
17
53
20
36
25
40
23
27
78
31
48
31
22
9
52
48
43
107
30
51
20
68
72
90
103
91
64
101
59
30
33
119
87
72
66
24
197
59
51
103
97
90
79
88
103
205
113
24
35
156
58
61
153
95
45
80
129
121
15
157
23
123
101
86
72
38
99
107
129
53
59
82
308
108
157
134
41
46
232
120
251
55
54
14
97
148
176
250
132
73
29
182
28
180
160
123
61
164
223
38
79
199
181
111
81
72
27
104
81
26
184
63
76
258
76
31
89
130
32
10
196
374
32
178
129
77
36
90
162
183
73
144
268
26
32
48
26
48
66
71
51
99
133
226
85
43
43
66
162
46
35
31
62
21
46
35
81
78
38
54
54
58
69
156
67
213
105
60
304
82
263
85
16
301
192
375
390
49
81
40
100
37
29
53
11
84
355
147
91
126
24
13
107
53
225
71
45
110
59
65
269
27
135
184
223
41
69
77
41
198
68
154
41
105
10
142
201
125
185
116
44
104
116
146
108
103
95
17
16
97
99
89
10
13
54
116
114
105
133
29
58
123
98
56
25
163
199
125
14
173
38
71
38
113
105
56
92
134
40
59
120
136
138
447
190
45
63
141
113
109
32
114
40
20
244
179
14
66
30
76
27
130
111
16
82
499
81
47
38
383
27
106
44
23
50
62
485
54
47
133
118
42
64
110
79
77
147
105
78
113
275
88
224
87
132
92
105
81
34
70
111
34
15
64
58
159
213
56
121
73
10
105
101
127
95
139
30
104
141
110
88
135
82
11
29
166
56
80
58
99
36
127
75
128
95
330
160
82
38
153
111
147
228
260
67
51
128
55
39
34
31
56
96
92
78
21
203
50
100
90
15
183
83
145
105
82
119
101
87
190
79
103
75
250
132
122
137
124
220
89
135
101
92
16
108
218
326
102
104
86
223
83
9
135
211
46
139
146
180
270
113
153
16
65
108
11
115
69
223
82
35
194
114
156
20
37
85
79
117
104
145
259
118
75
203
108
43
240
90
97
142
408
98
154
302
219
61
118
214
112
213
101
104
76
94
106
80
13
126
18
357
174
102
134
103
116
137
95
143
119
153
101
54
122
115
118
242
67
155
73
116
102
121
41
172
110
111
112
115
12
108
97
20
95
23
208
85
106
119
99
97
119
89
46
106
104
95
108
90
174
146
115
98
117
120
93
93
119
97
111
113
150
170
42
22
120
199
99
118
108
109
32
137
49
99
101
147
9
246
83
49
116
101
178
99
29
256
104
118
171
184
270
87
111
94
115
90
96
130
121
309
145
99
96
90
499
138
97
99
196
239
104
100
56
91
12
119
70
111
96
188
107
220
109
77
101
127
111
145
148
113
94
110
47
238
203
114
95
112
110
148
90
101
91
102
114
92
126
100
97
120
149
98
237
87
116
39
191
99
99
88
103
120
117
115
44
115
114
113
107
94
40
118
127
188
142
11
202
89
124
131
108
104
97
96
150
157
228
150
149
118
96
100
49
132
98
226
27
185
45
113
113
143
118
199
106
108
110
87
201
105
119
107
95
102
107
38
155
238
114
148
114
15
67
103
100
103
231
252
102
106
89
148
287
118
83
92
238
121
92
125
111
87
192
92
95
97
255
96
88
187
254
122
104
170
103
91
67
101
189
218
91
102
191
209
109
134
254
223
103
78
92
128
142
116
121
168
118
102
98
82
287
93
93
169
129
87
111
113
85
109
279
200
100
315
110
98
139
98
106
39
117
147
234
138
110
154
149
125
103
107
358
132
114
129
107
75
113
31
100
96
119
191
238
106
282
100
135
167
142
103
113
143
50
151
148
136
248
15
96
136
159
120
99
113
106
159
122
99
109
126
101
117
94
134
74
84
138
52
92
97
107
200
108
120
276
68
120
119
268
111
116
104
299
94
150
169
123
151
149
165
43
113
109
103
136
52
152
330
107
105
72
107
107
115
320
98
165
183
113
106
110
221
98
100
105
121
115
104
97
111
96
151
113
111
122
106
167
196
185
118
150
109
107
236
201
109
82
103
108
121
92
97
147
107
150
199
296
116
107
112
131
110
97
121
90
104
87
106
96
125
