26
11
13
20
18
17
33
14
35
34
25
29
23
21
20
13
25
69
30
16
12
18
15
28
18
14
13
27
28
13
15
18
18
24
24
17
18
21
14
16
17
12
23
12
17
16
32
20
9
19
12
13
14
12
20
12
12
17
20
22
16
28
16
17
14
17
14
25
21
15
16
13
12
28
10
13
14
12
13
22
15
14
14
37
16
17
11
19
10
26
19
14
10
14
12
16
9
11
12
18
11
20
17
21
13
16
20
13
13
9
11
14
10
10
10
10
18
17
18
11
17
14
12
11
11
14
18
15
13
9
12
10
11
16
10
12
15
12
10
13
11
12
9
10
17
10
12
14
14
8
11
11
10
13
18
12
13
10
16
15
13
9
10
9
12
12
10
11
10
10
14
10
10
10
14
12
21
11
10
11
12
10
16
9
18
23
14
10
13
13
16
9
25
11
10
10
12
11
12
15
11
9
17
12
10
15
13
10
11
13
9
10
9
10
13
11
15
10
24
10
8
9
13
14
14
11
12
15
11
21
18
12
9
10
12
10
12
9
10
13
10
12
12
20
9
11
12
9
9
11
11
14
10
12
17
12
9
12
16
13
11
10
13
9
16
16
9
12
14
10
9
11
8
17
12
8
9
12
10
13
11
12
11
12
12
14
9
13
10
10
9
12
10
10
10
12
8
9
12
14
10
10
12
9
11
11
15
10
10
11
9
11
9
10
11
11
10
10
8
9
10
22
9
9
11
12
29
8
10
13
9
19
9
9
13
10
33
19
12
10
12
11
28
41
21
20
59
10
9
15
40
12
21
10
35
10
28
21
10
18
16
25
21
17
23
12
17
25
24
9
10
37
11
17
20
20
16
11
9
15
29
12
12
26
12
14
12
20
22
16
12
15
27
19
10
12
13
17
18
26
24
29
12
38
38
18
15
14
15
22
12
27
12
12
19
10
32
20
18
56
10
13
43
22
22
32
12
28
55
33
30
18
25
20
19
35
13
19
68
23
11
10
25
30
20
10
54
35
21
21
12
19
32
24
14
27
51
50
47
14
16
23
90
21
18
48
13
31
48
20
60
33
19
44
36
14
29
37
13
15
30
36
25
28
12
45
17
20
26
25
11
18
15
31
28
31
32
40
80
36
49
28
27
28
40
43
35
39
45
46
43
39
44
48
64
85
32
80
67
67
68
12
68
92
105
83
24
12
13
14
10
12
10
12
9
10
10
11
12
10
12
9
11
12
14
11
9
12
11
12
10
9
14
11
12
10
11
10
11
12
13
9
14
11
12
10
11
11
11
13
10
12
10
9
12
11
17
10
11
11
10
11
12
11
10
10
11
9
11
9
11
11
10
13
11
11
13
11
12
9
14
11
10
20
13
10
11
10
55
10
12
12
10
12
15
26
11
11
15
11
29
58
10
14
8
18
20
11
29
19
11
11
82
12
9
11
107
10
28
9
11
62
16
11
14
12
11
14
11
12
10
11
15
67
11
12
16
17
70
80
24
13
24
16
11
11
10
11
12
15
9
12
12
9
22
14
16
12
11
11
12
9
15
13
17
10
12
13
13
16
18
12
14
13
12
52
12
13
13
17
15
11
62
20
66
12
11
13
14
13
10
10
13
11
14
14
14
10
62
14
9
10
20
17
10
20
13
13
10
74
12
11
11
9
12
58
19
16
15
10
17
15
82
18
21
20
12
13
12
148
12
24
12
11
14
10
22
24
22
20
24
14
26
13
9
33
21
23
28
24
16
18
38
32
11
23
14
11
28
18
29
12
10
15
12
20
16
14
20
22
14
18
13
13
12
20
10
18
26
26
31
14
10
21
17
33
10
21
10
10
19
12
10
10
10
22
16
22
12
66
23
26
12
10
22
10
11
10
34
10
21
23
15
16
11
13
27
24
20
15
17
10
10
19
23
20
9
17
14
21
41
19
23
22
11
20
21
17
15
15
20
11
12
12
12
10
10
13
16
18
17
27
11
28
39
14
14
27
25
17
18
26
10
26
12
22
16
16
15
14
14
27
11
19
22
16
33
27
19
11
10
25
13
29
47
18
60
43
44
20
15
25
17
26
12
17
98
35
19
20
38
27
16
29
13
19
15
16
18
33
28
19
33
21
16
22
33
15
42
13
9
35
29
13
22
67
20
16
20
18
42
25
33
16
14
13
13
16
28
14
25
10
24
51
15
19
15
13
15
10
27
27
35
25
21
28
13
14
20
11
28
16
16
11
19
40
12
56
21
30
26
28
13
23
68
14
29
20
54
11
