28
15
13
19
22
24
20
16
12
42
19
14
11
16
25
16
12
17
13
49
27
12
17
14
15
16
31
28
20
11
17
14
40
11
15
17
13
14
12
27
25
10
20
11
27
13
19
15
17
33
15
18
19
22
23
24
20
21
27
23
29
34
49
13
49
14
49
28
69
46
22
25
53
45
49
34
22
27
32
38
31
31
65
68
33
25
12
15
50
24
39
50
46
16
31
46
53
24
17
50
61
19
37
63
35
49
44
23
18
42
34
57
57
68
61
70
42
20
33
64
134
82
58
78
105
54
18
65
71
134
88
48
58
137
82
88
47
101
106
180
135
114
39
80
98
24
179
145
134
167
164
47
23
148
259
71
94
168
59
111
157
177
139
224
190
216
38
74
62
125
238
217
265
222
139
199
47
178
302
35
221
81
205
225
166
31
188
70
202
197
181
213
15
215
199
79
271
191
198
298
61
264
63
190
49
177
145
228
294
221
203
190
259
240
217
222
301
184
197
242
43
262
189
205
266
231
223
283
121
67
182
250
201
186
212
265
301
220
227
358
197
257
255
481
230
247
294
338
156
272
49
306
227
260
215
216
260
369
335
326
344
341
188
258
11
208
252
300
66
261
250
16
97
233
313
197
182
315
279
128
274
275
123
284
384
155
302
251
215
413
191
408
226
200
291
239
285
239
324
183
265
240
322
234
474
218
197
196
213
184
218
412
214
238
192
216
224
212
200
200
235
231
85
203
245
174
217
150
172
253
158
212
220
203
187
190
243
149
177
208
177
225
497
417
270
178
171
200
277
200
232
145
193
224
211
259
31
264
275
221
188
196
225
101
202
200
197
183
215
245
105
194
215
252
189
64
108
192
142
268
178
358
19
195
218
215
198
290
318
402
186
123
121
269
233
221
174
228
202
224
264
337
197
123
125
233
196
190
226
202
215
206
198
312
214
244
203
169
241
244
212
202
192
194
233
184
214
207
231
227
210
225
254
229
222
211
227
216
185
194
199
193
205
186
200
196
205
173
140
183
182
17
74
45
163
125
143
203
181
174
161
172
132
159
175
170
130
144
144
184
138
273
139
148
164
180
136
151
150
190
146
194
137
228
161
190
194
172
151
181
155
89
192
188
215
218
180
170
180
169
167
188
181
161
175
170
193
171
145
171
185
204
145
149
167
171
182
143
190
158
229
279
204
292
184
151
156
224
292
232
201
37
172
177
204
227
160
215
186
370
201
198
194
167
384
172
262
174
217
143
207
242
249
227
201
221
189
311
166
159
175
315
272
195
186
204
238
347
223
245
246
184
310
209
133
208
175
163
177
275
219
260
239
196
154
212
52
192
349
81
217
193
174
35
99
196
162
294
286
471
181
299
358
395
237
175
224
188
252
245
304
220
207
257
426
216
283
264
170
176
365
93
131
201
237
189
255
186
216
210
235
201
289
199
234
264
257
343
187
244
184
246
241
275
226
296
271
377
192
246
243
493
232
90
143
200
256
249
218
257
361
153
381
93
151
56
500
344
58
257
199
223
278
412
193
348
235
281
239
321
202
236
244
253
262
227
338
331
312
309
304
210
223
192
298
304
306
228
257
276
269
218
265
500
370
387
344
145
292
306
281
222
246
61
199
188
262
205
204
243
272
255
255
192
386
207
266
363
250
500
236
147
162
286
222
255
228
155
219
176
208
206
191
173
31
47
44
150
56
124
120
141
136
132
154
181
160
150
137
167
190
154
139
164
147
166
158
153
192
150
215
227
165
260
196
318
249
261
267
169
151
180
243
205
251
175
264
306
160
216
124
172
227
329
176
337
300
368
241
191
331
215
358
196
167
390
396
270
405
185
188
270
255
223
185
275
213
229
385
221
342
259
329
243
347
295
346
259
274
293
227
215
280
198
301
221
208
355
247
212
260
176
234
193
225
200
243
247
254
95
187
175
43
108
170
322
341
280
324
234
500
240
295
190
500
170
199
215
234
231
241
295
221
500
422
282
212
251
212
217
296
248
170
209
390
158
162
386
480
226
296
414
289
211
262
88
454
438
184
302
336
325
222
302
260
353
168
145
203
214
216
300
239
215
175
209
308
258
214
167
145
202
246
283
232
154
286
176
359
130
127
184
179
236
247
160
190
254
182
192
144
247
212
223
300
172
175
270
174
289
226
301
212
188
187
428
292
318
213
186
194
190
392
213
167
236
174
202
185
192
178
181
261
245
194
187
311
264
215
283
193
148
144
161
190
225
210
198
260
211
237
242
297
176
175
191
203
270
186
262
