20
10
33
17
17
19
17
11
30
9
15
11
21
16
15
22
9
16
15
10
14
45
8
12
15
23
12
15
20
25
16
17
14
9
16
25
16
30
9
13
13
32
13
17
10
12
11
28
11
12
18
12
15
25
22
21
15
14
20
20
32
12
13
19
18
14
37
62
40
21
36
29
50
19
12
30
118
28
10
15
36
24
57
20
53
85
23
29
43
35
21
21
19
29
23
71
77
32
61
35
31
42
89
22
13
30
61
14
21
25
45
60
48
60
61
45
51
59
24
86
29
68
19
60
106
108
61
69
13
69
112
62
21
91
117
61
34
75
176
106
96
165
168
119
145
101
243
210
190
30
180
28
126
245
78
91
32
51
273
98
33
324
31
422
304
183
202
210
231
314
25
109
238
255
327
254
113
83
193
100
129
249
419
260
65
53
499
344
342
397
183
210
248
45
272
321
166
127
263
195
221
283
288
399
418
261
357
236
214
245
255
249
182
359
39
246
162
287
113
338
226
164
433
499
41
227
251
174
317
298
249
259
304
225
341
68
256
331
253
234
324
108
309
250
255
446
243
289
229
395
262
31
351
242
337
282
301
280
282
262
300
243
260
312
371
255
261
175
442
301
298
357
256
302
456
261
274
264
271
236
318
206
230
247
499
380
243
273
246
261
269
383
264
328
162
347
345
158
284
351
391
168
231
265
324
319
38
255
241
274
274
325
360
294
370
236
402
337
278
297
239
499
435
322
249
324
305
454
276
46
326
273
178
252
115
211
211
240
427
281
195
240
233
298
340
238
295
257
228
256
126
292
238
249
216
222
243
262
214
288
84
221
322
247
199
315
255
186
276
337
282
240
350
399
233
209
470
499
385
213
331
284
256
253
394
253
116
266
101
355
362
224
380
379
224
433
259
214
306
274
199
48
369
357
371
243
240
197
189
335
14
34
354
281
226
256
82
62
22
44
199
196
216
193
32
199
25
177
36
183
357
63
167
255
280
230
257
178
39
68
262
250
274
251
88
259
255
243
191
194
288
265
218
267
241
243
252
425
320
324
73
459
186
232
70
188
267
204
311
295
245
363
463
274
135
27
95
28
92
219
51
238
82
84
426
283
320
293
105
224
245
173
215
150
242
283
321
240
233
184
290
212
286
361
133
249
222
253
126
202
83
63
403
201
282
69
311
254
174
499
220
228
242
230
289
384
225
346
271
238
282
222
316
239
151
317
329
239
399
447
197
223
35
288
207
247
281
237
238
323
247
238
343
253
238
34
189
372
316
216
283
161
275
235
280
192
244
260
205
150
288
333
194
195
389
265
188
194
442
241
24
175
65
182
199
412
326
194
499
193
192
28
330
232
395
192
167
178
172
399
227
190
125
229
317
23
112
459
366
233
98
171
74
284
346
210
311
326
146
199
133
240
216
251
212
200
186
138
54
167
225
150
348
255
167
226
223
191
227
358
237
60
164
212
346
153
204
249
147
186
91
197
181
264
217
391
224
176
181
160
131
160
238
180
279
100
160
190
298
128
200
122
182
349
132
132
364
322
206
204
216
240
214
203
282
177
168
284
91
198
159
188
172
181
189
261
234
205
214
159
243
114
175
242
199
193
172
307
131
330
107
119
184
153
227
153
178
290
199
246
142
165
238
220
144
419
328
187
152
128
210
283
450
216
287
321
326
206
118
150
167
205
156
357
131
173
215
295
473
499
475
212
141
139
158
335
157
243
321
166
259
207
149
266
359
206
259
249
402
172
288
353
376
314
63
238
90
32
120
236
310
265
301
499
162
284
406
122
347
160
343
371
167
187
290
151
359
252
197
221
270
263
79
182
166
303
139
297
328
143
499
224
441
348
336
371
196
421
227
452
391
178
148
183
302
429
294
251
181
162
312
499
154
211
463
377
266
204
499
218
153
85
125
399
406
311
145
499
288
128
322
351
167
226
28
112
151
139
173
201
175
224
447
273
293
157
216
286
440
239
209
233
147
334
220
207
290
97
187
135
499
168
214
352
170
82
456
258
192
396
226
162
262
198
232
180
499
134
327
163
283
296
317
318
209
267
443
197
241
406
325
499
157
499
203
153
176
137
151
211
203
417
189
323
224
66
118
303
215
129
97
148
142
104
318
336
119
28
297
224
242
465
134
215
132
110
241
124
177
160
137
357
190
155
217
480
133
266
303
167
367
25
499
183
171
115
130
33
147
294
192
172
199
112
262
110
132
264
88
113
256
162
223
127
119
372
212
186
240
86
198
330
295
217
187
206
211
190
312
244
