28
16
26
12
26
16
20
17
20
16
19
14
25
16
28
16
50
23
13
39
12
10
20
23
33
23
23
12
13
23
33
15
13
16
21
22
28
17
16
18
12
22
17
13
15
45
13
10
17
20
15
23
12
18
26
10
19
16
16
13
10
17
15
12
12
17
11
16
16
15
20
14
16
43
12
21
29
71
65
35
41
18
24
57
29
15
66
55
53
18
28
85
38
15
55
37
49
28
37
36
22
13
35
72
95
25
21
15
69
52
44
31
73
76
81
174
92
36
90
25
82
118
25
94
91
72
40
111
88
108
80
41
75
63
182
207
63
36
102
131
28
134
130
195
140
180
86
187
137
170
206
26
186
184
179
92
79
130
47
194
258
169
113
172
40
104
108
178
92
272
103
101
113
219
157
88
262
184
298
184
225
79
235
108
181
205
178
271
244
103
199
57
155
162
220
218
187
154
141
341
198
249
445
445
332
95
465
28
220
391
227
259
246
192
169
239
39
226
240
288
22
237
222
101
407
125
254
227
153
292
221
218
332
179
284
255
23
234
209
367
224
186
177
199
320
228
174
265
199
247
235
203
233
293
361
275
203
344
225
352
311
168
302
197
171
15
157
194
310
247
29
216
251
40
88
299
247
413
256
191
348
197
184
325
282
235
197
284
338
218
208
218
192
181
209
433
273
187
277
340
269
241
220
274
213
23
452
275
197
206
271
189
248
228
202
236
235
413
313
236
198
260
188
423
269
483
470
206
500
195
323
305
210
250
178
245
158
215
280
142
214
274
196
182
352
219
184
357
376
193
262
205
235
209
212
375
190
500
371
388
184
182
127
190
266
195
274
195
213
180
223
361
181
234
312
287
204
447
234
399
230
239
382
500
476
253
215
314
257
198
189
243
238
254
310
202
179
206
190
341
308
213
500
229
232
321
250
216
341
331
283
428
242
247
334
220
284
290
208
285
305
258
17
237
204
224
269
217
322
229
198
203
233
199
425
264
282
415
206
241
401
201
189
279
223
400
410
208
449
241
241
221
247
217
226
349
174
240
181
237
219
262
500
197
410
245
458
247
265
232
318
187
236
276
355
258
278
228
247
266
208
324
232
226
319
216
200
236
316
215
373
256
259
224
454
260
207
227
281
240
236
236
196
332
500
246
341
225
226
270
271
195
310
234
300
259
255
230
315
408
188
227
241
219
206
209
308
294
327
251
263
237
203
284
251
241
264
500
215
220
335
268
187
235
197
242
500
500
238
316
183
394
500
248
247
223
353
207
289
315
294
196
242
229
238
472
216
287
206
189
258
261
262
256
288
471
326
202
263
233
191
217
242
317
211
404
249
225
390
278
233
409
448
204
193
200
281
297
202
191
250
210
240
290
397
306
217
216
249
320
223
231
242
261
245
323
372
218
274
431
500
286
173
286
292
205
325
247
381
242
169
256
390
434
212
252
191
500
356
500
318
336
331
470
290
209
135
293
68
174
264
153
224
210
214
196
246
275
290
345
307
198
290
327
111
342
230
249
175
327
235
500
275
192
275
197
245
184
169
135
330
216
397
231
219
214
106
212
147
263
388
355
94
150
301
180
199
205
216
233
170
102
327
171
252
74
262
190
162
173
156
141
82
117
99
223
93
183
256
207
130
142
137
112
103
191
181
280
39
125
115
46
113
205
285
125
159
107
120
177
129
152
220
240
274
199
291
107
243
124
159
171
158
79
225
46
304
166
111
158
133
132
107
430
32
217
134
169
170
128
246
170
240
240
160
55
249
186
192
141
85
142
47
100
123
121
113
153
124
149
93
77
232
74
35
113
130
152
189
106
180
125
202
179
155
198
128
83
148
160
226
96
125
140
114
172
136
141
130
156
155
141
108
207
94
88
139
276
38
267
147
153
238
53
53
119
136
138
148
49
57
102
142
136
180
132
146
138
241
365
138
180
166
29
127
133
198
143
125
102
148
294
126
181
262
185
142
148
141
122
206
178
146
132
26
54
154
168
323
181
119
117
196
148
146
134
117
126
146
153
153
186
159
228
132
112
134
171
169
168
186
130
176
234
129
143
189
145
144
141
146
124
144
155
182
202
170
135
146
76
149
116
320
193
195
168
103
153
391
188
212
134
113
152
95
106
156
175
171
139
156
136
261
145
157
221
192
107
121
135
250
119
158
194
162
164
159
113
146
133
118
161
193
176
148
120
132
53
168
155
296
190
193
127
262
142
122
128
222
198
140
188
150
157
130
76
173
185
187
106
148
131
317
21
161
121
114
218
232
204
