34
11
39
19
58
15
12
35
35
15
14
24
46
20
28
11
19
14
15
16
28
14
14
18
17
11
17
17
17
14
12
11
9
13
11
11
14
16
26
25
11
12
20
20
15
12
8
15
24
18
17
22
61
12
16
16
12
17
13
11
23
14
16
16
16
13
22
12
16
14
14
12
9
18
33
19
25
13
10
14
15
12
12
16
12
15
13
12
16
16
9
12
12
11
11
11
23
16
12
11
13
16
18
10
24
17
12
12
14
10
9
21
13
12
20
14
10
14
13
15
11
11
12
15
9
16
9
12
12
42
15
18
11
10
12
9
11
11
18
12
12
13
26
12
18
12
12
14
28
9
22
10
17
11
10
9
11
10
12
17
9
17
10
10
10
9
15
27
14
10
12
8
14
16
10
10
10
9
10
11
15
11
15
13
14
9
17
12
10
12
18
25
14
12
10
11
13
9
17
9
13
15
8
9
10
16
10
16
10
9
10
19
13
10
14
11
15
15
8
10
11
10
9
11
8
12
11
13
17
9
15
15
11
9
11
11
11
19
10
16
30
9
24
21
30
10
27
9
24
18
12
28
18
9
17
9
25
25
45
39
25
15
38
13
11
18
23
15
93
35
20
51
37
49
93
36
33
62
29
32
52
52
37
46
99
55
99
105
62
79
117
86
24
79
65
45
50
96
35
23
25
47
19
9
72
81
18
12
25
42
40
39
35
65
86
70
12
67
71
22
33
69
9
50
11
15
91
32
24
10
11
52
23
66
23
13
65
38
68
35
54
60
24
44
24
46
84
21
35
29
22
69
20
29
25
30
77
44
95
44
32
20
73
35
11
60
81
90
93
65
92
17
34
46
31
31
21
40
38
27
30
40
62
31
70
75
16
69
30
66
13
18
106
16
71
33
54
36
99
10
55
84
87
23
84
29
24
12
23
35
47
147
44
20
44
51
41
75
54
53
67
23
52
40
71
68
64
17
45
27
22
81
34
36
16
30
19
23
36
43
46
10
23
19
17
27
52
12
46
44
42
38
37
36
48
66
67
25
16
17
19
10
20
27
43
11
17
11
11
54
44
18
28
13
36
16
20
12
37
23
100
73
52
19
32
21
30
27
41
73
37
16
88
40
11
21
73
9
46
33
23
16
51
10
10
33
23
13
46
13
49
30
18
24
93
25
146
61
52
75
28
41
32
45
18
31
23
46
22
28
60
17
36
43
33
23
14
27
36
53
31
39
29
11
26
57
24
25
40
52
21
32
11
22
11
26
61
43
20
46
31
31
48
50
63
24
24
16
23
52
62
46
24
46
39
11
43
38
59
20
18
28
38
30
16
37
33
33
48
43
46
49
34
23
10
50
23
78
30
12
34
31
10
18
19
9
42
21
40
41
17
24
21
13
35
29
52
43
43
10
40
35
39
79
20
53
11
10
27
25
12
41
46
14
57
35
23
35
42
42
52
36
82
24
25
58
38
39
47
36
41
20
13
27
26
36
63
96
63
25
25
44
44
30
30
30
62
56
54
117
36
46
8
23
29
10
16
14
29
13
57
9
43
58
10
10
10
11
9
13
18
36
9
17
11
13
11
22
9
81
8
20
9
15
9
15
9
9
10
37
13
24
15
9
28
30
17
9
10
9
9
15
10
24
14
9
11
13
38
9
19
17
24
9
19
26
10
11
10
13
22
12
9
9
29
9
13
55
10
16
29
10
13
20
37
11
18
12
15
9
11
22
11
9
9
15
23
16
9
8
45
9
35
11
40
37
22
9
31
33
17
55
45
13
33
25
20
22
42
21
16
15
38
16
25
21
11
26
17
20
9
35
60
11
10
12
31
9
9
29
14
30
30
9
9
9
35
58
34
13
41
35
12
11
37
10
10
10
10
10
13
27
22
18
11
19
13
10
10
14
13
9
40
9
49
8
10
19
8
13
9
26
39
19
11
18
17
21
11
10
17
10
34
9
8
10
18
12
14
11
11
9
12
25
10
9
9
10
14
14
22
8
8
9
45
9
10
24
26
31
9
8
10
25
20
26
34
15
33
13
36
18
41
24
35
18
10
41
14
49
16
13
38
9
30
23
9
12
29
20
21
16
21
56
22
11
16
30
28
9
21
15
14
33
13
18
14
26
16
11
21
11
28
13
25
10
17
22
21
14
25
33
10
8
23
21
12
25
45
13
16
27
13
19
22
26
17
27
24
81
16
26
10
36
12
45
10
13
27
10
10
23
52
30
17
17
15
22
16
17
58
18
51
27
10
9
10
37
9
14
