36
12
51
24
20
14
10
11
19
10
17
13
16
39
20
12
9
27
17
17
15
36
14
24
14
13
29
11
11
21
13
54
17
12
25
61
11
15
10
12
11
20
10
16
11
15
17
22
15
13
9
23
10
17
16
11
17
16
11
12
11
15
12
11
13
7
12
13
8
17
9
16
10
27
14
30
19
17
16
52
65
84
28
10
19
57
23
29
62
10
147
18
40
41
22
23
43
23
33
65
31
33
41
111
10
34
42
12
54
94
28
64
42
44
35
26
42
54
43
45
40
51
41
48
119
10
76
23
74
41
19
73
84
68
26
46
13
78
32
38
87
93
91
24
71
222
61
122
199
36
86
140
173
11
167
140
99
75
82
65
210
42
153
32
209
164
140
94
159
68
203
133
247
223
206
188
164
134
186
59
186
144
221
171
191
220
198
35
223
197
94
224
170
103
185
209
260
143
202
164
186
203
225
253
188
201
226
361
207
139
176
184
189
200
274
256
192
172
194
148
202
190
171
237
192
195
251
235
233
119
123
184
293
218
46
209
151
167
170
171
175
205
197
183
188
203
79
200
200
237
213
308
173
14
270
239
180
150
188
202
72
186
172
152
239
176
235
187
208
164
166
44
198
155
34
12
231
197
216
88
42
179
155
194
222
185
210
177
179
197
196
188
221
186
238
14
189
186
234
172
173
196
164
211
197
219
189
224
197
199
188
197
189
38
195
280
210
206
163
194
187
185
171
185
174
215
195
182
196
193
196
193
218
214
187
203
199
190
215
228
207
159
184
225
228
203
221
12
206
202
73
206
187
181
211
182
19
364
231
212
193
178
174
218
190
194
232
202
182
191
186
218
132
185
131
231
179
223
177
293
200
194
199
206
201
215
208
194
198
202
184
192
196
210
164
191
207
226
202
222
192
216
236
192
263
186
194
32
187
82
192
146
223
96
236
229
188
207
210
215
200
200
206
76
188
197
183
207
180
230
226
211
236
190
331
241
165
218
194
232
148
255
194
311
200
235
174
209
201
288
261
45
238
238
328
183
179
201
143
294
186
221
179
241
174
499
199
184
219
172
224
294
170
211
239
165
162
200
182
160
180
221
160
221
178
187
164
206
203
292
269
215
219
257
247
158
191
248
192
177
359
204
190
233
153
173
194
187
184
191
181
204
206
175
183
219
75
169
196
193
25
143
98
155
241
204
302
223
173
208
188
279
198
165
198
183
204
193
263
203
175
230
59
212
207
231
85
174
192
286
55
204
189
59
177
142
159
96
226
199
204
165
173
47
200
199
176
159
246
168
219
162
173
185
192
186
180
233
186
169
212
325
199
205
170
157
212
196
218
258
141
166
152
225
179
182
149
51
203
230
163
210
187
157
202
185
207
165
193
159
168
211
192
181
247
173
215
83
253
220
197
194
148
209
174
189
177
133
247
158
198
179
266
132
184
153
201
271
176
186
145
151
157
157
223
261
145
195
151
206
149
18
195
137
360
182
191
228
203
180
205
170
193
161
204
182
161
200
165
190
226
179
180
186
235
219
232
180
151
163
229
224
317
134
269
143
169
125
190
44
165
192
29
163
308
148
149
199
144
161
162
193
173
146
210
189
168
67
159
195
167
206
179
166
147
157
154
171
136
279
129
279
129
121
178
178
143
139
154
139
154
138
132
203
159
174
172
148
157
269
141
135
192
138
159
156
121
153
158
138
171
155
113
186
197
144
141
229
148
142
194
144
199
143
203
139
197
156
146
138
167
180
355
131
127
89
143
159
160
151
139
160
214
182
170
326
182
186
137
123
142
162
125
120
409
161
295
418
202
176
197
135
121
161
220
198
186
148
181
149
293
486
138
158
121
131
204
176
180
144
167
70
149
174
133
127
195
466
79
126
120
128
301
158
174
241
499
196
147
151
252
157
170
8
152
117
155
145
499
161
155
166
69
104
119
189
203
158
162
201
499
148
132
165
137
115
191
212
136
149
155
239
128
133
147
187
37
144
139
75
177
157
174
164
185
160
145
131
197
161
148
175
194
220
137
268
240
135
133
223
157
184
226
145
107
304
113
180
136
146
207
131
142
211
178
146
108
136
157
123
499
139
159
437
188
227
138
137
106
141
172
131
126
145
98
132
135
129
122
201
141
150
183
128
150
148
134
154
207
130
132
133
144
137
111
140
155
77
171
114
109
163
137
161
185
141
162
120
107
168
133
154
167
190
128
429
121
109
242
147
154
215
499
87
138
126
154
243
79
147
137
195
140
89
150
128
499
160
139
201
