40
21
18
19
14
59
26
25
45
28
18
27
11
27
19
26
38
21
18
22
25
22
12
18
61
14
21
13
12
20
32
10
28
25
18
37
14
13
23
15
22
13
15
18
15
21
19
25
12
9
14
14
10
18
9
10
15
12
10
31
9
36
21
17
14
35
23
27
16
24
14
13
14
20
12
23
13
12
9
37
23
12
38
16
12
14
10
11
9
30
12
15
11
13
61
18
19
11
31
12
11
10
20
10
15
11
16
13
12
9
11
22
28
22
17
12
12
18
18
10
15
28
23
40
13
16
37
22
33
32
26
31
26
26
30
21
11
25
41
23
37
28
15
15
50
28
25
27
24
24
30
18
30
30
22
24
26
59
23
16
31
19
28
39
27
20
35
27
14
38
19
23
25
26
30
24
22
33
16
32
23
35
24
27
30
21
56
32
31
21
21
22
20
19
16
19
22
22
24
22
16
24
23
17
25
20
21
24
35
20
18
13
28
21
15
29
30
16
22
26
14
43
26
22
16
16
18
29
20
22
32
32
14
19
13
33
30
27
20
18
28
20
22
35
17
13
30
20
14
21
30
27
16
22
24
23
26
13
30
20
37
15
46
13
40
28
28
34
14
41
53
15
25
33
15
17
42
32
15
15
46
17
15
40
17
45
32
22
44
31
19
44
55
14
28
50
25
13
22
36
36
12
13
65
17
15
19
45
50
16
44
59
18
23
63
22
60
29
13
17
68
27
16
20
68
37
17
20
110
21
57
45
12
14
47
23
51
44
34
12
12
12
10
11
13
14
11
8
12
10
11
12
9
9
23
10
9
13
9
12
12
10
9
10
10
11
9
8
12
11
10
10
10
13
8
8
12
9
12
8
9
9
10
8
10
10
10
10
11
10
12
11
10
10
10
11
26
17
8
9
13
12
8
8
9
11
10
10
9
30
14
13
8
10
11
10
11
9
11
9
9
9
10
9
8
10
27
10
11
10
9
10
11
10
11
10
10
9
11
11
10
9
9
9
8
10
8
8
9
14
10
9
10
10
9
9
9
9
9
9
8
11
10
10
10
9
9
12
9
10
10
10
12
10
10
10
9
9
8
12
11
9
10
9
10
9
14
9
11
9
11
11
9
10
9
10
9
10
8
25
30
8
46
22
29
11
23
28
38
30
32
23
27
22
22
20
24
22
23
22
21
19
29
23
21
23
27
21
25
26
22
23
19
24
27
24
25
19
21
21
22
27
20
23
22
19
20
20
24
24
17
21
25
22
24
31
26
29
24
23
29
28
26
33
22
27
27
25
30
25
27
31
35
32
32
31
29
21
27
24
28
40
35
35
23
26
30
25
28
36
27
22
34
29
29
38
36
23
23
30
32
25
42
45
44
59
45
37
38
42
53
43
56
29
12
21
17
13
26
30
39
52
45
11
12
14
26
27
42
14
16
12
41
24
20
17
11
19
10
12
12
86
13
9
55
12
9
12
38
9
54
10
10
10
11
58
10
88
35
47
15
81
14
42
43
42
18
11
11
47
9
36
11
16
16
25
23
25
31
23
11
50
12
13
16
12
14
14
11
16
12
15
14
14
11
78
11
9
14
29
11
24
10
22
33
68
12
15
10
15
14
12
24
75
22
10
10
20
10
74
13
75
45
81
13
70
87
43
10
40
22
17
30
25
20
11
19
23
28
46
29
26
21
22
16
10
29
21
14
11
15
20
12
13
14
12
34
20
24
22
21
30
65
18
29
22
27
24
26
21
13
16
16
13
28
22
23
22
28
26
25
22
48
11
12
28
21
46
13
25
15
13
35
16
89
18
30
21
19
14
11
25
25
17
27
11
12
12
14
32
28
70
11
15
15
11
14
12
29
14
27
27
29
174
17
10
25
72
9
16
32
10
17
145
8
28
23
22
22
27
27
17
24
14
11
54
50
27
12
11
14
21
10
19
25
192
22
10
26
42
120
52
65
71
25
35
53
31
64
31
44
48
20
40
32
33
47
33
76
83
28
27
25
46
25
25
72
104
54
21
56
57
26
23
25
32
40
25
80
72
18
95
55
86
27
33
54
13
37
14
57
69
31
20
20
41
97
11
15
61
64
56
28
29
60
81
65
54
33
77
93
71
35
19
43
113
8
18
24
38
32
15
29
68
72
98
11
25
34
72
21
19
12
103
50
50
58
32
50
32
18
60
30
69
22
32
127
20
55
84
18
31
26
46
32
20
34
11
51
37
72
72
15
59
19
67
58
29
37
18
21
44
54
38
33
37
14
36
41
19
