25
12
57
22
38
16
13
13
17
47
29
9
36
16
35
18
12
16
10
16
26
20
24
19
11
11
15
19
19
17
13
14
15
13
28
11
19
12
17
19
42
12
22
17
19
17
11
11
17
87
25
40
55
65
52
19
12
12
31
128
54
77
45
17
117
60
10
51
15
17
45
21
50
22
37
40
17
33
81
74
32
84
14
29
71
39
26
86
43
79
20
112
127
75
10
64
46
112
33
41
128
31
66
63
66
130
125
44
21
85
87
121
38
129
32
99
100
45
148
17
204
146
67
86
19
100
107
69
56
23
123
53
77
81
88
138
206
156
152
197
175
197
113
19
101
39
188
184
156
170
89
30
74
112
259
55
237
126
282
132
222
171
182
52
244
106
16
176
186
183
236
136
371
272
341
113
196
214
349
350
122
228
134
261
312
260
130
214
189
248
284
290
263
262
206
209
18
189
234
275
67
198
252
218
97
211
178
214
174
125
325
249
69
220
284
177
131
237
205
253
370
217
148
110
219
196
258
240
239
216
163
267
213
249
300
246
224
284
220
270
258
241
244
34
247
253
211
216
210
179
195
219
200
231
236
189
209
352
172
211
292
175
177
134
196
460
214
202
225
276
232
272
191
202
160
112
296
147
218
114
262
239
161
165
311
213
155
209
239
172
224
225
77
181
248
166
326
214
152
191
200
280
245
233
202
200
155
225
159
162
147
180
105
215
173
212
121
160
139
185
193
247
225
132
232
94
276
260
148
220
89
183
180
241
283
255
189
266
251
226
197
163
184
214
173
291
242
222
303
232
157
179
188
175
183
190
178
252
210
194
220
207
231
190
178
277
222
248
164
201
190
189
204
250
209
289
221
344
181
167
195
262
210
242
333
230
308
188
214
201
230
202
262
206
229
164
240
326
165
220
207
213
350
156
229
138
293
186
188
164
211
148
241
149
144
139
225
284
245
279
218
244
310
256
205
384
284
385
434
198
221
182
313
342
232
243
220
207
225
232
197
294
362
360
258
328
222
277
239
281
279
290
303
253
256
353
250
349
10
317
207
109
156
136
224
137
259
157
217
158
242
236
200
208
26
196
296
267
119
274
336
264
271
274
341
283
294
284
196
297
306
272
263
292
224
201
164
278
289
328
344
256
247
218
301
273
249
300
254
464
261
408
499
213
172
329
328
348
328
279
171
307
276
215
190
250
239
61
58
24
387
296
272
289
217
353
19
291
269
304
117
289
435
177
280
255
190
220
238
282
315
281
252
234
236
475
258
164
282
386
213
277
327
214
325
389
281
291
281
485
341
200
304
91
209
364
241
327
186
223
217
158
174
276
291
341
330
404
311
274
306
214
409
270
319
499
474
251
417
193
398
499
76
231
447
279
260
421
294
499
336
206
419
298
242
264
333
197
208
499
258
187
246
160
200
194
188
192
247
160
145
178
156
247
165
109
141
194
162
145
206
158
160
135
124
158
169
150
198
188
156
32
130
173
67
188
145
184
267
152
213
216
234
170
258
286
237
176
173
208
379
282
461
381
263
204
330
193
128
196
278
260
207
224
184
279
187
201
232
292
257
265
225
291
224
182
216
335
282
286
232
181
330
298
300
152
184
258
159
207
295
245
363
122
499
190
189
171
158
193
173
418
128
169
258
264
336
163
212
160
219
212
160
159
143
269
177
181
186
174
18
174
231
202
172
210
169
194
282
198
157
143
319
183
126
157
193
143
150
306
295
49
184
222
132
21
61
64
499
202
215
248
389
343
226
121
255
499
432
212
279
92
225
265
410
281
236
201
344
499
499
250
216
262
217
272
263
335
132
277
310
277
200
377
205
285
306
287
328
253
470
314
223
175
91
189
135
284
166
173
174
159
159
114
144
249
167
165
180
292
146
155
60
219
255
132
143
137
312
165
276
225
208
19
195
303
66
235
160
161
115
118
185
289
193
189
200
157
189
164
204
220
169
172
284
157
181
137
179
263
189
156
215
231
329
215
255
191
282
313
198
163
228
169
247
191
357
140
152
199
476
289
166
177
189
193
391
172
208
166
135
132
138
174
157
169
66
44
187
223
217
152
138
211
136
125
157
275
173
203
277
301
141
171
87
342
199
137
265
137
199
448
270
499
173
240
462
270
219
137
122
185
170
104
173
454
151
159
279
134
162
186
117
168
178
372
274
114
164
177
184
164
275
187
481
194
329
214
419
191
171
185
179
293
157
196
379
310
174
251
171
203
147
188
199
164
186
190
180
199
274
186
229
283
262
351
450
215
382
218
