28
21
29
35
25
16
12
12
15
20
31
55
16
16
11
47
17
9
14
18
13
16
17
30
11
19
17
32
32
22
28
13
14
30
32
50
18
24
29
24
42
15
12
16
13
15
15
14
9
11
11
9
10
10
18
16
17
11
19
12
17
11
13
12
14
19
22
19
12
17
20
16
11
24
10
11
19
9
19
15
20
12
12
11
10
21
11
13
11
10
10
9
13
16
11
13
13
11
14
9
17
13
9
10
9
11
14
30
13
12
45
12
10
9
12
13
23
14
10
11
10
16
13
9
16
17
15
10
16
15
12
21
11
14
9
19
14
18
13
14
12
13
20
12
8
12
11
16
12
15
11
10
10
10
13
10
13
17
14
10
12
13
14
12
12
15
11
13
16
19
10
22
10
12
16
15
15
10
15
11
9
11
9
11
15
13
11
11
14
10
13
13
13
10
11
9
12
22
11
9
10
10
13
13
9
10
8
11
9
9
8
14
13
12
12
16
13
10
9
10
8
14
9
10
10
17
13
9
12
10
12
11
11
10
10
16
9
9
12
14
10
13
11
9
9
10
10
12
10
10
8
10
11
11
10
11
12
10
13
13
9
11
12
9
12
12
15
9
13
10
10
14
10
10
9
11
10
9
10
9
9
13
10
12
9
13
8
13
11
13
8
14
13
12
17
10
9
9
10
10
13
9
10
11
10
9
9
14
9
9
14
10
9
11
10
12
9
10
13
30
11
17
14
10
10
8
10
11
13
10
12
9
12
10
12
9
9
10
9
9
10
9
17
11
8
11
10
12
13
9
10
11
10
12
11
10
8
9
12
10
9
9
11
8
9
11
11
10
9
9
8
10
10
10
9
10
9
9
10
10
9
10
9
9
10
10
9
9
19
10
8
8
9
9
10
10
11
9
8
10
8
8
9
10
8
9
9
9
10
10
10
13
10
10
9
11
14
10
10
9
9
8
12
11
10
9
8
10
11
8
13
9
10
10
10
9
8
10
10
8
9
9
11
9
10
9
10
12
12
8
10
9
13
9
10
8
13
10
13
19
8
11
10
10
10
10
12
9
9
11
9
10
13
9
8
13
10
11
8
11
9
12
19
14
8
9
10
14
9
9
10
9
10
13
8
9
9
15
8
10
10
10
10
9
10
10
10
9
15
10
9
9
14
10
8
9
10
11
9
10
15
10
11
11
11
12
12
10
10
11
10
10
10
9
10
13
11
10
9
10
11
12
10
9
9
9
10
16
10
10
10
14
9
8
10
11
12
14
10
11
8
11
10
11
9
9
9
8
9
9
13
10
9
11
14
10
9
9
9
10
16
10
9
8
8
13
10
11
17
9
10
9
9
16
11
10
9
9
10
9
13
10
10
10
9
9
11
10
23
8
12
11
22
9
8
9
11
9
10
12
10
12
10
10
11
8
9
9
9
10
9
9
10
10
12
9
8
20
10
8
9
9
11
10
8
9
10
9
10
9
18
11
8
11
10
10
10
10
11
10
14
10
9
10
17
9
14
10
10
10
9
8
12
10
9
8
11
8
9
14
11
25
11
12
10
9
9
10
10
9
10
10
9
10
9
12
10
11
11
10
10
13
10
9
10
10
9
10
12
14
10
10
9
9
12
10
10
9
10
11
9
10
22
10
13
10
13
10
10
16
10
11
14
14
9
10
22
9
18
14
10
10
9
10
10
21
9
10
8
10
9
9
9
23
13
9
8
8
21
10
10
10
10
9
10
10
9
10
10
10
10
10
17
21
10
10
9
10
10
10
9
9
19
14
10
10
9
10
10
13
8
9
15
14
11
11
10
10
9
10
10
10
9
16
10
10
9
9
14
10
10
10
10
10
10
21
9
27
10
10
10
9
9
11
10
10
10
9
11
12
9
8
10
14
18
9
10
10
9
12
9
10
11
8
9
10
10
9
8
15
10
8
12
11
10
9
10
11
13
9
8
22
9
9
24
12
11
19
10
9
10
16
10
44
9
29
11
35
10
24
8
10
11
9
11
15
15
9
10
43
13
16
14
9
16
16
15
9
8
10
8
10
21
16
22
29
10
25
24
10
28
10
18
60
18
80
10
11
17
46
25
122
141
25
24
24
10
25
41
30
22
55
25
26
26
68
29
99
32
47
59
100
30
31
67
23
10
12
22
29
21
26
54
40
34
51
40
25
26
19
51
29
41
34
22
10
35
25
25
38
25
25
63
33
23
17
21
30
21
29
20
41
37
22
29
31
23
29
23
39
25
29
22
32
19
31
27
33
27
31
