28
18
20
19
15
34
15
16
11
14
18
14
35
16
38
16
12
14
22
12
13
28
15
13
16
14
19
18
20
18
33
18
26
18
11
14
15
18
10
11
14
14
32
11
13
17
16
14
10
28
10
70
12
18
27
39
33
126
30
26
36
23
26
62
24
39
27
59
15
37
39
16
39
57
100
44
27
38
11
75
57
13
44
102
72
30
56
77
23
117
21
59
57
29
73
100
131
185
101
17
47
94
30
111
61
57
41
79
74
122
89
70
33
12
225
34
137
17
65
20
27
217
57
39
126
58
28
166
159
136
174
43
34
61
76
171
31
28
36
12
93
56
324
60
263
71
85
57
77
172
163
30
112
71
90
171
89
184
45
118
349
96
216
157
306
312
198
287
104
32
35
55
102
215
70
315
229
372
337
95
54
385
341
35
397
154
207
145
315
211
298
42
260
30
209
97
191
107
136
158
61
54
40
186
31
198
34
41
259
91
73
101
51
159
47
38
99
104
34
26
29
15
252
39
38
361
61
92
40
26
32
47
89
61
42
179
53
43
133
16
38
28
66
31
26
70
72
72
104
35
46
54
105
58
69
39
104
124
24
24
51
66
190
17
33
54
52
140
18
31
177
16
167
124
67
107
36
76
34
53
12
24
28
47
34
55
183
90
48
76
212
24
76
45
13
191
78
16
39
31
40
59
111
18
18
97
42
281
24
82
104
12
91
128
227
26
55
25
15
157
116
116
20
32
51
24
25
42
35
48
71
28
132
27
28
165
69
115
16
128
62
102
47
100
132
29
110
11
106
76
39
106
53
194
124
299
75
319
73
121
38
157
66
106
209
140
50
109
87
156
138
163
80
30
30
165
85
398
103
193
92
143
363
227
422
145
104
16
89
127
47
162
31
48
73
209
79
15
13
111
265
86
120
153
237
102
145
133
35
31
139
217
121
72
39
193
149
231
19
101
229
145
73
132
107
163
132
96
44
200
33
25
128
115
140
29
127
106
421
107
91
87
250
95
93
139
87
191
263
293
136
150
134
148
42
122
97
159
210
117
114
61
307
175
157
37
150
162
104
14
51
153
81
69
148
36
101
39
117
78
103
132
35
85
173
60
58
179
114
115
38
259
167
182
58
179
103
135
163
39
144
33
269
81
244
234
127
120
102
123
220
143
176
101
161
164
147
114
128
268
151
183
24
89
112
133
108
178
236
222
408
98
225
88
66
130
82
244
176
457
164
24
106
103
149
224
94
235
198
16
58
231
292
38
85
254
180
325
164
128
126
251
186
99
203
95
34
79
226
163
196
204
14
94
233
316
256
183
106
185
152
39
11
130
165
163
152
182
171
202
116
85
82
143
52
158
235
311
175
211
239
119
107
118
129
115
224
134
107
94
240
155
162
70
124
473
82
55
187
265
234
136
91
360
149
139
118
134
61
180
171
204
226
164
48
177
37
92
56
91
339
115
220
213
199
354
126
79
115
231
240
231
243
139
120
84
158
89
69
57
200
131
113
172
25
78
315
182
43
375
284
165
132
147
232
106
205
144
156
99
243
168
410
192
96
118
138
261
262
130
177
149
270
235
309
188
160
57
142
428
126
217
254
188
115
154
94
70
255
218
126
430
282
140
179
132
137
260
173
280
127
137
142
152
247
165
141
185
150
16
140
166
151
107
205
33
142
190
144
150
58
208
219
204
250
123
191
360
131
155
110
178
140
238
86
108
138
141
393
178
139
341
87
85
133
158
174
152
174
236
103
137
128
210
161
129
138
221
164
145
122
151
107
181
166
151
110
266
94
122
202
162
86
66
144
146
122
221
240
48
139
208
181
76
177
112
159
89
149
181
207
144
160
224
195
169
154
203
106
223
100
65
139
111
135
243
125
63
82
181
148
187
243
130
211
164
107
128
193
96
415
144
155
215
140
117
176
62
107
289
350
240
152
195
102
151
118
122
126
142
129
146
225
112
207
53
157
174
172
174
208
171
133
152
119
159
181
140
104
117
151
209
305
110
124
247
360
212
110
105
135
111
140
291
57
150
214
120
153
168
147
183
161
129
200
108
241
113
223
105
104
214
160
433
153
131
175
84
156
135
173
116
111
139
135
123
157
130
169
255
47
151
146
116
107
165
314
111
359
276
181
197
148
110
225
148
96
124
127
179
229
182
254
121
173
128
128
291
131
151
239
146
151
136
124
244
145
114
100
89
109
167
184
166
136
228
148
135
209
160
232
148
115
146
102
188
109
147
98
108
25
115
97
178
135
119
205
198
102
125
