34
13
30
31
48
14
11
35
20
59
21
10
9
17
30
21
10
16
11
16
20
27
21
7
20
12
16
22
30
15
15
11
23
25
25
9
37
28
20
8
13
8
11
19
42
28
34
20
19
36
52
43
32
43
14
62
12
24
55
48
29
15
68
33
29
58
55
20
21
58
25
13
89
14
25
16
42
57
76
106
99
47
50
23
61
13
43
117
113
113
22
122
149
32
20
10
218
26
49
56
45
77
61
99
91
121
104
177
21
29
93
53
240
175
15
106
90
114
19
29
18
178
74
135
127
282
81
89
39
187
238
66
13
66
139
26
207
186
107
101
58
164
231
202
40
193
85
19
58
86
162
96
197
150
116
17
44
30
85
17
254
53
178
259
154
316
91
126
332
154
397
143
18
78
205
195
81
89
37
164
51
16
289
161
139
146
134
16
152
190
195
24
186
102
121
165
208
255
202
74
160
20
198
177
131
165
110
168
129
146
90
145
131
173
86
202
139
119
131
93
71
17
144
86
39
147
23
62
138
21
161
129
256
121
95
14
68
88
13
148
141
217
51
92
33
114
209
116
51
113
85
98
110
67
110
125
72
29
63
122
132
147
13
16
13
129
139
75
79
83
71
103
213
171
75
121
115
111
126
96
124
136
134
132
119
55
101
11
114
60
100
156
10
104
107
58
131
111
107
66
125
16
110
12
141
99
114
134
119
128
113
104
175
105
256
80
119
166
39
26
94
106
119
95
137
105
22
115
9
99
98
129
50
22
66
59
116
121
168
173
59
67
91
118
109
139
40
135
56
53
90
148
34
12
109
54
54
105
46
106
109
109
193
108
34
66
129
57
72
147
147
253
153
27
113
156
109
57
142
116
63
37
123
159
65
124
66
194
97
111
38
97
66
108
33
45
21
161
123
77
61
27
53
101
123
138
85
85
120
90
138
130
32
47
149
70
71
121
54
58
131
109
46
105
129
107
47
122
101
91
48
199
119
115
111
14
85
108
115
129
124
41
120
15
109
111
109
105
101
110
71
121
108
106
127
121
113
28
67
104
77
114
31
152
51
207
184
105
104
79
95
30
126
217
110
113
108
48
80
10
166
40
106
10
167
108
97
120
109
145
80
59
14
32
74
19
86
116
118
100
51
103
140
112
94
75
106
171
139
99
65
99
114
39
110
71
79
76
130
107
131
105
138
100
81
62
140
35
285
117
67
23
94
41
22
127
33
124
66
98
161
122
254
13
18
114
38
121
106
109
56
175
119
112
128
111
68
99
18
99
109
113
102
15
120
97
107
88
105
13
128
114
121
156
107
103
106
160
138
65
107
112
135
109
130
130
156
133
14
114
134
147
149
135
16
59
40
37
107
25
118
52
139
74
44
103
119
118
112
20
61
98
78
103
111
119
14
112
102
133
103
110
124
130
67
113
143
118
127
75
123
121
499
117
38
102
98
264
94
96
103
96
120
54
113
123
100
124
12
76
114
113
109
106
71
29
84
101
111
86
105
104
86
104
120
96
120
54
134
112
113
107
115
119
116
94
70
87
117
17
116
107
144
143
192
65
181
124
209
107
102
165
110
99
148
101
104
183
146
47
143
82
98
37
51
80
77
65
112
131
103
105
135
106
141
99
79
115
104
111
118
115
121
102
66
100
140
114
116
118
232
10
119
112
120
128
103
112
51
96
97
132
115
177
126
175
103
118
132
87
111
169
169
107
117
131
105
25
114
130
122
24
161
97
49
127
96
60
116
97
17
105
17
11
125
158
98
114
143
172
114
179
14
19
110
61
106
123
113
133
103
111
58
106
143
113
109
111
87
163
112
99
40
109
424
167
169
105
174
106
113
93
108
146
98
104
128
105
175
113
104
108
118
149
137
127
86
146
89
124
14
121
110
160
110
164
107
94
106
75
144
101
169
143
97
100
112
104
106
139
103
115
10
107
105
86
42
207
109
103
110
153
106
161
115
113
135
90
149
106
98
98
123
88
146
49
77
26
62
41
112
120
140
11
120
152
103
103
83
105
100
115
128
123
17
68
105
105
113
97
121
109
170
132
140
96
101
121
125
134
109
43
118
101
102
130
104
139
158
19
15
17
113
107
134
115
104
107
106
127
146
112
108
165
111
107
142
120
163
115
130
133
49
165
137
128
135
122
153
115
171
116
101
112
28
100
99
127
121
109
98
117
34
112
125
124
136
114
126
151
119
113
116
111
167
172
105
84
54
132
142
107
111
85
118
175
150
171
134
30
141
110
74
152
108
108
124
75
135
188
