33
18
11
49
14
24
15
12
14
15
24
33
44
20
11
18
25
13
22
18
63
18
16
19
10
24
12
12
24
18
23
11
14
13
35
41
9
37
13
17
31
33
22
28
22
42
14
15
11
11
17
62
54
65
42
33
22
43
40
42
22
22
20
47
82
50
134
28
32
15
51
15
39
25
16
44
61
68
24
110
65
56
30
30
55
44
35
56
31
84
73
105
38
103
73
133
13
70
125
31
54
69
12
63
117
110
100
66
76
63
72
107
31
27
122
62
250
151
96
30
23
19
154
23
94
91
264
24
63
153
221
75
82
149
91
190
21
98
95
133
145
90
245
123
33
42
388
66
14
234
19
150
80
18
188
48
323
125
152
171
90
14
293
251
262
71
24
276
110
21
104
316
54
11
228
166
223
185
227
56
214
96
327
345
282
44
313
89
77
23
277
500
219
300
238
224
274
119
37
171
287
216
101
12
182
336
35
28
46
160
306
183
104
352
107
302
314
363
264
63
84
49
112
81
129
326
77
69
73
457
346
299
94
55
12
360
327
130
81
235
30
45
71
94
35
89
124
91
42
35
76
79
270
21
300
191
26
317
51
169
66
262
178
90
30
86
167
346
212
198
21
23
18
207
30
98
114
72
55
61
162
29
38
213
52
38
211
215
168
39
223
181
138
193
47
162
222
18
306
22
73
138
237
160
42
131
276
22
240
42
79
500
34
18
114
133
93
48
74
11
179
66
32
27
23
500
31
136
231
122
28
27
186
35
32
148
54
71
500
110
429
147
167
15
27
72
30
147
12
47
37
125
197
14
16
91
115
22
152
137
199
95
32
24
47
15
129
262
71
118
118
104
105
52
100
228
11
130
114
26
132
134
121
27
115
48
128
45
17
105
122
113
69
111
104
141
51
117
137
25
30
50
28
136
131
61
99
106
31
70
141
30
49
39
19
90
106
117
42
20
96
19
110
110
104
134
70
122
20
144
108
107
49
122
37
108
30
58
96
100
134
122
39
10
94
176
146
105
136
98
166
112
110
126
113
11
177
48
115
120
121
23
104
109
30
15
98
98
47
11
131
39
205
189
22
111
91
133
102
63
133
105
114
183
95
127
131
53
53
114
327
167
76
146
123
16
14
119
13
122
121
142
71
107
24
166
38
120
12
121
251
121
32
155
142
61
212
211
205
24
80
112
92
92
162
148
207
143
138
64
140
257
146
114
37
15
122
102
127
145
110
149
145
106
204
88
140
137
135
85
123
169
35
136
129
172
264
156
155
143
233
126
109
161
30
70
13
42
171
165
176
220
114
150
106
200
40
162
195
41
192
124
174
185
216
125
133
205
122
100
133
101
138
224
86
120
96
196
121
173
43
82
16
71
297
233
191
111
146
170
113
282
143
164
149
213
277
98
147
107
115
197
116
141
297
149
148
107
169
114
176
488
294
236
134
146
111
142
78
215
356
40
108
17
198
170
221
160
78
342
87
261
162
138
100
154
117
200
175
132
174
65
184
136
99
128
272
17
346
164
220
108
133
100
193
330
197
185
103
179
152
214
295
266
114
29
131
152
94
280
72
205
128
150
120
279
111
220
143
199
201
25
120
181
110
96
133
158
137
217
190
262
189
116
68
123
94
104
310
170
249
197
59
224
196
357
11
293
105
124
147
138
109
250
183
92
168
142
148
194
143
60
212
131
191
288
138
199
192
323
133
198
329
254
66
177
238
194
292
174
138
124
212
264
317
153
143
168
228
161
198
315
77
181
292
113
226
140
127
250
104
124
258
182
269
133
110
104
200
22
112
69
135
114
194
240
474
169
259
167
367
128
404
140
115
51
155
116
277
247
309
215
157
246
232
176
50
70
118
399
293
268
305
87
131
124
187
389
244
294
320
165
162
142
218
110
258
178
130
140
132
228
181
109
38
252
142
128
222
125
119
140
121
156
111
121
189
93
187
116
205
265
260
252
348
257
136
123
138
182
276
120
352
122
120
213
143
191
179
179
116
280
139
126
117
172
232
132
241
199
114
159
175
105
306
104
123
130
144
201
119
146
32
180
114
238
52
101
100
205
165
284
160
252
103
169
242
230
146
236
142
273
181
122
135
294
178
261
129
100
187
187
111
144
117
291
98
226
119
289
270
173
213
146
147
305
105
268
146
104
313
221
121
288
183
212
108
121
130
124
113
220
101
100
359
99
175
223
172
286
195
172
112
233
172
134
42
243
234
202
208
107
263
191
221
125
149
225
164
112
130
105
242
138
130
106
273
167
111
114
