28
21
19
25
22
55
10
17
30
15
16
18
21
15
11
10
27
35
15
19
11
16
24
22
21
7
22
16
15
14
24
12
13
17
9
9
13
15
19
23
9
13
23
25
54
34
41
19
12
24
16
12
14
13
27
16
12
12
9
20
14
10
12
18
34
17
19
38
41
26
24
22
21
35
52
27
70
79
22
66
16
14
13
85
41
18
55
14
16
45
48
64
21
38
65
25
41
39
96
29
11
112
36
36
46
11
95
41
36
121
33
14
24
69
142
15
40
61
37
39
92
18
135
14
24
76
160
134
18
122
51
81
261
363
71
49
146
199
175
90
31
79
186
74
68
72
80
182
135
81
38
108
184
201
85
82
255
102
329
108
241
458
249
224
281
242
91
313
87
196
371
44
479
134
328
244
267
377
198
105
313
279
162
233
203
135
319
25
11
314
407
248
407
154
342
186
64
234
327
388
311
165
463
365
338
90
43
208
415
282
256
242
303
19
426
460
281
26
448
75
499
159
77
68
499
499
138
499
325
194
241
14
436
30
402
126
347
167
307
170
497
160
441
499
315
396
343
499
453
208
499
499
70
499
499
499
499
137
352
499
499
354
43
343
54
341
386
32
499
31
499
499
218
18
149
131
165
33
499
90
499
155
380
499
429
409
499
499
499
499
186
499
17
232
499
499
441
499
424
499
142
499
137
402
499
499
42
464
72
499
499
41
499
131
322
131
499
272
281
147
464
377
313
499
279
176
499
58
357
499
389
499
242
382
492
34
190
496
341
77
193
109
102
499
499
441
333
331
499
198
263
499
15
164
189
259
192
304
32
211
188
220
225
164
159
145
34
200
135
142
81
20
161
34
58
208
473
178
104
22
19
101
96
169
305
45
187
151
159
111
305
151
26
194
99
121
152
166
148
187
242
170
149
157
237
185
178
198
245
139
156
154
148
144
19
181
116
211
145
153
136
277
161
241
142
145
160
122
154
175
178
157
387
177
169
168
191
176
167
15
264
163
163
217
137
25
167
235
160
142
228
145
80
162
181
161
130
148
135
198
17
163
269
187
185
243
148
154
169
309
152
198
195
155
258
131
12
161
73
196
183
148
183
208
174
152
189
161
150
140
168
129
126
135
125
117
130
139
128
134
152
128
57
153
131
220
147
149
122
137
127
165
184
136
124
155
126
159
53
60
118
163
19
124
147
158
156
135
199
162
135
179
162
154
208
158
229
134
137
136
173
188
113
182
147
217
197
142
186
125
10
174
185
167
139
192
186
202
137
125
16
173
130
259
125
165
150
53
14
154
48
127
122
121
137
186
161
144
152
45
134
215
143
183
171
141
152
146
169
279
170
134
136
116
172
178
152
160
147
136
154
118
136
135
152
145
212
39
229
127
155
137
127
164
141
184
132
143
190
140
33
140
142
140
130
133
155
177
155
192
22
152
137
165
138
115
127
121
120
186
201
136
181
112
166
260
125
177
232
158
200
223
103
182
174
228
153
135
157
212
256
169
167
38
244
190
271
170
123
156
31
123
157
147
151
113
171
146
142
155
142
146
143
169
213
123
149
154
149
144
213
150
140
57
271
330
144
176
225
178
208
167
218
184
245
229
236
259
251
187
217
261
181
116
161
156
188
230
263
151
64
180
165
41
181
236
183
240
32
261
178
38
239
158
115
163
63
151
191
127
153
225
160
153
117
161
170
207
348
223
499
311
469
176
202
499
60
217
499
230
486
198
133
77
323
282
306
73
248
214
388
121
276
253
190
210
179
173
263
440
210
317
118
266
110
146
198
230
167
313
158
156
63
14
156
78
311
194
124
150
178
130
130
251
30
198
159
187
189
82
38
162
142
150
193
148
128
125
192
249
130
143
113
177
141
231
300
165
144
142
179
191
246
123
167
170
102
117
231
130
157
305
211
152
111
230
423
293
312
20
309
130
159
114
209
175
159
146
192
81
131
27
35
125
240
164
164
163
90
64
109
214
89
211
138
147
191
188
65
99
185
9
286
217
178
125
332
163
198
157
229
131
407
177
158
209
178
224
193
384
170
160
153
347
213
249
138
196
193
160
226
217
182
242
203
142
244
132
146
345
250
132
251
257
168
181
162
184
246
219
186
206
190
125
82
254
121
359
150
119
252
110
99
46
163
333
188
232
198
161
111
257
132
118
132
226
188
117
327
133
112
272
145
165
192
162
74
153
194
147
147
157
27
62
124
147
125
113
128
126
154
251
159
203
375
218
213
25
150
144
171
334
158
289
130
184
164
291
162
148
