37
13
52
25
21
15
11
12
20
11
18
14
17
40
21
13
10
28
18
18
16
37
15
25
15
14
30
12
12
22
14
55
18
13
26
62
12
16
11
13
12
21
11
17
12
16
18
23
16
14
10
24
11
18
17
12
18
17
12
13
12
16
13
12
14
8
13
14
9
18
10
17
11
28
15
31
20
18
17
53
66
85
29
11
20
58
24
30
63
11
148
19
41
42
23
24
44
24
34
66
32
34
42
112
11
35
43
13
55
95
29
65
43
45
36
27
43
55
44
46
41
52
42
49
120
11
77
24
75
42
20
74
85
69
27
47
14
79
33
39
88
94
92
25
72
223
62
123
200
37
87
141
174
12
168
141
100
76
83
66
211
43
154
33
210
165
141
95
160
69
204
134
248
224
207
189
165
135
187
60
187
145
222
172
192
221
199
36
224
198
95
225
171
104
186
210
261
144
203
165
187
204
226
254
189
202
227
362
208
140
177
185
190
201
275
257
193
173
195
149
203
191
172
238
193
196
252
236
234
120
124
185
294
219
47
210
152
168
171
172
176
206
198
184
189
204
80
201
201
238
214
309
174
15
271
240
181
151
189
203
73
187
173
153
240
177
236
188
209
165
167
45
199
156
35
13
232
198
217
89
43
180
156
195
223
186
211
178
180
198
197
189
222
187
239
15
190
187
235
173
174
197
165
212
198
220
190
225
198
200
189
198
190
39
196
281
211
207
164
195
188
186
172
186
175
216
196
183
197
194
197
194
219
215
188
204
200
191
216
229
208
160
185
226
229
204
222
13
207
203
74
207
188
182
212
183
20
365
232
213
194
179
175
219
191
195
233
203
183
192
187
219
133
186
132
232
180
224
178
294
201
195
200
207
202
216
209
195
199
203
185
193
197
211
165
192
208
227
203
223
193
217
237
193
264
187
195
33
188
83
193
147
224
97
237
230
189
208
211
216
201
201
207
77
189
198
184
208
181
231
227
212
237
191
332
242
166
219
195
233
149
256
195
312
201
236
175
210
202
289
262
46
239
239
329
184
180
202
144
295
187
222
180
242
175
500
200
185
220
173
225
295
171
212
240
166
163
201
183
161
181
222
161
222
179
188
165
207
204
293
270
216
220
258
248
159
192
249
193
178
360
205
191
234
154
174
195
188
185
192
182
205
207
176
184
220
76
170
197
194
26
144
99
156
242
205
303
224
174
209
189
280
199
166
199
184
205
194
264
204
176
231
60
213
208
232
86
175
193
287
56
205
190
60
178
143
160
97
227
200
205
166
174
48
201
200
177
160
247
169
220
163
174
186
193
187
181
234
187
170
213
326
200
206
171
158
213
197
219
259
142
167
153
226
180
183
150
52
204
231
164
211
188
158
203
186
208
166
194
160
169
212
193
182
248
174
216
84
254
221
198
195
149
210
175
190
178
134
248
159
199
180
267
133
185
154
202
272
177
187
146
152
158
158
224
262
146
196
152
207
150
19
196
138
361
183
192
229
204
181
206
171
194
162
205
183
162
201
166
191
227
180
181
187
236
220
233
181
152
164
230
225
318
135
270
144
170
126
191
45
166
193
30
164
309
149
150
200
145
162
163
194
174
147
211
190
169
68
160
196
168
207
180
167
148
158
155
172
137
280
130
280
130
122
179
179
144
140
155
140
155
139
133
204
160
175
173
149
158
270
142
136
193
139
160
157
122
154
159
139
172
156
114
187
198
145
142
230
149
143
195
145
200
144
204
140
198
157
147
139
168
181
356
132
128
90
144
160
161
152
140
161
215
183
171
327
183
187
138
124
143
163
126
121
410
162
296
419
203
177
198
136
122
162
221
199
187
149
182
150
294
487
139
159
122
132
205
177
181
145
168
71
150
175
134
128
196
467
80
127
121
129
302
159
175
242
500
197
148
152
253
158
171
9
153
118
156
146
500
162
156
167
70
105
120
190
204
159
163
202
500
149
133
166
138
116
192
213
137
150
156
240
129
134
148
188
38
145
140
76
178
158
175
165
186
161
146
132
198
162
149
176
195
221
138
269
241
136
134
224
158
185
227
146
108
305
114
181
137
147
208
132
143
212
179
147
109
137
158
124
500
140
160
438
189
228
139
138
107
142
173
132
127
146
99
133
136
130
123
202
142
151
184
129
151
149
135
155
208
131
133
134
145
138
112
141
156
78
172
115
110
164
138
162
186
142
163
121
108
169
134
155
168
191
129
430
122
110
243
148
155
216
500
88
139
127
155
244
80
148
138
196
141
90
151
129
500
161
140
202
