25
10
14
50
73
11
20
19
22
14
13
23
40
16
36
14
16
14
9
19
22
16
15
25
16
12
13
26
16
16
12
17
10
35
60
14
12
28
29
17
9
27
19
34
13
23
25
10
8
30
17
10
17
9
12
13
12
17
11
16
21
16
17
11
11
18
14
11
16
33
12
8
30
35
23
25
53
31
42
87
35
33
16
19
48
63
46
47
24
20
37
14
50
31
43
58
71
75
46
113
66
28
42
22
69
34
51
76
113
55
42
49
38
46
92
48
30
51
41
61
62
49
92
216
71
85
30
100
197
79
131
100
154
127
102
26
185
138
163
85
33
166
69
172
87
108
45
83
109
68
49
93
66
37
77
54
152
95
74
43
85
160
102
222
100
40
32
12
150
35
16
174
150
154
197
44
209
85
132
199
43
386
189
132
132
194
241
103
28
380
259
84
180
153
67
170
153
162
139
32
139
129
21
156
149
138
177
195
205
177
158
166
204
62
150
159
149
133
147
134
108
136
140
141
132
136
135
142
126
33
135
108
24
152
149
149
151
142
159
245
218
79
385
370
499
329
153
166
151
189
169
72
38
39
22
34
53
122
12
133
150
138
142
45
49
218
454
171
179
210
189
184
231
174
214
237
80
215
162
149
162
36
146
190
178
176
80
190
263
219
187
213
14
213
175
212
229
207
199
233
238
209
193
165
157
164
176
222
137
67
140
33
13
29
9
32
121
135
169
140
182
146
139
144
132
139
14
142
145
148
144
136
18
160
156
164
162
175
77
162
210
190
192
265
499
299
412
142
142
249
280
178
197
208
156
159
176
13
126
153
174
198
247
124
222
205
218
248
217
181
188
240
186
220
143
236
380
260
232
199
214
177
165
166
75
108
14
27
228
14
34
15
39
30
22
34
46
39
34
46
37
53
45
71
51
55
154
156
150
164
147
160
150
174
159
161
170
157
168
173
162
164
171
176
179
159
192
162
175
175
185
174
159
202
183
162
195
207
185
213
186
238
207
200
203
236
280
75
193
288
283
257
268
163
240
250
196
242
318
304
311
232
315
184
10
27
119
319
157
154
165
185
155
157
155
168
155
169
171
163
200
177
171
155
164
195
157
179
169
178
205
216
184
246
77
23
59
198
249
254
269
228
242
212
286
276
257
197
188
182
166
182
151
192
205
162
181
173
172
173
164
145
155
128
142
138
146
128
122
126
128
135
48
148
229
77
173
156
131
129
170
153
152
143
135
122
121
149
124
127
124
37
127
60
160
294
257
339
186
225
248
265
254
268
288
182
217
164
157
131
121
144
123
133
125
89
179
125
140
144
133
150
153
145
154
134
146
132
125
156
141
150
132
143
142
130
215
227
191
200
208
255
209
208
307
195
248
324
273
177
250
191
403
366
194
148
164
200
176
190
195
163
109
105
149
174
173
209
170
169
182
175
163
168
169
175
177
158
171
179
163
162
177
151
201
27
160
14
13
14
11
9
10
10
10
10
15
121
355
476
302
499
375
499
499
499
301
322
262
78
195
238
33
208
201
189
198
276
298
350
313
332
310
233
391
247
253
177
317
290
259
268
179
30
23
32
11
34
34
30
16
58
43
183
248
256
370
499
309
262
304
324
408
483
291
293
285
288
359
314
296
266
280
340
282
221
216
74
139
126
194
198
262
212
200
253
209
248
411
295
374
162
197
165
184
115
230
191
190
224
213
218
208
209
9
47
27
36
85
25
9
306
357
463
432
325
339
326
249
164
138
122
147
140
125
178
141
129
94
258
372
226
233
149
124
169
29
155
197
226
192
153
193
201
124
188
184
128
80
133
154
151
175
159
138
225
204
173
251
170
146
217
162
181
191
197
239
160
193
255
185
219
188
277
163
98
48
62
210
173
198
192
233
140
173
164
200
249
225
187
53
30
242
239
167
169
309
178
160
266
145
275
224
166
137
193
223
169
62
110
25
64
11
18
61
28
28
63
251
347
358
250
218
188
194
203
234
201
179
205
175
163
161
198
356
316
137
233
181
276
209
225
499
243
194
193
168
158
142
156
168
140
141
148
11
10
12
9
9
11
10
13
123
226
243
169
143
124
115
125
127
134
132
120
128
176
151
146
145
198
152
151
153
167
222
235
185
254
174
188
166
168
191
155
179
171
272
153
159
153
148
188
151
173
152
157
139
84
143
220
146
155
156
205
144
146
133
135
148
159
148
152
134
159
132
132
136
133
142
130
23
19
26
95
111
134
228
182
122
144
112
113
102
24
29
23
14
134
407
140
