27
16
20
33
16
53
11
13
20
16
25
14
12
47
46
17
15
16
17
13
13
18
25
22
15
14
27
11
16
30
13
11
21
13
14
19
19
21
20
10
14
28
33
14
9
22
16
15
19
10
23
15
12
24
11
18
18
18
14
20
12
10
13
10
15
14
13
24
14
12
36
47
27
37
40
20
63
18
67
40
23
35
58
62
41
45
49
27
50
36
47
17
77
66
40
23
57
37
95
44
61
36
15
50
35
21
71
15
38
38
45
41
54
48
66
26
33
22
37
32
49
27
50
25
68
40
33
44
35
62
64
30
56
127
57
68
102
84
50
52
49
120
105
132
104
47
58
85
114
89
73
139
134
61
114
79
243
13
188
71
48
76
85
104
152
56
72
47
102
61
74
118
116
87
113
218
131
117
90
177
162
192
82
168
253
253
197
500
378
299
181
232
131
225
153
193
205
176
154
68
147
172
191
36
174
161
155
152
138
115
129
115
121
114
61
117
81
116
77
61
30
140
134
165
71
147
237
196
203
500
420
74
383
215
213
264
187
43
178
164
309
266
239
162
162
307
238
500
255
54
60
169
100
204
117
17
88
353
334
55
369
445
272
309
298
271
108
291
296
48
241
252
225
289
240
200
270
221
195
208
187
240
44
172
218
186
206
195
236
249
91
154
296
280
327
210
260
362
289
443
500
500
132
38
229
138
157
45
211
302
239
261
135
241
236
244
201
372
288
305
357
366
147
78
227
186
83
301
500
379
417
342
221
203
155
179
179
177
235
211
180
224
226
196
198
198
228
290
248
200
255
500
496
108
216
235
185
165
163
182
12
206
214
260
302
500
399
78
163
21
46
500
500
500
500
500
500
222
252
500
136
178
114
141
320
132
119
137
190
165
162
154
147
153
158
168
145
150
155
175
225
211
181
173
174
191
150
113
29
185
92
54
172
179
87
214
153
146
202
258
220
297
240
234
206
163
192
199
178
187
180
166
196
179
183
177
196
198
200
204
262
256
256
286
140
130
120
104
132
165
173
176
30
60
115
48
129
21
32
15
47
23
42
16
63
357
274
226
260
166
230
190
236
162
172
178
186
200
218
222
183
184
188
173
204
207
181
211
195
195
321
332
281
225
233
91
71
236
145
71
152
161
118
204
171
235
280
212
201
164
197
169
158
141
131
135
144
189
248
156
215
224
194
196
219
201
148
121
244
144
154
210
73
12
10
26
28
10
12
28
13
108
126
104
150
233
218
257
241
214
170
199
205
206
191
191
189
185
216
184
215
184
202
168
174
194
186
163
178
160
171
159
166
144
145
161
149
150
130
142
131
141
142
142
154
129
131
122
126
129
135
124
125
135
125
141
123
135
127
130
137
130
126
127
128
127
117
121
126
132
133
129
122
124
132
133
128
131
123
125
124
22
215
13
162
60
107
61
95
21
115
108
119
137
131
134
131
120
135
125
123
119
122
121
129
123
119
125
124
127
137
125
125
126
130
147
155
152
169
167
175
88
148
293
292
194
155
151
242
166
167
144
147
152
146
158
138
142
11
11
150
158
146
148
181
203
204
162
183
188
181
184
207
213
179
210
180
187
174
177
226
207
214
434
50
128
55
18
221
41
140
191
186
166
202
166
208
175
158
148
155
154
157
170
150
174
151
130
208
203
210
197
208
266
213
205
219
225
98
206
174
181
143
131
117
171
157
144
157
149
165
142
140
138
134
127
159
29
14
114
62
142
36
256
159
210
212
194
290
244
248
217
200
221
208
202
195
125
269
411
130
40
26
105
13
107
198
179
182
183
197
231
242
213
207
199
190
191
225
362
161
325
285
126
212
129
116
131
128
122
25
32
30
139
42
11
61
218
359
500
218
215
153
140
128
149
84
21
207
152
146
134
139
220
141
130
121
123
118
121
138
122
126
117
114
114
129
121
119
123
23
27
72
46
122
290
161
125
110
152
109
104
37
76
189
176
210
223
295
223
309
156
211
163
158
154
137
149
135
148
138
139
154
140
149
133
144
139
127
138
128
130
128
77
142
121
209
114
161
223
173
135
147
27
119
130
101
190
179
227
294
151
146
192
114
78
136
54
163
39
45
152
204
151
128
276
143
147
161
156
168
164
144
145
163
195
157
136
145
99
142
125
120
176
26
15
90
34
208
134
283
186
264
139
138
143
136
154
149
146
142
154
144
32
175
141
183
25
129
70
144
166
229
235
225
314
175
152
208
177
157
166
151
170
158
142
180
175
96
113
213
108
108
125
103
18
23
20
32
131
