34
10
20
45
27
12
13
16
16
16
19
14
8
20
22
23
52
30
11
9
15
31
21
21
18
17
13
14
12
10
15
19
52
11
15
13
42
29
25
52
16
11
10
18
51
11
18
21
17
21
23
37
47
10
14
15
14
13
10
54
37
87
40
44
27
24
28
75
19
20
17
47
31
26
24
23
16
43
50
49
57
53
11
43
29
67
28
47
25
47
38
64
26
91
39
28
69
76
61
52
90
34
133
71
67
71
73
80
46
82
19
82
31
44
162
151
71
159
91
72
194
47
36
121
94
298
173
286
60
73
131
50
66
86
83
171
39
134
122
213
16
181
21
46
76
169
46
156
200
51
81
135
226
184
133
273
139
115
147
156
281
153
133
127
137
91
146
139
80
154
171
158
153
176
158
17
57
85
178
96
22
271
300
307
127
34
122
77
200
168
192
29
130
125
141
162
42
61
223
179
183
165
90
17
171
212
64
13
177
65
252
226
141
192
214
115
232
231
164
98
183
97
158
175
245
321
214
396
415
84
103
357
15
39
154
9
222
134
25
178
204
195
178
196
192
207
199
179
52
334
390
35
191
179
161
191
217
108
344
500
177
257
215
48
302
130
369
134
236
405
259
240
21
226
52
291
210
202
211
232
199
214
278
248
248
67
364
396
445
494
267
150
174
163
149
152
155
142
138
137
154
136
140
78
17
125
105
11
50
12
148
143
166
148
169
164
160
168
238
176
149
91
181
226
177
185
334
247
187
383
166
228
363
164
186
196
203
163
149
20
42
132
72
160
94
180
120
160
168
148
194
182
149
144
114
129
20
15
170
137
138
150
160
165
189
176
168
157
181
150
155
166
139
143
136
124
139
64
126
126
123
137
127
119
128
142
139
142
135
133
134
133
152
137
125
142
127
120
116
40
106
113
114
107
111
91
121
137
134
128
132
134
59
130
142
96
137
151
319
410
351
321
224
245
227
254
216
266
308
394
187
163
202
189
166
199
169
158
165
165
18
156
217
198
190
209
174
166
170
170
196
180
181
361
219
241
348
164
272
201
185
310
338
302
500
335
293
177
155
132
40
13
38
126
273
275
394
258
267
190
210
205
187
242
158
170
342
193
182
143
147
154
156
135
159
188
164
160
65
181
233
321
348
293
291
190
207
210
223
91
154
59
198
166
104
103
243
321
202
184
209
198
185
180
169
184
171
182
170
180
236
172
203
205
215
237
203
281
270
336
161
32
101
91
316
272
211
170
170
163
215
211
308
268
215
343
333
297
345
333
347
306
219
286
271
282
278
298
271
284
348
253
329
116
217
275
269
39
217
330
293
258
288
266
337
315
415
363
262
249
218
223
271
268
209
234
234
304
273
288
277
231
253
225
276
248
239
249
227
203
216
257
260
256
219
197
221
222
177
27
41
80
27
27
11
24
32
34
79
101
183
92
208
184
180
166
198
171
171
178
175
176
167
176
173
166
161
183
167
156
173
173
171
171
147
160
150
151
147
149
149
141
141
143
144
152
135
138
154
148
139
147
151
164
157
164
164
173
156
175
169
168
163
165
168
198
16
45
150
156
152
162
170
149
164
157
149
148
168
155
171
177
176
160
166
181
186
200
178
182
202
236
293
377
236
231
24
22
89
13
157
327
120
104
404
440
500
288
500
54
203
32
20
500
485
487
399
500
140
59
500
311
275
232
296
218
208
189
363
477
252
209
208
234
228
272
223
182
218
226
203
233
221
221
226
222
226
224
219
206
158
357
204
188
227
229
248
280
256
242
335
172
245
276
226
243
229
265
213
147
173
112
145
195
265
344
248
336
232
252
500
33
77
28
26
45
233
256
354
237
254
246
263
278
301
272
259
221
218
230
224
272
180
52
53
37
291
300
268
295
317
362
436
350
424
350
377
305
265
279
245
220
21
264
204
381
291
279
365
279
255
257
209
192
201
198
243
193
231
280
264
264
265
231
182
200
185
73
126
98
43
232
344
402
500
419
279
278
233
202
194
261
219
247
200
184
204
208
171
180
177
181
168
168
170
165
170
171
163
166
154
169
159
76
226
233
212
217
232
220
247
160
215
197
232
272
257
207
180
208
200
163
52
382
189
243
289
244
239
297
365
217
189
232
208
223
240
325
205
54
41
360
277
500
500
500
320
500
179
138
336
71
13
19
122
22
23
13
16
55
22
36
23
135
186
157
172
182
173
155
152
145
140
148
133
124
128
126
124
126
128
123
125
136
135
130
131
127
135
136
136
134
133
138
138
147
134
145
135
173
