33
17
34
19
47
16
11
12
24
31
43
30
17
41
11
18
16
16
16
11
20
18
21
12
23
22
12
17
43
13
10
14
12
12
15
29
54
24
14
17
10
26
14
13
16
14
20
17
21
14
24
13
19
15
13
9
18
14
13
10
15
16
12
16
20
9
14
16
16
10
10
14
22
37
40
11
22
12
15
10
28
19
16
13
10
12
12
14
11
19
9
11
12
18
12
21
16
15
13
13
9
11
28
21
15
22
13
12
19
10
10
14
9
11
25
10
10
10
12
18
18
8
11
20
18
11
18
16
19
13
25
13
10
13
12
11
13
11
9
27
14
13
12
9
12
15
10
12
11
12
18
10
14
10
11
17
15
11
11
15
11
14
14
18
17
17
11
15
12
12
12
13
12
21
13
11
11
12
11
13
12
9
16
15
10
16
10
12
16
8
10
16
18
9
9
10
12
10
11
9
13
9
9
13
9
9
9
11
9
11
11
12
15
15
10
10
10
9
11
10
12
11
10
10
11
11
9
10
12
10
10
9
10
18
10
11
9
9
12
17
10
10
12
12
13
10
12
15
10
12
9
14
10
13
10
9
10
12
11
12
10
12
11
10
13
14
13
12
9
9
9
10
9
8
12
15
11
13
10
8
9
14
11
14
13
10
11
11
9
13
9
11
10
8
18
12
10
9
14
10
8
10
9
15
10
13
9
8
12
9
10
9
12
10
13
12
10
9
12
11
13
10
9
9
14
10
12
10
11
10
10
12
8
8
8
9
9
10
10
9
11
14
9
9
10
9
10
10
11
9
9
10
13
9
12
10
13
9
11
9
10
10
11
9
12
10
12
9
10
10
9
9
14
92
8
13
10
13
9
11
39
12
16
71
98
12
10
10
16
33
105
95
8
19
11
86
52
9
100
101
29
26
12
41
9
17
34
21
100
25
23
44
95
9
112
8
20
41
27
32
9
60
46
13
98
35
11
39
92
12
16
14
22
9
20
12
17
24
72
23
14
12
52
94
157
11
13
11
110
11
13
12
10
11
14
35
12
9
18
9
100
9
58
10
14
12
16
25
21
15
43
24
12
29
13
15
20
18
27
11
33
10
72
12
20
24
10
27
47
30
35
11
8
11
25
25
11
29
12
27
44
24
28
13
9
27
31
23
29
24
21
12
15
43
22
25
37
11
26
26
32
38
39
24
13
32
23
25
24
27
12
21
29
15
46
19
34
11
28
59
32
36
28
36
25
46
22
94
24
32
32
55
15
56
57
43
13
83
69
10
28
46
38
41
49
38
31
22
20
25
20
40
55
14
23
33
81
52
18
30
25
26
28
60
76
85
27
38
23
53
67
11
25
10
31
46
38
50
29
11
52
50
62
44
58
50
63
57
56
33
60
36
27
71
40
60
63
73
64
54
73
53
49
9
75
70
17
47
30
103
24
14
33
40
18
29
75
36
30
59
45
9
45
56
56
44
33
50
25
112
60
33
75
9
59
37
29
69
29
24
28
60
47
48
51
76
98
74
40
51
13
11
91
57
39
19
42
69
48
53
42
65
44
39
67
58
44
21
51
25
49
48
53
58
87
68
11
49
9
28
29
32
10
81
29
28
77
57
27
71
27
38
33
26
36
67
50
25
28
22
104
29
82
28
76
9
39
38
82
80
60
75
54
68
55
59
55
10
88
77
55
57
11
34
29
77
84
80
36
82
52
45
58
11
37
64
82
43
64
20
78
44
80
122
55
33
21
10
9
50
24
9
81
25
43
11
17
39
65
143
22
93
44
15
20
12
20
30
30
15
58
64
19
37
15
63
11
72
23
14
196
13
65
16
52
11
22
24
28
53
81
70
32
16
30
46
31
16
52
29
54
14
31
11
27
40
15
20
35
26
97
101
10
31
53
17
12
20
89
65
46
34
17
22
97
25
33
17
46
14
50
57
37
45
23
19
26
14
41
25
37
21
19
19
32
18
17
30
128
135
21
15
10
38
113
15
20
60
24
16
120
16
51
60
16
9
22
123
113
13
37
19
114
22
129
23
29
72
127
62
131
23
157
18
15
35
116
13
36
190
39
30
43
13
18
25
9
18
14
79
90
155
45
21
141
32
26
54
44
40
23
35
15
118
63
22
59
53
26
27
67
32
63
11
55
131
19
35
87
30
27
29
35
24
42
59
24
50
58
25
63
16
47
84
39
61
31
40
42
15
17
20
65
38
40
69
17
145
13
32
46
24
17
11
13
68
35
15
53
24
10
41
23
29
20
17
27
29
39
10
