31
25
19
22
18
13
21
14
14
11
28
15
23
17
27
12
13
17
15
21
14
24
12
14
11
19
14
19
27
19
16
18
14
31
43
29
11
15
13
29
33
9
18
14
24
9
34
40
11
33
101
61
145
12
152
64
26
26
63
19
34
86
57
16
102
116
15
27
31
67
56
28
86
97
109
33
43
12
15
21
18
66
74
101
87
24
91
72
69
58
31
107
64
74
79
78
187
21
67
168
48
61
25
148
26
47
26
68
392
81
205
46
99
56
48
122
54
22
54
72
72
39
156
105
39
38
125
137
32
120
203
41
127
54
351
75
60
15
51
66
54
113
62
183
193
52
19
104
22
135
20
97
231
61
151
209
110
50
180
82
62
138
41
23
73
27
146
53
267
228
61
216
39
112
161
70
11
331
121
24
103
57
267
142
65
436
291
24
26
146
20
73
91
40
118
500
47
18
10
10
44
45
205
63
132
197
199
50
40
22
113
124
14
121
109
122
157
29
162
108
98
82
94
76
11
105
29
12
109
12
21
10
102
17
43
63
136
81
85
182
40
67
134
137
126
166
253
61
132
20
132
150
103
27
173
28
44
133
54
186
57
184
215
244
69
13
111
32
108
50
192
81
57
34
44
15
52
39
78
275
138
251
59
17
296
179
122
17
191
151
136
79
173
11
112
67
102
118
28
26
74
234
136
188
118
22
162
194
35
127
9
11
79
114
21
44
31
36
41
99
76
75
35
20
220
64
231
41
41
148
238
155
40
104
287
234
197
18
125
109
114
70
108
21
35
22
87
43
94
32
70
138
117
75
33
97
76
123
92
36
84
149
168
46
151
76
34
54
59
64
124
153
98
105
241
54
114
39
64
109
58
59
78
75
73
135
121
115
162
135
13
20
50
97
29
139
114
226
136
112
126
146
154
36
115
116
95
98
30
36
107
108
98
75
98
179
15
120
104
184
210
102
46
85
79
112
85
161
110
161
30
216
37
98
217
120
82
104
22
114
268
26
153
150
142
126
152
49
63
217
11
14
231
81
174
12
177
115
135
175
62
179
133
121
129
181
25
44
66
184
334
65
155
44
95
36
47
188
63
133
113
109
33
103
120
146
245
128
140
13
201
62
65
16
47
122
124
94
74
212
217
140
118
115
152
28
120
121
111
101
103
33
124
136
73
204
193
250
430
303
121
147
107
112
100
116
42
35
16
44
119
113
114
106
79
137
181
131
107
162
99
20
41
140
21
114
116
103
19
107
111
76
95
20
98
105
43
98
115
165
109
106
117
119
102
81
114
117
99
101
99
70
24
14
30
55
153
100
100
106
12
68
103
108
104
76
104
141
98
67
111
104
107
36
143
150
104
162
101
117
102
115
136
126
13
80
86
11
126
43
52
142
115
130
167
155
63
150
171
151
177
105
138
131
91
32
21
39
206
132
39
113
132
120
105
36
182
40
112
247
48
122
19
132
135
121
135
98
117
54
39
200
135
83
196
140
141
39
159
109
84
154
127
93
111
122
139
97
63
133
99
147
102
51
12
111
173
38
15
99
156
101
171
106
17
127
194
112
138
108
102
114
111
118
147
120
88
124
117
96
114
127
165
139
166
121
101
120
134
128
110
113
110
103
111
114
132
117
120
36
125
108
119
97
126
88
99
142
29
113
88
107
101
111
91
60
82
103
95
72
30
74
72
82
174
180
217
149
204
33
96
110
142
17
16
75
46
50
135
177
161
143
123
103
126
88
107
231
210
195
207
168
148
135
122
148
160
134
113
169
118
127
173
124
158
40
163
71
86
156
162
239
210
273
123
155
106
135
67
39
19
120
133
26
89
123
115
142
85
140
55
157
133
34
33
34
23
66
146
19
26
19
138
40
44
139
225
70
33
134
117
170
343
415
12
102
100
111
100
130
126
30
149
150
106
36
95
100
56
135
127
170
110
127
131
128
130
104
114
112
116
118
104
106
41
90
87
129
81
23
124
106
95
100
114
120
113
121
121
116
102
117
87
129
114
127
129
114
117
121
129
133
69
97
91
112
21
12
18
76
104
129
98
96
105
113
21
39
121
142
139
107
145
14
138
138
158
138
37
137
60
138
117
125
138
127
12
11
143
134
136
129
138
138
32
36
87
78
129
137
136
164
147
150
105
10
9
10
248
352
500
215
136
96
91
99
87
103
20
27
126
135
98
500
180
157
183
171
178
134
118
56
131
71
22
201
53
294
500
333
82
66
408
86
167
122
102
156
184
141
241
162
215
124
155
135
136
210
107
99
