33
20
33
20
19
18
18
15
13
21
22
15
15
22
39
19
14
83
16
13
15
24
26
11
12
35
27
20
33
19
15
22
25
19
31
12
18
27
33
45
20
10
34
24
19
29
17
11
21
26
20
22
18
25
15
11
61
21
20
65
63
32
38
44
61
30
46
54
30
22
25
58
16
62
17
40
42
32
11
61
25
31
26
141
106
42
11
105
12
23
38
45
34
109
158
190
15
46
149
75
63
46
24
54
52
78
171
61
128
135
102
126
65
72
41
28
177
41
35
114
55
24
23
22
169
244
20
18
228
48
67
168
70
33
22
87
69
34
28
165
173
123
62
24
137
98
136
88
246
71
123
40
403
327
107
141
20
32
107
43
105
18
137
58
144
45
27
19
98
105
48
131
13
91
69
115
16
93
67
16
54
45
99
172
190
60
41
134
171
100
110
21
32
31
239
137
17
149
71
114
156
114
202
43
72
39
62
68
66
24
31
56
38
28
19
21
134
93
58
71
43
51
212
56
142
62
95
95
162
117
23
127
136
21
98
120
67
45
97
52
143
52
17
112
144
72
125
143
158
18
158
122
119
124
19
25
58
287
119
51
94
35
89
76
150
117
275
19
152
104
144
132
41
95
250
174
102
9
108
116
14
34
27
133
111
109
17
57
140
121
144
93
20
74
70
180
73
169
109
119
88
149
114
100
100
43
18
22
125
22
114
59
145
58
128
176
56
196
114
191
114
118
166
52
129
132
37
63
64
89
121
61
130
132
123
125
114
138
118
52
15
199
135
143
142
107
100
65
131
94
24
78
14
23
107
11
51
136
146
114
500
323
98
147
23
101
140
71
184
122
52
53
138
171
92
19
105
143
190
183
117
63
176
60
120
53
425
168
59
20
311
211
71
22
84
45
31
51
68
48
86
11
20
26
21
57
98
361
64
122
136
133
74
211
102
45
16
12
84
136
141
108
170
181
108
179
221
140
199
337
177
69
106
294
132
337
148
335
262
84
75
10
9
10
11
48
67
140
102
177
26
219
90
300
10
236
132
55
292
394
162
179
136
111
200
115
89
152
181
175
246
184
72
71
290
500
446
108
263
184
194
102
38
86
146
71
114
71
344
166
173
179
161
110
165
232
129
156
142
107
145
108
134
161
83
137
62
126
30
27
85
33
35
193
11
110
182
72
155
170
162
29
152
284
200
93
87
217
500
168
103
55
193
60
19
96
343
321
257
231
20
135
233
314
236
93
14
229
265
17
13
87
67
72
216
28
16
157
161
368
187
103
105
94
108
101
207
106
500
127
283
49
77
25
500
500
136
120
349
93
212
500
11
14
160
307
43
19
10
103
150
500
170
500
166
147
142
500
500
140
195
445
500
91
132
141
109
152
146
500
500
196
284
254
275
343
89
103
165
151
164
139
137
122
146
134
152
56
221
169
124
154
113
80
260
142
124
125
128
329
118
126
163
147
114
102
172
136
166
157
63
255
109
180
120
171
189
267
170
114
148
122
187
216
82
186
114
121
100
176
166
42
264
351
178
166
193
408
269
274
353
118
138
161
210
192
129
293
142
156
152
282
179
259
248
84
75
175
201
276
197
169
145
241
27
90
283
103
348
237
188
182
186
235
140
310
70
213
213
239
135
25
136
128
141
165
169
197
217
500
395
117
43
67
142
152
140
195
140
113
167
155
155
241
155
187
206
204
286
273
500
500
61
348
152
167
143
137
304
199
375
206
376
84
165
141
261
144
146
130
142
500
380
131
198
185
288
84
62
38
68
212
179
205
131
143
125
124
181
272
205
206
180
122
66
302
253
213
254
157
245
309
500
181
96
209
150
130
97
138
124
122
136
109
114
130
91
123
16
102
99
119
125
49
155
224
147
238
296
263
369
298
308
463
500
130
128
114
184
138
182
129
119
187
177
146
139
260
164
199
19
205
185
223
125
221
178
165
306
181
181
120
205
189
154
218
221
114
190
129
190
217
173
109
65
100
135
130
96
133
99
123
111
130
135
119
135
134
167
247
243
116
121
106
104
102
44
18
29
39
130
119
82
107
107
76
178
102
105
107
106
111
127
123
207
117
110
106
164
121
155
345
263
238
161
261
151
336
154
149
116
178
175
22
109
94
158
330
171
217
109
127
190
180
115
58
154
89
126
105
192
139
104
78
120
158
132
280
500
379
500
178
201
406
191
254
137
141
500
159
201
153
181
170
101
100
155
107
143
115
111
101
105
100
106
115
117
116
152
131
110
126
110
108
68
150
109
175
109
110
