23
13
22
21
14
14
32
14
51
15
51
28
12
19
9
40
23
13
29
15
18
21
30
9
24
12
12
18
29
12
22
13
18
15
39
8
15
28
9
33
47
21
68
21
16
30
21
8
15
14
19
11
11
23
12
9
12
12
16
37
13
18
14
10
11
13
20
10
12
11
11
9
11
23
30
9
12
8
16
8
19
9
9
11
10
9
24
13
9
20
11
13
11
18
7
12
11
12
33
8
10
22
23
18
12
10
8
16
10
11
9
15
15
17
12
27
14
10
9
15
11
11
55
12
11
15
13
9
9
14
11
19
10
18
13
15
15
12
10
16
15
22
13
20
14
11
15
9
21
11
11
24
7
12
9
11
10
10
12
21
8
11
12
9
16
9
8
9
12
14
8
9
11
12
11
12
11
9
11
8
12
7
11
9
8
15
10
12
13
13
9
12
8
9
9
8
14
11
10
8
8
17
10
8
11
15
10
11
8
11
10
11
10
11
18
9
8
9
10
10
10
8
10
10
9
15
7
12
10
12
7
12
9
9
18
12
9
11
11
8
9
10
8
11
8
10
10
8
20
10
9
9
12
9
9
10
10
9
11
9
7
10
11
10
9
14
7
9
9
11
12
9
8
7
15
10
9
10
14
7
8
10
12
11
10
9
9
9
13
10
8
8
9
10
8
10
8
8
9
11
15
10
8
12
13
9
10
8
8
11
16
8
14
11
9
12
8
10
10
11
9
9
9
8
9
9
15
9
9
7
11
9
9
7
8
13
10
9
11
13
9
9
9
11
9
8
10
20
13
9
8
10
9
9
15
11
10
10
9
8
9
30
10
8
9
13
9
8
9
8
8
11
14
21
8
10
7
9
9
9
21
8
8
9
9
11
9
10
13
13
14
20
7
14
8
13
13
13
14
9
12
10
10
9
9
12
17
7
11
9
9
8
9
10
11
10
15
14
10
16
11
18
10
13
11
8
26
8
12
29
8
10
9
22
12
9
9
15
11
14
27
28
8
13
44
37
11
13
11
9
32
43
11
15
10
21
26
62
13
40
39
9
13
9
46
10
10
52
25
77
37
47
65
9
19
59
17
12
58
65
13
45
35
69
45
45
74
72
40
49
23
45
45
50
40
43
47
40
28
45
38
40
61
36
50
72
65
42
46
52
55
72
39
11
33
10
38
25
10
10
27
18
31
14
13
8
9
9
9
16
9
78
9
11
15
11
16
23
10
22
9
10
11
35
10
9
24
8
46
15
27
17
9
9
9
9
28
7
16
38
29
9
7
10
20
11
9
11
16
32
9
13
9
37
8
10
11
13
9
12
33
9
15
8
10
22
10
8
11
8
28
10
9
13
9
9
9
12
14
11
13
12
10
11
29
9
8
8
8
17
9
14
8
9
11
10
8
38
8
9
8
9
9
9
8
9
9
11
14
10
9
11
9
11
9
7
9
9
9
17
8
7
23
21
8
9
9
17
21
11
12
10
15
27
9
11
11
9
9
11
15
16
8
9
10
8
9
17
9
8
12
10
20
8
20
27
23
9
10
19
17
8
20
12
12
12
10
10
8
15
18
9
8
9
8
44
7
12
7
13
7
9
12
11
10
9
10
18
7
8
17
9
10
10
13
10
10
8
11
9
24
8
9
8
7
12
9
8
9
8
9
9
10
8
10
13
9
10
23
8
29
9
8
28
12
8
8
12
27
17
9
25
9
9
12
20
8
28
25
8
9
9
9
24
18
10
8
10
8
14
23
15
7
10
8
14
31
9
8
8
36
9
17
20
11
8
9
8
9
21
20
23
8
9
11
15
8
8
8
8
26
7
12
16
28
15
17
11
24
12
11
12
8
7
9
9
33
9
7
8
7
23
8
9
13
15
9
11
9
8
12
9
9
19
7
8
9
16
10
11
7
36
9
10
34
8
10
31
8
12
10
26
8
26
11
8
10
29
29
9
35
9
14
24
8
28
17
21
10
12
10
8
9
10
32
14
37
9
22
31
7
13
23
9
19
24
18
41
10
8
15
18
31
12
36
18
22
23
10
18
11
15
15
8
25
10
13
19
28
21
44
12
12
10
12
15
25
23
34
17
13
16
9
29
23
30
9
76
52
45
34
50
24
34
47
39
20
33
40
16
31
37
22
33
35
16
84
40
28
22
62
29
28
57
29
42
49
50
23
51
62
40
28
21
27
17
9
37
33
36
41
44
11
21
9
11
36
37
22
39
51
31
22
26
20
35
25
30
16
45
8
20
18
18
21
18
23
27
44
17
