26
11
16
25
36
38
39
22
64
15
17
13
17
10
34
13
23
12
24
22
41
15
26
16
14
14
20
34
33
16
29
13
16
20
15
16
25
31
18
21
10
15
29
17
19
12
14
17
25
20
12
18
21
15
23
10
18
22
11
15
83
91
27
74
33
28
42
66
22
87
41
81
37
94
89
10
21
93
32
87
177
23
81
15
15
28
32
61
70
56
145
22
107
68
25
59
101
38
33
30
137
72
17
32
26
92
125
148
25
130
107
182
130
20
145
88
120
44
273
53
120
116
178
16
51
43
27
207
72
25
137
104
199
23
171
31
123
131
154
172
112
119
119
234
178
126
37
164
180
108
142
95
239
180
24
54
166
179
85
127
95
222
187
243
60
210
185
423
246
116
293
241
230
193
79
217
159
175
218
70
324
33
152
221
252
299
254
198
188
216
275
120
225
77
295
231
184
139
223
245
136
288
217
275
262
235
233
267
129
280
197
259
316
269
104
226
254
274
240
302
263
172
267
289
19
284
325
245
361
244
258
67
257
124
379
277
186
370
264
293
358
98
297
31
264
394
256
331
252
500
307
342
152
349
240
379
274
277
244
186
324
335
454
261
242
281
330
474
256
416
204
500
269
254
302
355
408
244
446
247
355
178
265
332
500
273
425
307
254
257
245
296
147
500
264
334
500
265
227
181
223
386
225
240
265
319
92
336
342
240
288
409
186
470
342
279
272
343
17
500
361
288
248
258
304
284
236
412
262
312
120
319
177
219
248
314
500
238
338
271
264
252
195
463
192
310
403
374
266
249
271
238
226
268
220
220
258
247
244
319
268
195
381
419
500
258
143
327
352
500
341
260
314
500
489
180
219
500
259
364
257
261
263
259
245
276
181
195
329
64
259
500
225
395
257
238
141
334
332
376
174
224
342
293
222
43
465
216
223
245
244
249
381
239
237
248
371
495
261
219
246
456
281
308
368
297
321
305
62
331
260
283
410
292
259
279
377
268
216
463
266
287
231
500
302
447
369
355
450
367
181
384
458
220
378
307
108
277
228
379
213
226
203
211
64
267
206
294
309
67
401
234
217
444
263
218
175
84
294
417
270
182
238
314
500
195
214
138
261
359
177
239
500
195
500
254
304
258
223
176
233
328
189
283
255
198
256
260
190
317
459
494
212
249
183
400
239
206
227
276
218
427
193
194
226
228
413
327
187
500
184
242
497
235
206
229
154
171
160
226
172
176
355
267
159
208
260
297
267
242
263
163
179
177
210
185
266
189
270
306
214
239
174
209
170
261
150
184
223
116
273
289
226
257
214
212
238
304
220
200
206
190
341
206
259
232
145
278
94
302
146
145
429
156
254
201
263
438
357
205
230
192
217
228
251
203
142
236
162
219
422
235
195
122
145
339
280
237
248
232
183
171
79
187
153
472
181
368
242
214
316
227
188
148
225
166
290
248
279
240
336
276
315
160
155
199
209
402
201
131
208
139
227
141
165
193
14
160
187
180
170
147
154
410
144
179
197
210
262
194
71
68
237
487
122
382
273
241
302
154
141
242
47
131
192
112
199
198
191
133
169
336
445
160
210
129
242
431
180
160
132
236
203
178
174
166
190
346
147
257
153
440
293
134
294
218
129
170
221
386
139
235
174
424
193
255
266
180
76
318
108
170
128
156
186
174
197
341
276
308
500
300
245
442
121
478
174
169
331
147
342
176
295
180
200
178
239
143
201
258
136
359
248
335
165
144
202
120
195
181
212
107
180
118
173
206
196
159
182
214
135
173
177
237
123
84
115
19
80
371
155
147
209
204
166
229
216
37
156
181
62
257
244
324
106
370
270
380
294
357
220
164
208
440
52
256
289
79
300
238
157
244
165
247
235
248
242
98
178
141
124
225
332
164
236
193
115
257
441
194
402
114
181
170
181
400
145
225
104
124
364
85
218
157
126
158
299
165
140
28
195
59
180
147
47
175
156
112
61
218
187
188
168
152
123
143
153
251
133
292
43
137
313
256
173
155
95
284
354
210
301
111
184
178
268
353
133
365
136
236
288
141
125
16
151
291
198
226
258
183
203
131
246
166
377
301
200
122
276
159
199
306
182
222
151
185
252
160
194
160
195
427
142
137
198
91
212
232
265
272
371
309
104
246
242
282
433
400
500
375
427
311
121
169
175
152
230
197
278
222
261
289
309
291
189
232
174
196
287
160
388
373
230
163
196
197
375
452
176
200
257
185
432
317
92
86
209
500
500
124
500
141
423
219
500
415
137
376
100
260
