24
14
56
27
20
14
13
10
35
42
10
20
12
18
14
26
40
13
28
17
11
14
15
19
24
17
12
13
26
23
10
10
18
16
15
14
75
17
11
15
46
13
34
32
26
66
38
72
25
32
28
72
13
58
23
66
18
9
56
85
52
81
63
32
25
46
56
12
53
19
25
10
24
29
25
14
16
28
48
18
89
63
18
40
74
19
100
94
25
48
10
40
126
159
39
23
62
26
76
46
33
28
123
27
45
122
170
44
247
19
73
61
21
97
62
189
51
191
166
265
75
23
101
119
14
67
73
195
255
44
169
138
65
305
40
128
171
76
145
18
106
407
51
370
122
314
65
285
218
169
240
142
133
245
83
316
178
402
343
287
46
150
51
354
146
146
132
435
337
142
113
301
328
77
271
276
335
234
226
106
226
155
377
260
127
70
90
67
346
47
66
228
276
77
499
432
387
51
137
285
223
23
203
112
274
83
142
377
134
206
334
212
356
128
243
237
207
259
85
122
326
41
341
243
103
57
216
238
156
337
98
59
214
252
282
231
248
321
81
195
164
59
287
251
112
187
278
266
499
376
372
229
314
311
319
265
228
261
370
200
162
263
267
237
286
296
29
34
219
245
208
218
345
176
15
292
263
24
275
200
165
25
250
248
306
215
335
300
245
235
226
187
198
230
234
339
85
208
280
227
263
237
169
45
368
306
358
274
153
227
210
156
374
373
301
69
338
304
376
499
295
272
315
332
377
269
292
195
189
246
105
188
232
254
330
374
194
347
229
277
292
225
310
400
217
337
233
224
239
208
201
214
230
205
90
187
42
141
106
235
172
108
316
135
238
242
261
319
180
129
231
499
240
223
446
151
187
12
324
18
148
221
404
227
258
166
283
199
195
227
70
242
232
236
319
311
212
309
305
297
255
215
371
234
272
499
459
259
493
230
236
195
55
499
50
157
106
214
238
174
306
172
243
208
149
145
179
210
152
177
198
14
281
153
131
278
167
128
137
239
224
181
331
337
289
252
150
173
175
238
130
411
70
203
148
140
161
154
146
185
188
186
175
215
293
255
306
307
116
189
129
11
221
202
285
222
209
382
248
111
250
209
167
225
192
132
157
163
150
158
366
162
202
208
156
160
138
183
168
167
138
23
172
117
330
178
187
142
184
203
185
177
301
168
176
190
191
167
198
197
208
126
212
145
142
276
147
290
157
146
159
162
191
194
136
192
146
208
217
340
212
122
193
220
228
120
222
157
228
160
322
334
229
257
228
227
206
212
287
267
193
139
340
163
150
164
262
202
365
283
218
333
273
172
130
169
152
184
171
151
201
220
177
186
62
185
296
176
243
225
249
169
249
188
197
203
173
126
79
292
278
145
199
83
156
467
133
228
184
115
145
143
256
203
39
235
175
218
174
285
223
147
186
266
280
337
498
281
210
194
248
364
374
221
224
60
178
399
209
166
209
231
211
278
211
242
194
260
267
193
235
338
285
194
126
298
153
166
103
194
325
230
226
185
238
197
205
209
177
176
109
217
199
332
100
189
297
186
489
304
437
434
261
498
225
362
321
271
226
192
358
71
207
499
163
362
499
336
229
426
314
292
410
312
454
360
364
257
259
37
210
240
26
238
270
144
392
175
327
266
300
24
354
368
259
469
301
252
58
300
452
324
254
114
499
220
307
499
198
140
494
390
306
312
292
327
328
315
263
154
216
340
33
177
267
247
114
214
325
134
162
382
247
287
372
330
244
476
214
325
267
379
208
170
369
269
303
16
183
127
451
273
276
228
499
25
230
368
247
247
177
193
136
266
224
298
475
125
80
151
155
213
341
19
129
196
160
165
151
106
255
156
268
211
240
186
237
154
444
499
325
138
165
447
200
198
249
157
460
298
339
223
145
406
183
483
179
258
177
363
54
186
324
264
359
499
22
260
286
298
259
329
267
155
443
286
214
346
499
313
176
38
263
296
376
491
338
128
225
236
209
192
269
493
261
340
281
382
392
272
499
263
354
205
369
51
220
201
140
188
136
387
36
109
62
108
300
214
75
441
252
499
99
231
31
349
499
232
311
194
259
301
369
183
146
266
107
26
280
336
235
234
243
152
205
377
184
391
499
219
298
499
331
199
160
228
499
199
203
178
179
206
388
167
499
274
80
499
170
128
171
245
218
191
241
125
27
40
245
191
166
151
202
159
309
163
431
126
131
252
134
277
111
123
152
118
161
124
299
134
151
179
27
218
166
145
164
236
155
233
155
183
194
163
274
205
179
156
162
201
