36
15
43
21
25
15
15
11
19
19
22
15
22
23
19
38
11
13
25
11
11
10
13
12
12
18
12
14
10
19
10
18
19
30
10
16
19
14
10
20
48
14
15
17
75
26
11
29
14
16
19
25
26
13
13
10
13
15
9
16
14
11
35
25
26
18
10
65
15
71
18
15
24
63
96
71
36
22
33
69
48
33
50
58
57
68
17
49
32
27
68
58
55
83
74
30
39
31
36
41
43
70
49
24
49
56
68
109
76
65
82
167
35
18
32
53
34
148
42
107
29
84
157
48
94
94
112
99
245
91
255
260
103
31
26
253
330
39
190
186
151
169
70
269
42
198
224
74
178
162
194
218
214
35
53
96
290
275
57
243
125
144
236
222
297
182
488
20
411
243
308
86
248
21
43
24
231
268
408
256
63
237
234
84
284
413
227
499
421
321
408
365
311
202
114
239
242
358
383
25
54
201
225
193
344
95
300
346
265
262
201
189
271
261
266
125
274
156
426
499
368
296
213
40
281
375
219
221
63
108
109
320
267
133
244
276
294
356
254
233
452
242
69
228
263
280
345
75
212
330
301
291
268
182
363
272
392
428
339
282
267
306
271
206
372
276
317
185
279
30
288
188
313
310
489
186
16
128
33
251
119
249
252
282
203
238
97
131
355
83
323
245
412
364
261
476
216
58
117
113
310
270
32
244
84
199
266
176
278
161
270
199
273
190
271
286
15
107
239
365
357
360
127
222
214
138
316
88
363
246
190
295
97
72
122
154
209
194
234
270
306
258
299
277
267
201
260
209
216
189
297
220
337
256
394
284
277
258
82
159
383
223
307
214
323
289
130
204
312
195
273
279
227
382
290
296
60
240
238
296
209
423
307
280
196
357
248
169
316
250
250
304
217
455
305
280
183
242
206
173
355
279
247
228
234
319
193
267
304
193
212
49
226
35
305
282
242
312
250
287
393
208
221
316
273
260
280
244
358
377
55
319
171
263
354
247
301
52
204
207
206
224
229
255
256
166
281
354
196
303
157
338
154
15
224
328
184
67
286
222
347
196
212
204
231
191
166
252
261
168
233
311
168
314
499
396
276
261
339
145
285
135
229
253
313
202
269
292
226
263
190
275
201
261
255
169
325
401
267
109
39
261
25
155
213
182
202
342
197
184
292
255
223
273
183
143
66
270
229
254
215
214
261
223
176
178
222
188
240
187
233
177
212
238
131
208
305
416
222
287
352
485
263
271
247
373
248
194
254
233
245
208
212
71
172
229
213
194
200
225
173
168
200
281
173
303
250
183
217
225
163
283
207
231
232
265
233
309
253
289
323
177
330
64
44
186
420
312
395
165
450
176
216
225
435
251
191
444
258
215
310
116
135
234
132
482
256
461
199
204
452
183
160
179
191
405
304
176
196
217
57
245
204
281
231
135
234
127
10
129
102
193
141
159
228
420
286
189
243
130
135
281
121
240
170
290
370
347
308
55
238
167
164
168
374
194
208
443
290
169
236
132
287
198
176
208
52
185
321
299
220
305
213
225
240
229
181
424
209
180
127
211
213
233
216
61
202
268
184
193
203
227
286
218
190
251
219
199
388
219
263
203
370
185
158
30
368
206
189
267
220
248
298
203
122
126
132
171
154
20
211
156
188
176
142
184
172
174
160
189
260
152
222
156
217
199
243
349
146
216
262
181
115
36
162
199
151
145
132
187
254
256
113
112
163
159
115
169
140
215
303
393
146
143
127
141
212
280
157
194
117
132
144
161
272
129
129
127
209
121
177
180
162
110
259
274
175
114
166
194
144
105
177
129
156
499
272
168
293
317
430
140
306
321
268
207
281
300
238
254
210
129
109
125
235
273
174
143
174
278
228
177
249
396
277
147
117
97
140
157
295
241
160
210
273
353
208
192
160
218
185
387
190
300
152
223
243
367
224
174
186
292
230
132
185
310
155
184
352
190
227
23
398
218
212
158
198
121
191
120
268
317
246
201
238
266
188
213
132
149
171
251
187
169
113
145
479
299
112
153
142
183
155
215
151
153
289
253
240
279
277
168
207
276
277
435
167
153
193
316
213
293
359
248
179
219
184
149
193
258
167
251
210
272
189
214
252
199
214
182
106
155
217
99
422
221
212
154
130
204
173
183
104
165
264
149
163
207
50
179
294
175
172
190
191
181
251
272
270
185
170
145
416
177
200
207
216
212
256
332
227
241
499
314
306
227
255
184
11
233
137
232
197
66
249
108
407
244
157
174
291
254
196
206
184
230
138
236
491
182
