39
30
15
14
18
31
11
10
14
20
21
40
12
18
12
17
12
28
15
16
14
21
11
18
30
9
12
14
10
26
11
10
25
27
25
23
52
24
11
16
11
10
17
14
12
13
20
27
62
13
30
67
45
49
27
21
30
24
64
14
16
15
88
38
14
62
15
58
126
14
67
34
176
20
21
78
15
67
63
60
79
55
102
99
12
169
104
14
137
30
76
31
43
71
112
51
121
56
62
55
252
29
37
55
19
222
21
150
229
49
170
76
108
155
99
123
83
69
56
89
164
95
65
143
28
17
126
23
208
109
177
15
301
58
90
61
75
30
146
191
175
141
196
58
42
165
63
85
124
200
50
129
31
45
106
62
84
139
120
58
171
30
190
95
87
120
105
160
173
220
119
140
223
15
17
204
182
155
326
146
241
82
54
66
91
460
390
40
172
129
159
66
271
136
30
265
123
242
104
34
125
10
135
99
171
52
223
72
38
192
86
86
17
75
119
75
66
77
47
16
44
61
55
196
21
140
180
43
68
108
29
143
73
115
44
32
55
56
59
35
72
182
183
78
10
134
201
174
37
49
139
53
12
63
191
21
18
98
32
108
42
80
157
266
93
244
33
54
51
39
20
199
80
23
26
111
72
12
31
36
49
24
48
156
103
63
43
67
84
47
58
87
82
76
138
122
93
33
208
229
249
70
136
167
54
92
123
123
42
36
145
192
91
20
350
124
141
133
76
21
236
27
126
236
11
67
77
122
108
164
152
11
96
33
10
224
24
55
31
130
77
78
170
140
25
81
34
112
252
49
359
80
21
62
217
50
146
29
118
265
104
79
130
63
202
110
68
131
117
18
136
125
59
98
56
256
102
120
171
88
80
150
282
58
134
109
70
36
43
157
41
117
57
12
91
49
146
129
261
73
115
44
132
134
132
120
193
134
128
297
146
17
103
84
125
43
87
70
60
143
130
93
116
110
130
88
37
29
178
57
93
153
147
43
57
50
130
124
88
256
198
172
55
308
241
125
156
298
128
79
59
84
172
92
101
263
110
193
97
128
305
217
151
127
181
196
182
115
68
314
106
29
113
272
149
149
71
147
47
255
96
120
213
205
171
35
115
180
124
237
67
223
181
205
172
58
31
18
121
217
11
285
74
139
164
148
94
376
128
97
45
97
158
43
41
117
235
124
402
121
80
94
28
129
221
63
183
135
113
145
17
47
119
117
95
224
25
68
90
125
20
125
145
294
280
124
136
120
180
31
166
107
65
163
130
103
142
100
107
75
138
175
132
125
163
112
54
285
264
160
60
118
110
211
89
63
83
101
133
188
103
133
79
154
240
145
73
74
202
124
41
15
130
314
148
190
124
196
94
111
119
167
167
244
170
54
120
94
104
153
184
46
207
103
189
365
92
33
139
122
42
55
244
94
210
76
226
84
139
159
119
39
91
178
201
108
64
143
159
148
117
91
107
153
186
299
92
190
175
48
147
137
127
148
117
71
124
131
72
65
96
106
128
100
174
61
116
228
155
99
106
186
90
125
139
275
40
46
157
119
227
164
113
234
108
186
27
31
196
221
123
114
177
108
210
323
116
155
300
110
81
136
218
64
256
85
60
144
140
210
81
180
145
107
28
215
117
108
117
177
111
131
221
154
124
162
76
136
90
57
176
218
161
156
116
158
163
411
164
216
122
255
172
46
176
312
157
100
134
111
218
40
199
165
270
67
112
107
143
105
265
144
172
257
160
198
90
129
210
159
149
304
107
146
167
141
247
176
112
137
146
277
96
144
193
161
105
120
120
177
125
245
121
153
242
121
143
275
147
171
116
204
145
146
200
16
116
150
90
182
208
140
73
186
146
147
105
58
447
181
124
128
200
135
108
196
123
137
324
114
40
145
243
458
99
332
184
43
100
236
94
228
80
221
104
125
90
285
138
72
216
100
103
116
115
113
173
137
143
233
103
151
217
158
144
121
114
187
314
193
235
134
149
117
222
122
90
257
176
86
33
264
110
109
195
143
109
183
117
120
163
140
97
175
113
18
20
254
273
183
58
187
179
131
104
77
169
216
110
25
361
211
161
188
109
100
218
14
208
122
142
77
192
114
136
101
208
139
358
215
179
100
120
95
118
154
160
106
245
101
138
98
160
187
130
142
134
129
161
101
113
136
95
146
128
162
237
108
149
159
102
255
97
118
108
95
126
109
117
98
306
124
155
94
179
163
12
149
252
216
204
80
118
91
280
175
223
107
148
203
99
186
140
165
138
98
146
120
200
102
