19
11
26
12
38
14
14
16
52
21
12
31
18
11
12
16
10
25
17
39
29
21
21
25
11
9
21
9
11
10
39
17
30
20
12
22
19
14
16
14
17
20
44
11
16
27
31
13
11
21
47
33
95
29
36
72
43
24
31
68
17
10
22
45
34
33
100
66
54
28
22
35
22
99
11
7
28
76
54
42
53
24
96
34
108
29
22
57
28
33
55
31
113
97
68
77
71
48
76
62
91
64
15
47
35
26
63
60
105
12
62
93
84
81
51
127
103
29
42
26
116
65
231
234
127
150
13
71
18
92
180
185
168
85
42
15
338
49
268
15
231
121
255
195
271
58
185
200
255
68
161
175
285
185
89
73
126
491
52
51
265
339
44
210
263
351
327
272
277
112
270
241
321
266
252
313
371
304
247
224
45
331
37
239
69
266
269
66
265
274
293
249
162
246
403
287
286
62
269
243
50
406
100
23
142
232
280
17
45
137
259
280
243
65
332
499
169
189
406
293
142
317
263
271
245
195
283
278
315
40
262
400
277
297
306
220
266
297
259
346
261
385
260
305
277
436
336
321
292
360
499
64
370
282
325
499
320
230
281
321
317
371
252
415
467
256
499
467
499
301
391
452
459
302
246
263
271
383
254
247
292
499
160
180
359
247
335
192
258
292
392
415
280
315
378
499
231
92
163
498
369
386
331
293
259
335
499
295
370
56
301
275
241
287
292
261
292
212
261
294
45
345
319
327
340
258
250
312
318
230
375
255
231
252
272
35
247
323
430
296
435
499
499
204
301
411
499
499
349
75
499
499
295
499
499
499
308
277
499
499
450
499
499
207
384
123
499
166
272
247
174
264
85
462
203
354
404
398
367
430
329
223
265
279
375
93
255
275
259
366
265
268
330
299
375
353
250
308
334
376
386
255
156
439
249
174
189
210
280
44
226
379
252
347
273
204
267
260
160
274
218
280
298
363
428
460
92
436
222
499
395
280
177
372
159
230
221
314
29
359
298
489
499
222
198
216
191
11
44
169
141
151
209
101
167
157
497
186
307
186
352
86
153
273
325
172
205
227
215
303
184
189
155
176
399
199
230
499
212
195
396
181
163
330
181
169
160
499
156
499
163
159
276
163
272
258
179
177
137
126
144
148
152
146
126
180
144
203
202
158
140
182
152
165
28
209
145
165
103
239
22
338
159
90
171
161
213
204
163
217
329
224
151
248
114
213
277
271
198
176
230
151
171
293
167
226
204
204
163
304
334
329
202
185
164
166
131
248
212
69
246
141
200
53
61
227
160
207
114
19
142
162
184
131
209
151
175
149
127
128
94
167
133
124
181
130
124
120
168
112
179
174
235
145
148
122
134
161
112
35
117
196
41
150
151
119
156
48
221
125
68
203
191
168
225
149
211
184
150
162
202
163
154
165
215
138
142
239
182
214
69
133
237
159
159
145
132
137
143
124
146
248
52
173
243
165
151
165
188
188
43
318
114
82
232
195
48
220
226
279
133
45
253
168
145
125
228
168
274
237
132
383
182
205
227
126
288
152
233
144
221
191
295
166
206
134
145
125
127
130
152
143
169
171
98
147
231
379
27
179
133
123
168
203
29
453
189
206
194
206
198
147
441
133
122
142
263
214
254
156
313
221
260
143
187
331
329
132
145
137
184
182
172
143
204
143
144
232
231
163
272
304
133
213
192
159
298
206
207
178
240
171
156
140
204
496
204
52
18
204
149
51
163
192
170
181
140
185
180
173
50
151
144
137
250
355
158
194
354
187
325
219
114
159
282
148
203
86
445
233
206
338
139
218
185
257
368
124
261
212
207
186
200
250
267
128
211
141
285
114
199
196
169
160
183
120
163
219
180
129
210
139
152
130
130
177
142
114
22
98
203
127
141
133
149
257
180
118
170
152
48
120
152
30
147
167
128
138
79
26
51
57
12
120
178
51
185
163
46
178
101
168
156
116
137
107
109
130
143
179
117
167
335
176
274
213
173
164
168
255
385
268
270
328
203
275
164
222
349
298
93
258
276
257
197
71
342
446
191
206
193
172
215
191
241
212
187
208
141
247
294
217
166
217
218
333
293
281
188
220
247
244
170
269
61
304
251
202
128
168
185
44
358
194
211
499
415
285
283
378
35
223
176
133
417
172
227
134
244
193
192
304
220
271
134
114
134
228
219
290
286
204
214
279
60
256
172
143
209
365
205
206
277
283
387
339
499
349
468
200
427
499
146
181
155
21
167
499
123
80
201
170
207
271
499
422
87
284
253
290
