30
20
15
8
25
80
19
22
20
10
16
23
8
15
13
8
18
43
19
39
8
25
20
24
16
11
10
17
20
28
25
19
53
9
16
11
10
18
24
12
14
16
14
10
28
16
30
19
68
27
80
44
20
19
31
32
31
13
14
14
23
21
15
39
27
52
31
28
49
34
18
60
18
9
62
22
13
28
42
70
31
27
14
46
32
63
45
55
20
34
45
50
24
18
39
35
20
24
29
116
72
62
103
24
89
56
45
85
64
104
34
65
63
51
10
40
100
110
161
121
69
58
25
91
162
88
123
217
131
154
53
187
42
45
11
129
166
90
41
134
166
25
62
101
35
127
106
97
166
16
89
141
379
280
20
97
220
128
145
86
33
107
197
45
91
236
63
222
108
195
98
93
224
168
188
64
140
189
66
229
299
109
334
104
219
263
313
178
340
337
245
103
124
120
156
53
20
133
184
149
136
183
203
238
282
125
338
84
207
305
116
315
232
203
187
149
165
157
174
149
173
169
165
159
143
40
145
131
22
11
20
142
117
183
201
205
252
226
224
176
43
268
272
228
255
202
280
266
234
212
189
211
199
234
206
12
161
249
433
422
190
160
214
189
167
21
15
215
297
43
317
317
499
461
31
34
207
183
188
205
166
183
172
178
265
237
255
333
452
499
99
244
461
136
164
17
246
165
338
499
484
124
252
275
250
11
10
27
12
76
295
398
348
498
329
499
185
499
499
499
499
499
499
325
49
35
130
272
261
329
176
226
265
188
22
58
108
14
189
169
65
216
393
142
193
176
149
175
159
171
153
155
111
151
140
160
155
97
170
195
200
167
161
41
156
202
298
183
136
251
262
261
193
209
187
198
194
170
213
179
227
173
203
191
188
173
188
183
163
203
85
101
66
176
180
177
179
166
173
173
161
161
145
146
13
164
220
166
175
133
202
193
195
243
269
198
207
207
237
224
193
188
235
246
193
210
234
207
230
217
200
186
172
100
336
345
499
499
499
499
364
295
95
88
90
81
77
232
150
140
125
132
131
144
159
135
143
20
171
159
173
162
175
184
154
155
186
173
185
171
183
166
173
165
196
144
154
220
183
56
206
200
176
192
228
377
211
328
43
188
179
336
58
15
171
141
178
141
150
165
133
167
156
161
159
159
149
141
157
134
88
332
155
166
208
331
235
248
496
186
33
76
178
212
197
162
156
176
97
150
209
152
127
156
123
123
131
135
122
123
130
128
138
127
72
134
155
135
143
148
143
150
163
147
131
133
140
143
115
390
401
229
164
355
311
343
335
152
238
119
149
117
113
135
106
121
107
125
125
151
168
126
96
107
125
154
128
257
250
119
103
115
111
110
105
102
168
104
121
35
109
104
158
120
154
74
185
166
62
142
24
97
100
102
113
96
103
98
102
105
94
98
106
99
99
101
108
99
113
203
102
111
137
111
129
131
156
169
136
205
166
29
12
35
97
415
177
174
133
131
124
135
133
114
129
139
134
114
149
62
198
190
143
138
203
179
138
268
240
175
207
203
144
151
139
152
133
185
252
267
81
231
206
172
164
138
125
122
147
138
137
155
107
253
234
116
191
234
191
219
76
167
140
306
296
267
188
196
146
162
29
226
33
47
336
309
151
183
224
264
283
386
337
22
407
356
499
176
122
181
143
163
126
128
136
146
152
148
147
150
162
147
153
184
80
22
127
162
248
369
371
317
115
169
239
396
134
194
237
138
160
134
144
152
110
159
181
57
135
61
35
96
102
98
129
139
169
158
131
106
119
122
149
160
155
158
140
171
175
159
161
170
172
142
154
162
145
306
385
186
118
260
443
499
257
326
221
146
74
107
188
150
176
370
499
356
240
276
100
165
348
329
294
246
499
153
177
127
123
125
117
111
110
144
123
117
129
135
116
116
112
132
121
124
46
106
102
232
381
499
499
20
9
19
10
12
30
242
356
325
241
254
236
266
312
232
276
238
223
278
244
247
243
283
199
157
202
20
90
184
184
342
204
210
239
232
205
47
407
115
499
477
183
240
297
201
202
184
142
16
142
167
132
194
191
154
141
177
175
200
145
199
182
144
170
152
139
131
57
18
120
86
180
47
127
137
173
300
218
152
131
120
125
128
114
129
129
114
117
26
114
50
253
499
235
127
132
87
218
197
191
233
259
119
169
223
182
181
160
168
163
195
173
280
182
190
202
188
181
39
81
11
19
368
173
233
187
234
293
233
210
242
204
267
131
85
420
331
230
200
204
196
195
181
242
238
225
240
251
195
