31
27
20
26
31
13
13
15
11
19
15
19
11
15
19
25
15
17
13
25
117
21
20
13
13
19
10
29
22
20
25
19
14
10
16
24
21
15
11
23
37
16
14
57
13
30
48
20
18
14
91
95
134
56
41
27
13
145
28
82
73
32
12
67
53
11
17
45
19
61
31
64
153
95
32
42
16
44
38
27
47
47
14
34
48
127
30
103
22
47
23
18
11
55
15
32
85
39
313
110
13
19
46
87
38
225
151
42
22
15
29
137
263
60
42
242
14
85
20
20
25
54
100
129
46
11
42
20
83
29
57
56
33
88
86
13
49
60
48
159
37
211
48
49
10
140
75
15
176
85
78
49
147
100
167
177
43
193
128
170
47
127
141
52
65
26
37
65
47
163
102
50
339
41
51
287
56
250
44
20
177
11
13
96
45
90
84
161
166
187
153
15
136
164
85
142
405
61
129
83
38
81
276
24
101
70
58
36
96
214
43
179
71
195
28
11
156
116
137
10
116
41
23
141
63
125
33
31
114
73
27
53
104
229
85
72
56
27
14
156
68
89
182
91
139
53
81
338
13
92
68
155
61
36
147
30
50
20
78
61
19
14
214
248
69
33
17
66
67
51
141
29
99
118
134
139
213
118
119
12
12
67
15
26
14
14
44
62
74
124
50
207
78
135
385
13
13
65
13
26
78
173
64
51
104
16
66
147
127
170
150
15
102
32
156
95
142
18
116
104
56
13
21
126
17
47
30
67
121
118
37
158
151
312
192
255
70
146
143
139
28
63
24
86
79
321
34
164
76
45
320
15
33
292
42
12
151
71
239
33
326
98
26
103
185
135
166
106
22
12
152
19
70
308
38
203
143
130
66
13
32
33
12
29
96
28
133
127
85
244
168
13
159
270
34
270
44
36
100
218
44
17
131
98
14
19
44
60
75
29
193
241
113
78
150
178
98
19
194
43
243
181
11
38
95
27
57
12
142
191
57
50
200
188
112
119
48
69
102
134
143
160
32
144
40
120
155
90
97
167
60
111
160
144
115
55
18
27
134
66
129
70
152
114
27
108
106
103
97
15
33
99
99
148
175
116
123
113
123
134
73
82
119
39
129
117
108
11
12
22
147
116
116
118
132
110
89
95
88
120
21
107
130
112
102
114
127
120
11
113
72
51
99
55
96
106
124
121
145
174
157
75
87
17
46
9
38
150
153
47
83
77
119
9
118
48
24
54
22
165
147
25
205
167
99
51
60
139
171
147
130
38
136
50
151
115
34
31
30
90
60
126
110
106
118
136
122
106
119
176
91
137
149
26
191
117
77
134
134
168
81
144
31
139
218
101
216
95
30
17
85
117
47
182
111
93
142
141
144
145
101
206
53
34
55
178
184
137
162
123
45
166
118
105
130
123
141
209
90
180
83
111
119
115
107
117
32
144
130
115
118
125
132
126
122
82
35
191
138
266
236
238
403
158
246
24
20
58
94
140
202
145
150
145
137
163
200
158
143
103
141
127
328
279
147
152
173
127
52
151
69
143
137
198
160
179
224
164
287
172
232
203
248
218
195
242
263
88
275
270
495
105
185
142
126
128
61
157
132
73
106
147
315
228
96
205
172
20
151
91
208
191
249
156
124
214
125
140
189
235
156
39
230
156
500
206
167
70
95
214
152
161
237
308
99
193
145
60
34
12
35
171
248
187
220
173
235
210
136
178
123
125
143
123
93
161
107
185
361
184
75
131
152
138
127
187
183
206
241
486
200
153
152
137
81
112
163
105
217
126
164
203
175
188
132
139
138
137
200
195
159
500
202
227
33
196
242
147
151
144
127
127
118
146
127
143
96
16
167
248
217
123
32
46
132
135
92
106
75
134
144
195
113
205
192
80
186
136
211
106
70
105
148
70
128
12
113
126
105
15
135
115
67
59
104
12
103
16
113
122
127
114
146
115
111
124
105
102
111
90
41
95
207
111
100
97
128
71
28
133
126
350
500
61
179
256
254
214
155
192
201
256
437
214
80
147
134
156
98
150
107
134
136
136
118
103
145
117
104
110
115
139
135
77
113
109
147
139
167
113
120
127
104
150
279
205
153
325
30
150
72
81
15
72
20
18
29
16
20
25
16
12
18
20
12
12
21
67
174
73
106
93
83
126
116
139
125
113
117
117
111
102
374
447
46
176
170
137
152
140
142
147
125
233
113
140
158
170
156
127
133
138
119
115
115
125
109
118
115
215
168
212
152
43
93
152
48
244
223
126
114
113
129
116
162
92
105
131
156
147
