26
15
14
19
34
28
15
59
32
12
10
12
20
10
21
18
15
34
13
33
18
23
20
8
39
11
14
15
21
18
8
17
13
11
20
16
39
10
11
16
13
19
16
18
18
11
35
20
12
21
15
24
26
13
15
29
22
12
11
11
9
11
7
8
14
8
20
15
10
9
10
37
26
10
33
68
15
21
115
58
33
13
38
44
32
58
14
40
9
27
15
35
95
45
17
41
32
54
22
48
120
58
41
22
49
45
21
70
47
21
147
63
84
39
10
110
150
45
86
90
97
73
192
169
101
21
71
84
178
45
160
49
155
184
124
150
81
265
35
22
221
171
129
22
116
106
82
91
55
98
196
170
46
96
211
98
85
167
202
134
55
222
132
112
183
38
182
177
215
298
201
207
139
174
19
304
14
80
359
186
424
149
499
39
249
13
88
196
428
138
128
375
249
435
486
69
417
233
305
374
216
76
215
14
34
41
19
398
499
137
196
499
229
291
305
292
313
182
499
62
499
15
210
130
55
246
384
70
81
119
499
98
499
134
499
367
26
135
47
49
499
499
161
63
161
25
130
120
116
120
118
120
129
127
129
118
114
118
128
113
42
14
110
114
112
118
114
128
128
61
200
49
159
84
85
14
161
177
200
201
164
164
175
173
184
184
121
180
67
277
274
236
141
137
159
235
152
308
179
219
192
215
155
183
227
119
293
223
232
205
191
168
178
143
172
148
165
61
15
32
27
499
232
195
189
99
185
203
182
184
205
184
174
181
177
31
156
167
179
154
185
173
200
205
180
161
221
145
133
74
52
202
194
256
134
170
101
93
196
153
170
250
167
148
152
165
185
177
131
249
327
124
185
27
198
157
170
214
250
268
111
137
142
199
187
166
40
203
113
107
107
132
109
138
124
117
122
119
126
111
141
112
130
144
151
158
499
251
289
499
296
12
305
198
277
376
261
499
283
499
127
102
108
128
125
134
137
499
134
47
181
15
15
499
85
227
499
499
499
499
499
250
499
155
46
109
27
333
154
199
132
197
170
151
137
105
122
113
8
9
123
173
136
34
261
154
140
133
185
173
161
136
147
162
188
211
222
164
220
250
148
147
173
145
135
141
141
161
131
141
141
17
13
130
227
138
125
21
109
142
37
159
151
134
148
162
106
114
144
145
196
137
218
466
334
211
403
302
413
163
322
131
108
121
10
10
10
184
182
186
143
147
287
190
131
132
131
147
122
119
128
131
130
130
125
134
145
155
155
135
153
144
121
139
150
160
147
135
168
203
153
142
120
166
9
9
10
13
29
102
127
137
118
112
103
134
126
159
250
157
499
141
260
135
194
182
171
196
266
212
172
123
158
145
219
242
190
130
121
157
179
121
172
142
122
176
201
124
139
129
124
135
130
127
121
129
122
110
118
121
113
119
104
97
48
142
150
153
134
154
145
137
346
160
131
147
143
198
157
163
144
167
152
183
100
114
167
118
21
359
228
214
301
199
223
126
148
147
144
144
138
134
137
137
140
131
110
125
122
131
138
130
139
37
159
198
221
217
401
347
448
290
276
179
163
138
135
312
379
363
499
135
281
180
247
400
183
124
103
126
99
145
114
117
126
14
11
114
175
123
169
125
132
130
139
168
137
142
499
11
106
19
132
235
312
204
200
227
171
334
165
177
175
186
252
200
166
153
499
200
186
203
273
210
499
21
30
111
239
118
164
76
8
9
10
28
144
198
166
312
310
194
499
254
136
325
149
240
158
118
140
228
130
151
141
11
252
237
387
244
133
184
228
169
145
165
121
151
151
137
143
167
145
174
154
154
153
206
170
429
447
325
318
216
175
206
190
114
199
141
145
145
155
143
56
118
220
142
277
149
147
141
132
133
166
184
225
103
147
144
165
145
119
142
148
154
341
150
324
252
278
265
239
274
264
179
189
234
158
157
142
161
116
135
126
110
105
116
125
110
107
140
106
130
126
130
135
51
17
37
15
29
10
12
9
14
17
16
40
46
37
104
124
140
146
131
131
137
123
116
113
122
125
120
119
117
113
108
113
109
113
111
111
109
104
103
104
106
102
106
46
102
110
118
128
122
129
119
164
134
117
131
19
79
177
150
144
168
257
339
170
119
132
144
107
136
161
142
146
136
133
148
139
151
157
140
152
183
151
157
141
152
22
165
422
121
121
143
140
124
124
140
145
134
125
171
135
152
136
143
167
123
373
217
499
199
155
153
166
128
9
20
105
115
134
170
165
169
137
134
138
143
142
128
130
139
134
170
154
130
