24
15
17
11
45
16
15
15
12
12
11
19
34
19
15
13
8
19
14
21
14
37
11
13
10
18
22
27
34
13
10
23
11
17
16
10
20
17
30
19
29
8
25
10
30
16
23
12
14
16
15
18
18
15
11
24
12
30
9
19
14
13
11
10
25
13
11
14
14
14
12
17
12
10
13
11
23
13
16
9
30
12
9
10
18
12
8
12
16
14
19
9
10
11
12
9
9
13
18
9
12
10
17
13
10
13
19
10
20
15
12
9
15
19
22
10
14
11
13
13
16
16
10
22
14
19
10
16
22
10
20
14
11
8
15
8
8
12
10
10
17
8
22
12
17
21
11
9
11
13
17
8
10
11
11
15
11
14
8
12
11
10
9
12
15
11
14
14
24
10
11
11
11
8
10
9
13
15
8
8
11
11
11
10
10
8
17
9
10
9
13
8
11
14
11
22
9
13
9
10
9
8
8
16
9
8
10
14
9
9
9
9
10
13
11
13
10
14
12
23
13
33
9
9
10
12
8
10
9
9
10
11
9
10
26
19
9
27
9
13
13
21
10
18
10
20
12
11
8
10
24
10
21
9
36
11
10
21
9
28
24
9
11
10
20
14
8
21
10
27
12
11
8
74
8
9
8
8
9
8
8
9
11
9
11
19
11
9
10
8
10
11
9
11
12
9
12
8
9
11
7
9
20
10
9
9
11
9
8
9
11
10
9
15
13
10
9
11
10
9
11
9
8
9
8
20
15
11
9
7
11
15
10
9
22
15
10
8
10
22
17
20
11
12
9
9
9
11
18
21
19
18
18
8
22
44
15
8
16
25
21
8
14
16
24
17
36
13
11
9
8
20
18
11
13
27
34
39
25
22
14
20
14
15
19
38
16
9
14
16
24
39
9
35
25
20
24
31
14
40
39
52
29
23
52
28
61
69
22
43
26
61
15
97
69
52
57
42
71
11
21
70
32
122
43
32
83
29
62
54
12
32
117
187
175
12
163
23
64
28
39
67
84
20
36
28
29
34
23
39
57
33
30
41
53
49
78
21
41
55
12
41
37
31
70
28
48
34
21
64
39
39
43
52
14
12
58
44
72
45
64
28
19
71
40
12
52
8
9
54
30
22
88
64
31
9
50
60
75
7
13
63
11
9
10
62
21
21
10
53
12
59
55
33
52
94
8
42
58
29
17
18
14
42
19
31
16
34
63
33
52
16
13
19
37
48
68
42
38
21
36
16
15
18
97
46
17
31
39
13
31
24
21
33
18
19
31
16
20
16
38
14
14
20
18
24
24
14
19
17
26
31
27
19
18
12
11
13
60
52
68
14
29
48
26
52
10
22
24
24
26
24
22
40
21
44
14
28
29
29
13
31
17
16
16
53
19
19
18
39
28
17
16
28
19
14
21
17
14
17
22
17
17
13
35
12
34
23
20
20
25
27
26
24
26
17
24
21
22
15
17
15
17
17
22
20
22
22
33
17
20
17
15
21
15
12
27
30
34
18
17
12
20
20
28
20
32
20
21
17
33
16
20
25
20
18
21
14
25
23
11
20
15
32
21
16
52
17
12
12
41
23
24
15
63
13
13
12
13
14
9
26
34
14
45
24
48
28
26
14
16
28
29
17
11
36
14
39
51
26
29
32
15
36
29
35
30
20
14
45
15
41
33
14
14
13
60
50
14
15
24
24
55
12
27
21
40
24
22
16
19
23
40
21
30
23
14
78
44
38
27
40
32
28
51
27
15
33
36
21
44
45
26
44
14
14
46
41
42
15
17
21
27
11
13
35
24
13
28
28
59
15
22
48
43
19
30
30
76
9
54
58
13
18
94
20
15
15
21
47
13
53
24
28
47
10
10
31
21
19
27
65
219
61
146
79
71
123
38
14
58
19
21
56
65
31
45
51
120
85
42
61
63
21
26
54
178
106
96
122
112
103
127
79
128
10
38
75
36
16
125
55
32
173
58
48
89
49
60
95
69
59
37
102
62
75
37
82
52
66
105
50
107
56
75
12
27
38
19
25
12
14
8
18
31
23
22
68
56
19
76
67
44
81
20
34
19
36
51
73
24
28
71
64
22
82
70
43
53
49
30
36
40
42
102
85
17
20
17
20
34
66
109
52
9
60
22
11
85
32
9
58
43
37
48
63
38
40
43
110
16
28
9
56
63
84
19
22
61
72
65
36
58
86
46
28
100
41
35
32
84
29
54
35
52
33
30
33
24
26
63
39
45
16
27
35
21
28
40
49
26
43
28
42
18
44
46
41
26
33
