36
15
24
26
28
13
11
32
12
19
17
24
37
11
23
24
33
15
17
11
9
20
18
22
17
18
19
11
19
26
22
15
19
11
25
48
11
15
17
13
18
23
18
9
11
12
14
14
29
26
18
10
17
41
20
12
19
14
14
16
13
13
12
8
9
11
12
17
11
12
9
12
24
31
16
41
50
48
15
58
29
28
25
37
42
45
43
53
54
23
49
37
26
19
49
18
36
30
45
18
130
40
62
76
25
47
49
20
42
61
17
25
47
32
56
40
87
31
20
37
73
42
57
63
121
190
44
28
63
57
67
163
108
37
74
46
88
105
69
106
73
78
38
51
118
85
242
136
139
327
94
139
102
129
128
240
77
76
148
195
34
198
53
105
234
177
126
121
181
113
450
236
248
165
316
367
151
223
195
80
174
200
179
431
371
39
207
247
362
280
473
17
36
29
478
223
170
499
402
151
358
57
298
326
499
305
158
341
406
41
395
297
28
262
289
305
207
41
257
149
403
485
348
363
126
354
139
349
272
340
205
499
307
294
185
304
226
351
285
332
81
492
346
292
370
190
347
376
129
212
67
346
398
337
298
289
92
276
247
417
384
352
403
365
412
316
357
393
372
316
485
307
364
327
34
275
124
408
240
74
294
235
203
499
76
327
344
375
155
48
368
263
238
121
407
73
89
305
253
306
283
383
333
239
377
316
312
315
469
320
385
223
399
233
342
281
286
297
499
279
271
499
22
106
290
327
459
224
499
295
274
123
345
386
279
79
277
333
359
332
301
324
341
256
259
499
434
284
24
339
474
377
282
300
219
244
309
211
336
499
499
477
237
257
256
450
286
357
474
333
256
407
233
296
198
399
247
340
385
336
291
337
443
366
241
256
446
499
430
257
350
330
282
345
382
304
369
326
333
29
314
320
375
281
331
347
227
294
287
297
285
312
367
281
333
448
368
401
255
380
324
256
286
376
255
276
312
470
263
354
265
342
351
490
459
328
326
179
451
421
33
459
360
289
214
352
297
343
432
361
323
353
452
431
366
332
430
294
359
431
393
236
339
274
285
499
499
499
307
267
238
345
343
486
234
362
358
484
324
284
353
402
380
286
336
315
243
344
326
249
317
244
366
261
401
277
242
194
221
337
285
155
310
428
273
321
316
298
102
226
236
344
315
245
218
236
451
258
246
257
282
318
272
239
373
396
264
499
259
299
272
271
240
499
123
252
266
459
337
265
350
279
151
250
229
214
195
271
240
139
297
346
415
499
334
254
330
324
205
377
209
499
255
333
336
437
280
165
298
281
366
327
365
299
323
313
215
326
434
287
215
155
231
256
294
343
265
158
227
381
187
331
268
205
234
354
293
270
295
308
291
242
231
233
289
263
111
214
457
243
295
315
306
175
422
231
270
499
328
421
179
209
246
331
189
243
241
144
301
204
169
189
232
147
158
250
166
239
261
304
284
441
212
385
192
235
170
201
195
344
110
411
499
247
499
322
62
49
29
270
165
262
237
353
342
281
429
347
191
499
290
408
213
11
210
274
202
268
209
423
312
473
235
176
223
337
367
204
169
327
233
171
286
499
217
238
220
100
324
223
171
172
206
230
222
53
186
210
339
174
149
233
256
363
312
168
250
209
152
193
286
165
195
213
20
170
499
152
200
162
217
174
499
159
166
227
210
282
364
282
204
141
310
200
191
426
164
499
110
202
367
164
300
159
228
159
248
42
248
232
169
230
315
152
126
259
175
204
149
173
159
228
255
158
155
180
148
186
150
214
164
216
115
223
249
161
386
142
175
302
177
163
276
199
160
187
262
275
319
124
278
217
214
241
240
119
237
258
158
181
295
353
287
196
185
180
387
157
168
248
280
215
260
240
293
133
117
228
208
170
388
171
86
269
187
240
199
187
187
261
465
168
223
221
242
144
148
174
495
214
201
310
289
368
272
499
322
310
178
368
254
363
145
223
203
440
413
204
341
167
146
163
392
115
231
250
129
216
335
155
168
235
141
144
206
138
209
185
218
214
174
322
153
194
157
137
151
154
170
228
165
141
242
257
151
255
178
499
255
262
194
207
238
187
165
147
133
331
176
187
305
183
239
133
208
313
177
368
220
157
105
209
231
189
277
211
227
135
382
372
346
131
174
249
181
156
328
240
213
457
209
233
145
172
329
370
453
170
178
170
250
218
186
266
239
277
200
176
372
244
164
169
188
214
262
144
180
200
175
340
146
193
282
251
288
35
239
171
137
99
268
53
138
157
151
192
175
264
201
144
