29
23
19
26
19
28
34
18
19
32
15
15
23
33
10
25
11
18
11
20
10
20
27
20
18
10
15
14
15
17
13
12
8
12
10
12
11
22
13
13
19
12
12
20
14
15
8
27
9
10
36
27
17
29
10
26
22
22
10
14
10
25
12
12
12
16
15
18
9
41
19
17
25
19
15
22
50
9
15
53
9
17
12
30
11
15
14
9
22
18
13
10
12
11
14
12
12
19
10
16
16
20
11
21
16
16
11
11
38
47
11
13
16
9
15
9
9
16
11
8
10
12
17
10
27
9
9
10
13
12
7
34
10
8
21
9
16
11
7
10
8
12
14
11
17
13
12
19
9
12
9
13
9
18
16
22
12
10
10
12
15
14
18
12
14
10
11
12
8
7
9
11
16
14
9
19
10
15
10
8
10
9
8
13
12
10
9
10
7
10
10
8
9
11
8
9
10
15
9
14
11
9
11
10
10
7
10
13
8
13
11
7
8
9
9
11
11
10
7
13
10
13
8
9
9
9
9
12
10
9
9
11
11
10
14
13
8
16
8
10
8
9
7
10
8
11
10
10
12
9
8
10
14
12
9
8
7
14
10
8
11
11
8
9
9
9
9
10
8
10
8
9
10
12
10
11
8
8
14
8
15
9
26
8
8
9
10
10
10
19
25
11
12
11
11
30
9
10
9
10
10
11
35
95
69
78
60
71
18
72
96
111
66
10
82
71
98
92
93
39
71
106
84
101
103
101
83
9
73
17
16
106
57
74
54
14
13
11
64
42
56
63
59
61
81
15
76
42
12
25
56
48
73
84
24
90
80
15
58
75
27
68
83
21
94
56
72
21
63
37
67
74
46
30
45
73
67
40
35
81
47
49
54
70
93
58
50
39
71
60
49
40
34
67
47
9
11
38
37
25
19
44
40
11
55
10
12
9
26
31
25
32
23
62
46
12
31
20
29
43
13
29
12
46
30
14
9
15
10
46
53
11
53
10
10
59
23
51
25
21
52
16
9
56
10
12
16
30
99
18
28
21
9
13
14
25
27
21
10
13
13
27
18
9
11
29
76
64
11
24
21
20
46
21
16
28
24
14
30
24
38
13
26
21
15
11
20
10
73
11
16
96
12
13
36
24
33
21
24
9
18
24
10
26
10
15
11
27
30
15
9
27
12
18
9
15
14
70
29
11
27
11
10
10
22
22
11
12
9
12
9
13
16
76
13
27
10
17
12
18
59
8
9
15
10
22
19
21
11
8
12
78
11
11
19
30
17
11
12
47
13
19
10
11
10
17
31
30
11
15
11
11
10
11
18
57
15
14
10
11
38
13
36
12
15
24
12
15
81
15
24
49
9
19
33
17
11
52
11
16
12
9
88
8
27
13
11
103
22
16
25
11
27
19
10
21
15
27
20
27
77
10
42
25
10
12
10
14
11
18
26
24
15
21
21
31
69
36
26
34
12
30
25
31
11
37
12
26
13
13
12
17
9
26
14
11
13
23
84
16
96
25
23
7
24
17
11
11
9
10
28
11
23
10
10
8
28
37
83
27
78
18
53
10
26
19
18
11
16
23
16
30
95
17
27
28
31
75
10
34
25
18
48
10
60
9
12
78
11
9
19
18
12
84
9
10
27
28
22
11
23
23
10
26
16
12
25
32
13
24
15
33
12
24
53
25
24
73
9
20
22
28
29
23
11
11
10
12
17
12
14
10
12
26
43
86
11
10
26
16
28
9
25
55
22
22
17
11
26
20
29
55
27
18
10
12
12
19
45
9
26
10
11
21
12
29
20
11
10
13
10
19
10
11
16
15
25
57
27
50
123
68
11
33
101
30
22
21
29
30
11
20
10
41
20
29
17
12
81
20
14
24
45
21
11
21
18
19
28
14
17
12
9
13
66
45
24
26
30
36
22
28
44
81
20
28
13
33
93
28
15
63
104
18
17
57
24
72
90
36
84
27
27
22
22
39
53
84
40
117
61
76
52
28
31
28
43
48
43
249
93
45
34
80
141
47
68
24
48
25
32
33
26
78
32
68
43
36
114
86
39
97
85
196
53
63
145
118
30
27
68
143
51
193
87
30
62
37
86
201
159
38
162
176
92
42
146
97
147
209
48
343
268
112
227
320
164
269
143
217
142
74
34
55
270
11
13
13
23
12
11
15
131
33
58
10
10
10
12
25
49
12
13
10
10
14
11
12
10
9
9
9
11
20
9
17
12
11
15
26
11
11
12
11
25
10
12
29
12
17
9
11
20
9
12
12
11
9
11
13
