24
18
15
13
31
20
16
17
20
11
28
27
13
10
21
10
11
17
9
18
17
11
23
37
24
15
22
23
15
20
13
11
18
12
19
13
17
16
15
14
25
11
48
10
10
33
28
21
25
15
12
33
20
56
12
34
75
71
60
67
19
24
85
30
68
17
21
129
94
21
37
25
117
14
32
14
45
18
87
114
38
43
28
112
17
23
100
110
46
30
99
29
103
38
27
82
34
114
40
68
65
103
23
62
168
83
79
205
46
64
61
68
30
20
87
101
132
13
46
118
117
91
106
119
87
147
135
57
198
72
109
58
19
61
182
62
42
87
55
101
53
273
136
244
106
36
41
192
176
135
338
225
179
116
267
291
21
153
214
16
112
241
98
248
362
99
116
247
13
129
141
17
26
64
60
355
380
66
499
144
316
232
108
170
125
187
499
173
58
73
93
343
154
114
16
172
189
203
89
415
120
499
45
320
31
244
347
499
283
18
445
211
320
191
16
15
27
25
149
246
172
225
218
171
22
177
166
82
233
158
163
161
139
157
246
181
212
162
186
189
161
168
261
9
147
13
321
499
293
330
176
473
336
177
318
460
310
347
280
366
499
499
499
27
499
499
222
200
183
253
186
90
49
195
15
33
11
221
189
135
37
210
294
419
217
333
446
310
499
448
499
263
426
68
13
191
191
256
34
228
200
192
222
238
52
168
184
306
448
215
272
228
262
499
223
499
199
499
43
168
305
158
56
93
69
263
417
121
272
184
228
162
153
358
193
148
168
171
172
132
142
50
145
137
130
138
135
156
130
123
127
139
125
123
121
13
128
127
200
405
311
464
137
119
117
143
203
305
132
265
289
155
179
329
132
138
126
109
13
103
11
17
31
14
12
16
38
23
31
112
108
148
134
147
153
144
170
143
120
137
138
141
131
141
119
120
129
114
108
130
115
111
125
103
107
117
107
110
121
113
111
104
105
105
109
105
109
14
105
22
108
113
115
108
116
108
16
121
120
115
107
104
115
109
114
119
113
114
111
113
112
112
111
105
105
106
108
78
101
113
110
105
119
108
87
120
147
120
211
127
333
179
148
136
132
139
192
184
163
141
499
122
311
141
126
126
129
139
135
135
157
140
143
152
134
132
159
127
151
138
149
166
145
158
144
95
59
51
130
134
120
115
139
147
145
140
128
154
140
176
151
175
157
145
154
135
150
150
151
176
184
189
153
202
197
407
241
392
188
142
127
230
152
200
160
147
133
165
132
228
140
254
150
171
167
112
226
137
138
164
126
192
83
155
38
136
178
252
435
280
214
238
172
194
280
164
180
184
177
190
175
178
179
179
179
166
185
158
164
172
174
159
173
157
194
164
154
168
173
172
168
159
159
217
153
161
171
160
181
176
189
171
176
164
188
170
179
183
173
169
181
186
189
189
184
212
179
178
183
173
206
177
195
200
193
205
208
235
194
309
235
277
499
284
263
265
232
178
301
209
264
242
265
89
22
10
20
14
11
10
28
35
44
41
37
499
321
160
189
245
217
191
172
193
192
148
170
130
164
137
127
153
150
163
158
148
180
196
198
143
159
92
173
260
171
174
165
173
149
166
151
159
151
182
168
175
150
171
182
158
67
166
143
152
12
10
13
18
47
13
211
163
180
195
156
187
178
216
199
278
237
318
154
172
156
122
435
131
171
231
147
176
136
159
137
134
152
153
144
181
245
236
280
183
305
286
186
188
233
123
178
92
54
128
138
215
152
221
170
129
134
138
129
137
136
153
135
154
173
146
157
169
191
204
234
42
210
193
202
194
133
134
10
133
257
215
140
152
99
132
138
127
93
142
290
232
155
146
145
150
166
165
178
166
157
98
140
139
144
156
154
143
146
145
159
164
188
140
137
162
142
169
167
146
131
136
164
139
138
142
138
136
131
135
130
143
134
118
120
119
127
20
18
18
9
71
26
53
157
106
119
81
120
136
240
170
210
171
182
149
173
167
152
142
138
137
142
141
149
170
154
160
160
144
150
140
125
118
124
132
125
136
163
204
212
151
126
132
111
181
233
35
18
49
117
173
185
148
291
294
202
17
27
120
169
157
179
156
23
23
26
124
413
201
249
245
178
196
173
499
118
135
143
119
439
116
107
116
113
109
118
114
106
106
109
116
109
112
106
104
114
102
104
105
111
103
106
105
112
109
107
103
106
103
111
105
105
108
111
106
105
107
22
16
39
96
121
59
105
137
187
177
141
121
178
162
197
150
144
154
147
157
168
144
150
162
181
146
158
168
