38
16
20
32
23
27
15
24
61
16
20
16
11
25
52
15
18
18
12
19
33
17
16
12
21
14
12
19
50
11
15
16
12
22
16
24
28
34
15
13
10
15
11
11
13
30
11
14
18
35
18
10
15
22
18
15
15
14
10
13
17
29
27
43
66
34
25
52
23
18
26
28
48
36
101
44
17
33
21
57
10
22
74
25
51
14
27
51
78
42
24
54
54
81
111
19
15
46
23
41
11
59
41
71
195
71
64
34
83
84
63
54
49
29
21
50
50
29
40
75
70
121
181
91
28
19
182
32
115
103
57
100
161
135
169
30
156
21
179
26
71
190
66
85
171
82
63
172
50
173
156
48
145
151
22
249
309
226
174
103
267
236
99
150
145
351
245
107
55
188
47
196
30
117
232
211
202
162
261
367
215
275
198
117
74
154
173
139
40
342
43
254
130
153
19
307
198
454
291
211
253
29
300
318
234
308
351
83
87
182
208
374
45
38
265
23
244
131
403
339
163
22
264
171
317
12
295
179
377
219
309
187
201
122
228
155
106
16
145
154
146
23
166
174
22
153
168
500
330
222
294
44
471
46
360
135
36
104
110
500
357
462
12
77
226
303
422
186
91
80
137
151
199
190
128
173
56
478
295
136
324
73
206
423
344
257
500
19
419
307
56
134
242
459
284
284
299
370
348
269
500
436
500
19
38
83
165
269
149
274
384
53
107
34
436
500
196
500
446
500
500
500
254
225
141
12
186
171
182
15
264
268
231
205
155
137
222
20
92
282
105
146
142
141
144
137
144
216
186
259
234
314
266
272
327
197
309
69
62
265
174
380
302
500
352
303
309
333
344
500
275
118
103
450
215
188
252
248
353
238
276
199
167
142
263
14
57
153
236
221
225
233
32
183
177
191
191
178
174
163
174
21
165
174
172
161
171
147
168
158
147
149
149
142
151
153
164
142
152
149
172
128
147
140
139
140
137
135
11
134
148
151
141
149
146
132
149
143
153
139
127
105
148
111
43
145
142
138
158
12
142
135
147
158
177
175
176
192
182
173
40
167
176
162
176
172
193
163
186
188
244
170
169
25
262
228
45
199
188
179
187
182
149
174
166
176
175
188
176
142
264
341
312
295
219
162
310
177
211
258
400
241
222
227
447
407
96
124
36
135
17
22
31
16
175
339
293
276
252
216
260
200
254
229
226
230
238
217
146
179
222
257
312
244
331
258
226
251
245
234
253
219
236
87
28
308
277
246
259
303
263
278
253
183
500
71
380
459
62
341
443
500
476
310
276
292
313
263
221
500
68
112
14
12
273
60
500
239
109
83
211
282
208
195
210
173
197
167
179
188
193
186
192
202
204
216
239
222
216
243
247
278
277
345
426
215
29
182
195
201
180
135
155
165
182
159
171
169
180
170
185
220
215
241
225
228
285
233
219
211
263
26
52
247
62
200
225
257
197
207
258
245
268
211
215
190
203
217
186
201
214
203
21
244
345
295
335
227
500
95
500
500
260
381
245
182
172
197
228
203
189
200
216
180
173
158
163
179
176
182
190
186
147
169
200
167
133
500
186
333
325
191
299
243
287
365
287
185
197
15
63
500
268
276
372
266
315
294
329
364
406
476
500
241
301
270
399
500
156
178
175
185
140
157
142
158
154
145
148
148
183
190
168
186
276
253
180
171
167
180
175
163
133
14
26
42
89
190
214
225
195
196
179
188
180
189
166
183
211
210
235
274
317
281
215
49
389
338
380
349
323
12
423
500
500
500
137
41
452
500
489
320
297
350
272
324
430
302
430
287
81
10
422
154
483
176
367
476
179
122
56
34
45
11
30
500
206
476
263
195
177
174
224
500
212
234
212
123
181
227
203
198
190
171
166
195
174
198
223
199
229
206
208
245
200
160
187
205
163
201
198
249
234
237
286
225
225
248
188
97
14
90
165
40
62
75
147
116
103
190
146
152
158
160
153
164
150
161
153
164
176
144
149
162
180
184
88
118
104
257
189
164
168
363
500
310
223
237
254
214
207
238
226
224
249
246
266
265
234
265
252
252
100
216
240
100
242
188
208
218
211
191
182
188
248
216
240
204
192
210
144
141
138
165
205
183
278
163
172
218
279
198
264
189
149
500
500
500
500
500
32
500
500
500
500
472
500
500
500
500
500
500
500
500
500
500
500
11
65
77
500
334
500
154
144
168
175
157
190
151
141
142
147
152
149
252
23
11
78
134
129
194
138
146
143
139
148
141
179
125
43
146
130
131
113
140
125
129
123
126
