25
19
16
14
32
21
17
18
21
12
29
28
14
11
22
11
12
18
10
19
18
12
24
38
25
16
23
24
16
21
14
12
19
13
20
14
18
17
16
15
26
12
49
11
11
34
29
22
26
16
13
34
21
57
13
35
76
72
61
68
20
25
86
31
69
18
22
130
95
22
38
26
118
15
33
15
46
19
88
115
39
44
29
113
18
24
101
111
47
31
100
30
104
39
28
83
35
115
41
69
66
104
24
63
169
84
80
206
47
65
62
69
31
21
88
102
133
14
47
119
118
92
107
120
88
148
136
58
199
73
110
59
20
62
183
63
43
88
56
102
54
274
137
245
107
37
42
193
177
136
339
226
180
117
268
292
22
154
215
17
113
242
99
249
363
100
117
248
14
130
142
18
27
65
61
356
381
67
500
145
317
233
109
171
126
188
500
174
59
74
94
344
155
115
17
173
190
204
90
416
121
500
46
321
32
245
348
500
284
19
446
212
321
192
17
16
28
26
150
247
173
226
219
172
23
178
167
83
234
159
164
162
140
158
247
182
213
163
187
190
162
169
262
10
148
14
322
500
294
331
177
474
337
178
319
461
311
348
281
367
500
500
500
28
500
500
223
201
184
254
187
91
50
196
16
34
12
222
190
136
38
211
295
420
218
334
447
311
500
449
500
264
427
69
14
192
192
257
35
229
201
193
223
239
53
169
185
307
449
216
273
229
263
500
224
500
200
500
44
169
306
159
57
94
70
264
418
122
273
185
229
163
154
359
194
149
169
172
173
133
143
51
146
138
131
139
136
157
131
124
128
140
126
124
122
14
129
128
201
406
312
465
138
120
118
144
204
306
133
266
290
156
180
330
133
139
127
110
14
104
12
18
32
15
13
17
39
24
32
113
109
149
135
148
154
145
171
144
121
138
139
142
132
142
120
121
130
115
109
131
116
112
126
104
108
118
108
111
122
114
112
105
106
106
110
106
110
15
106
23
109
114
116
109
117
109
17
122
121
116
108
105
116
110
115
120
114
115
112
114
113
113
112
106
106
107
109
79
102
114
111
106
120
109
88
121
148
121
212
128
334
180
149
137
133
140
193
185
164
142
500
123
312
142
127
127
130
140
136
136
158
141
144
153
135
133
160
128
152
139
150
167
146
159
145
96
60
52
131
135
121
116
140
148
146
141
129
155
141
177
152
176
158
146
155
136
151
151
152
177
185
190
154
203
198
408
242
393
189
143
128
231
153
201
161
148
134
166
133
229
141
255
151
172
168
113
227
138
139
165
127
193
84
156
39
137
179
253
436
281
215
239
173
195
281
165
181
185
178
191
176
179
180
180
180
167
186
159
165
173
175
160
174
158
195
165
155
169
174
173
169
160
160
218
154
162
172
161
182
177
190
172
177
165
189
171
180
184
174
170
182
187
190
190
185
213
180
179
184
174
207
178
196
201
194
206
209
236
195
310
236
278
500
285
264
266
233
179
302
210
265
243
266
90
23
11
21
15
12
11
29
36
45
42
38
500
322
161
190
246
218
192
173
194
193
149
171
131
165
138
128
154
151
164
159
149
181
197
199
144
160
93
174
261
172
175
166
174
150
167
152
160
152
183
169
176
151
172
183
159
68
167
144
153
13
11
14
19
48
14
212
164
181
196
157
188
179
217
200
279
238
319
155
173
157
123
436
132
172
232
148
177
137
160
138
135
153
154
145
182
246
237
281
184
306
287
187
189
234
124
179
93
55
129
139
216
153
222
171
130
135
139
130
138
137
154
136
155
174
147
158
170
192
205
235
43
211
194
203
195
134
135
11
134
258
216
141
153
100
133
139
128
94
143
291
233
156
147
146
151
167
166
179
167
158
99
141
140
145
157
155
144
147
146
160
165
189
141
138
163
143
170
168
147
132
137
165
140
139
143
139
137
132
136
131
144
135
119
121
120
128
21
19
19
10
72
27
54
158
107
120
82
121
137
241
171
211
172
183
150
174
168
153
143
139
138
143
142
150
171
155
161
161
145
151
141
126
119
125
133
126
137
164
205
213
152
127
133
112
182
234
36
19
50
118
174
186
149
292
295
203
18
28
121
170
158
180
157
24
24
27
125
414
202
250
246
179
197
174
500
119
136
144
120
440
117
108
117
114
110
119
115
107
107
110
117
110
113
107
105
115
103
105
106
112
104
107
106
113
110
108
104
107
104
112
106
106
109
112
107
106
108
23
17
40
97
122
60
106
138
188
178
142
122
179
163
198
151
145
155
148
158
169
145
151
163
182
147
159
169
