31
25
17
19
18
13
10
19
21
47
38
18
21
16
16
12
10
24
10
11
21
17
47
21
31
28
20
11
15
18
18
22
10
23
11
34
32
24
16
25
16
18
17
9
15
17
40
13
17
14
15
24
30
15
33
79
70
59
27
19
11
12
11
23
11
40
44
61
44
27
29
64
70
31
14
16
59
38
22
42
44
82
48
28
29
22
120
27
28
38
36
38
56
23
15
25
12
20
45
30
62
23
85
32
66
78
99
61
55
44
24
44
42
28
54
81
66
73
65
40
39
100
76
78
98
55
140
150
15
119
97
104
192
148
78
130
408
52
99
154
84
158
93
20
38
232
157
172
40
152
148
20
254
153
232
88
130
110
243
407
124
60
372
363
33
339
26
333
64
140
66
380
105
371
269
290
135
500
30
169
168
308
371
128
142
137
355
321
333
326
170
409
66
394
187
35
226
269
312
81
269
500
154
356
265
204
115
49
259
30
201
208
296
285
120
260
71
79
61
102
119
298
136
333
47
355
129
181
62
290
83
156
52
361
307
327
333
333
287
286
309
330
47
269
433
154
64
129
266
118
347
404
375
35
91
359
218
429
401
345
337
316
276
90
345
294
433
355
283
95
301
349
353
202
500
381
386
63
315
423
383
340
377
369
411
338
97
135
220
336
282
333
300
309
151
283
246
284
419
376
15
285
47
292
314
224
468
377
220
51
186
189
201
268
218
226
283
227
204
83
51
295
69
226
219
14
56
105
71
218
91
103
34
115
55
67
78
70
267
258
43
67
196
369
74
150
288
51
52
178
302
198
320
267
256
259
203
406
322
316
256
18
285
220
284
240
202
291
246
278
387
321
119
91
338
153
309
398
465
439
383
435
28
225
111
47
49
230
301
302
261
270
174
255
286
275
327
240
401
166
163
232
235
247
395
349
111
201
154
266
245
150
190
204
195
175
284
192
311
250
266
165
159
148
161
361
187
212
283
73
177
121
164
412
193
147
145
209
29
129
128
107
158
114
14
134
115
122
157
134
110
126
123
113
270
139
133
178
168
144
110
320
83
218
31
186
91
153
220
175
142
199
109
33
162
127
134
120
221
170
245
130
110
77
127
138
214
187
177
144
97
181
283
181
205
168
301
214
224
116
44
121
183
327
296
305
228
163
151
402
326
286
359
194
225
197
351
169
363
22
143
167
191
211
165
208
15
132
128
145
228
203
168
273
200
173
203
234
205
318
164
163
231
129
35
12
164
153
159
115
164
144
121
198
17
152
96
295
76
175
117
323
163
112
126
142
278
141
107
179
174
129
28
129
150
106
78
218
78
178
309
136
107
139
138
326
136
179
149
356
137
146
161
130
198
178
153
229
131
123
144
112
138
55
288
224
215
249
134
206
68
180
201
55
115
125
151
192
197
142
65
117
11
158
163
194
125
126
135
177
39
21
154
178
140
283
172
158
98
208
148
169
209
192
175
194
167
102
125
213
183
164
147
179
161
136
196
171
130
159
141
162
271
119
245
157
153
151
123
128
141
137
137
206
137
247
127
133
208
25
139
220
177
228
161
132
170
141
128
120
168
264
130
200
268
125
163
45
117
130
214
150
137
103
157
119
28
116
156
344
477
158
237
244
265
190
159
417
374
338
169
235
120
182
181
175
189
299
194
215
178
213
250
231
345
43
163
242
143
136
154
181
118
168
333
147
120
112
152
152
212
107
163
206
153
138
57
159
98
77
138
118
108
228
200
104
278
184
179
172
124
169
94
173
88
196
206
238
166
256
105
184
197
205
47
158
176
232
22
129
152
92
111
212
196
86
46
12
250
239
177
166
45
164
165
165
269
141
161
172
164
165
170
166
158
133
203
180
148
452
206
185
49
173
424
428
169
219
126
134
246
250
185
163
77
225
282
127
183
249
115
291
212
265
163
133
226
201
232
109
204
81
217
146
384
279
326
152
176
500
450
129
500
210
181
437
106
267
169
143
194
500
162
265
461
285
284
226
478
394
500
178
104
132
125
115
263
128
106
111
129
115
116
116
128
117
117
114
159
199
160
110
111
174
103
205
125
263
130
366
207
284
187
296
93
24
171
107
162
117
114
340
248
152
162
119
397
164
137
383
276
117
152
118
44
150
107
184
141
81
133
109
116
196
111
195
145
123
160
151
161
205
174
133
340
234
347
380
60
118
161
144
500
500
313
106
192
252
450
500
223
175
144
196
452
212
359
114
171
213
474
191
123
211
138
214
198
153
142
137
209
162
221
220
33
173
144
16
158
142
