23
13
17
29
22
47
32
12
39
34
15
28
44
28
10
91
15
19
21
13
21
13
14
23
26
18
15
13
11
13
23
16
27
24
17
19
30
29
18
37
20
26
16
14
13
12
16
18
29
19
17
28
15
21
10
9
56
15
34
27
9
33
80
54
15
81
22
22
74
65
48
64
14
86
18
17
20
26
19
16
33
18
74
46
69
41
30
107
17
63
43
26
24
55
11
39
45
34
29
50
50
23
77
65
41
67
94
12
111
74
87
18
56
55
108
60
140
145
78
93
114
211
116
124
120
169
167
33
189
35
47
188
123
18
22
28
145
45
108
72
86
59
366
16
152
18
151
229
182
209
225
273
174
267
218
143
48
218
245
178
19
230
188
248
96
306
212
162
448
46
46
230
269
93
339
305
22
83
214
269
370
299
163
153
234
324
143
328
193
331
161
404
253
218
202
115
134
310
378
333
333
264
411
359
179
251
225
211
87
342
327
354
301
285
226
234
283
292
204
500
57
217
306
408
305
52
382
271
175
319
318
287
17
316
498
183
290
381
500
367
272
88
164
298
318
262
237
306
376
244
500
373
304
448
187
236
322
275
241
322
347
246
233
454
372
451
435
314
271
347
271
267
300
238
368
222
266
304
467
278
59
205
293
293
62
251
414
234
299
393
268
441
358
462
270
315
327
249
295
396
394
292
299
368
407
283
476
267
400
231
270
416
273
273
302
401
389
65
368
347
270
273
428
367
249
500
259
473
258
329
223
460
226
311
280
341
237
322
280
257
311
262
315
387
256
315
345
432
263
314
246
296
308
394
247
324
323
290
364
312
356
500
263
271
216
312
371
309
330
329
331
261
318
299
317
456
243
279
262
301
326
362
448
500
273
347
349
295
313
324
367
298
371
325
298
372
415
251
265
316
320
373
327
476
352
315
305
259
254
251
333
500
265
349
296
273
338
304
401
277
333
272
257
303
265
389
297
256
324
306
414
371
251
382
407
282
285
291
407
282
305
339
339
433
314
301
413
250
412
319
261
500
312
356
376
500
500
251
359
262
256
285
363
299
500
388
341
249
500
257
262
299
394
321
421
276
402
426
350
330
333
274
335
246
291
390
305
297
349
346
344
353
306
299
410
269
276
272
294
363
368
317
467
414
388
439
335
223
252
261
418
254
255
263
247
433
297
320
330
481
252
266
341
235
241
194
271
398
227
273
243
316
319
362
309
337
258
234
233
249
290
363
290
262
238
226
255
273
196
230
297
336
345
234
244
240
257
323
410
188
354
241
262
255
203
275
24
221
235
328
337
500
444
209
223
271
271
234
248
322
169
224
188
298
277
266
262
360
188
386
248
188
260
220
143
189
216
418
328
266
35
20
241
239
342
367
174
39
207
264
235
310
256
198
183
239
246
228
270
364
376
208
236
269
186
500
252
272
211
249
278
238
471
341
248
500
286
28
212
134
283
230
392
275
184
199
318
286
239
245
286
285
112
332
13
17
135
79
203
210
231
65
184
360
229
402
239
124
227
208
225
243
148
342
453
212
217
277
242
332
352
211
266
360
226
207
171
189
118
450
193
265
190
289
233
232
149
226
245
230
200
206
153
217
212
291
56
253
321
275
156
280
259
279
378
209
424
473
500
254
181
207
138
145
251
168
137
154
207
164
500
253
290
249
240
429
292
351
470
148
250
247
254
18
196
209
281
252
134
321
335
278
223
203
259
194
324
216
208
163
200
316
226
391
244
276
494
250
231
242
272
242
322
246
275
368
208
273
287
134
222
193
234
183
166
212
158
204
231
365
212
252
375
446
255
500
265
408
185
333
192
225
258
202
346
310
179
193
313
258
444
96
319
221
437
407
352
283
305
173
268
216
335
217
295
209
279
263
225
366
377
303
322
326
306
204
207
322
317
371
354
279
245
500
99
458
208
276
371
37
35
84
253
312
380
42
228
500
262
227
368
307
253
300
284
406
423
429
172
329
420
96
160
292
288
288
418
246
304
257
416
245
245
252
217
354
22
500
458
387
316
264
345
220
48
135
216
239
177
296
286
288
95
369
269
210
335
339
67
279
83
217
237
262
464
461
456
207
444
457
134
377
210
251
248
256
86
209
261
390
274
347
223
252
184
246
186
347
39
401
305
205
198
42
103
271
342
243
189
235
174
277
355
282
280
407
44
383
336
44
147
348
56
220
171
89
139
248
60
339
183
443
250
237
328
135
144
192
244
399
238
87
234
304
309
176
395
500
371
289
266
291
265
72
330
242
283
138
30
204
