26
11
15
51
74
12
21
20
23
15
14
24
41
17
37
15
17
15
10
20
23
17
16
26
17
13
14
27
17
17
13
18
11
36
61
15
13
29
30
18
10
28
20
35
14
24
26
11
9
31
18
11
18
10
13
14
13
18
12
17
22
17
18
12
12
19
15
12
17
34
13
9
31
36
24
26
54
32
43
88
36
34
17
20
49
64
47
48
25
21
38
15
51
32
44
59
72
76
47
114
67
29
43
23
70
35
52
77
114
56
43
50
39
47
93
49
31
52
42
62
63
50
93
217
72
86
31
101
198
80
132
101
155
128
103
27
186
139
164
86
34
167
70
173
88
109
46
84
110
69
50
94
67
38
78
55
153
96
75
44
86
161
103
223
101
41
33
13
151
36
17
175
151
155
198
45
210
86
133
200
44
387
190
133
133
195
242
104
29
381
260
85
181
154
68
171
154
163
140
33
140
130
22
157
150
139
178
196
206
178
159
167
205
63
151
160
150
134
148
135
109
137
141
142
133
137
136
143
127
34
136
109
25
153
150
150
152
143
160
246
219
80
386
371
500
330
154
167
152
190
170
73
39
40
23
35
54
123
13
134
151
139
143
46
50
219
455
172
180
211
190
185
232
175
215
238
81
216
163
150
163
37
147
191
179
177
81
191
264
220
188
214
15
214
176
213
230
208
200
234
239
210
194
166
158
165
177
223
138
68
141
34
14
30
10
33
122
136
170
141
183
147
140
145
133
140
15
143
146
149
145
137
19
161
157
165
163
176
78
163
211
191
193
266
500
300
413
143
143
250
281
179
198
209
157
160
177
14
127
154
175
199
248
125
223
206
219
249
218
182
189
241
187
221
144
237
381
261
233
200
215
178
166
167
76
109
15
28
229
15
35
16
40
31
23
35
47
40
35
47
38
54
46
72
52
56
155
157
151
165
148
161
151
175
160
162
171
158
169
174
163
165
172
177
180
160
193
163
176
176
186
175
160
203
184
163
196
208
186
214
187
239
208
201
204
237
281
76
194
289
284
258
269
164
241
251
197
243
319
305
312
233
316
185
11
28
120
320
158
155
166
186
156
158
156
169
156
170
172
164
201
178
172
156
165
196
158
180
170
179
206
217
185
247
78
24
60
199
250
255
270
229
243
213
287
277
258
198
189
183
167
183
152
193
206
163
182
174
173
174
165
146
156
129
143
139
147
129
123
127
129
136
49
149
230
78
174
157
132
130
171
154
153
144
136
123
122
150
125
128
125
38
128
61
161
295
258
340
187
226
249
266
255
269
289
183
218
165
158
132
122
145
124
134
126
90
180
126
141
145
134
151
154
146
155
135
147
133
126
157
142
151
133
144
143
131
216
228
192
201
209
256
210
209
308
196
249
325
274
178
251
192
404
367
195
149
165
201
177
191
196
164
110
106
150
175
174
210
171
170
183
176
164
169
170
176
178
159
172
180
164
163
178
152
202
28
161
15
14
15
12
10
11
11
11
11
16
122
356
477
303
500
376
500
500
500
302
323
263
79
196
239
34
209
202
190
199
277
299
351
314
333
311
234
392
248
254
178
318
291
260
269
180
31
24
33
12
35
35
31
17
59
44
184
249
257
371
500
310
263
305
325
409
484
292
294
286
289
360
315
297
267
281
341
283
222
217
75
140
127
195
199
263
213
201
254
210
249
412
296
375
163
198
166
185
116
231
192
191
225
214
219
209
210
10
48
28
37
86
26
10
307
358
464
433
326
340
327
250
165
139
123
148
141
126
179
142
130
95
259
373
227
234
150
125
170
30
156
198
227
193
154
194
202
125
189
185
129
81
134
155
152
176
160
139
226
205
174
252
171
147
218
163
182
192
198
240
161
194
256
186
220
189
278
164
99
49
63
211
174
199
193
234
141
174
165
201
250
226
188
54
31
243
240
168
170
310
179
161
267
146
276
225
167
138
194
224
170
63
111
26
65
12
19
62
29
29
64
252
348
359
251
219
189
195
204
235
202
180
206
176
164
162
199
357
317
138
234
182
277
210
226
500
244
195
194
169
159
143
157
169
141
142
149
12
11
13
10
10
12
11
14
124
227
244
170
144
125
116
126
128
135
133
121
129
177
152
147
146
199
153
152
154
168
223
236
186
255
175
189
167
169
192
156
180
172
273
154
160
154
149
189
152
174
153
158
140
85
144
221
147
156
157
206
145
147
134
136
149
160
149
153
135
160
133
133
137
134
143
131
24
20
27
96
112
135
229
183
123
145
113
114
103
25
30
24
15
135
408
141
