31
29
19
18
17
32
16
45
12
20
16
22
23
37
20
14
13
38
14
12
15
21
24
16
7
23
10
18
19
17
15
10
9
11
13
28
14
18
14
8
14
18
16
41
30
11
49
11
12
16
37
16
13
12
12
16
12
24
13
10
18
13
9
59
20
35
18
17
32
8
11
9
17
14
8
13
36
14
12
8
10
11
8
13
8
8
11
8
10
14
19
8
12
11
11
21
14
8
10
23
8
17
11
34
13
12
15
8
12
8
15
15
8
7
9
11
10
23
7
11
19
16
13
18
47
24
8
14
11
9
11
14
13
10
7
11
21
9
13
11
14
21
14
10
8
13
11
9
14
10
14
8
12
15
10
9
14
8
17
21
18
10
9
15
11
11
26
12
10
10
12
7
10
9
10
11
19
11
15
12
10
11
8
14
10
9
11
7
15
8
10
10
10
11
8
10
10
8
8
11
12
10
8
12
9
10
11
9
15
11
9
10
12
9
14
9
9
10
12
9
12
10
10
8
8
11
19
9
10
11
10
10
11
10
9
10
11
16
11
12
13
10
8
8
11
8
8
10
10
8
13
13
11
9
9
10
16
9
9
8
11
9
9
9
8
12
8
14
10
8
12
7
9
9
9
8
11
12
11
8
10
11
105
36
31
29
36
32
39
36
34
40
47
91
41
35
98
29
24
45
41
80
81
26
38
38
46
28
42
74
31
36
24
48
37
35
20
32
28
24
25
28
42
21
23
37
28
45
32
44
32
36
34
33
30
38
25
22
31
40
30
31
31
23
20
36
25
25
21
18
26
25
23
25
20
44
82
22
95
131
26
99
18
112
83
34
23
80
43
75
65
26
22
27
27
22
26
19
25
21
19
19
20
23
18
16
22
15
16
22
16
16
19
18
15
14
18
18
13
22
16
20
19
16
15
16
17
18
15
13
14
19
18
15
17
20
17
22
21
12
13
19
13
15
14
25
16
16
15
18
14
13
15
12
20
19
13
16
15
16
17
14
14
15
11
14
15
12
12
14
13
14
15
17
12
13
13
13
14
13
12
15
13
11
10
12
14
14
12
14
14
19
13
14
16
14
13
11
12
13
30
14
17
16
15
16
12
14
15
15
12
13
12
11
18
13
15
11
21
12
14
15
14
14
16
17
16
14
17
15
15
12
14
12
15
16
14
13
16
15
14
14
15
13
13
12
17
13
18
17
12
14
14
16
16
15
15
15
18
15
15
17
13
15
13
16
12
18
16
11
17
16
16
19
17
14
13
20
22
14
17
13
17
11
17
13
17
13
14
14
15
15
14
12
15
19
21
14
16
16
13
13
17
31
12
13
13
18
15
15
26
15
13
15
12
13
15
14
17
13
13
12
30
15
15
17
15
12
13
11
15
12
12
12
12
13
12
12
13
9
11
14
11
10
9
12
12
12
13
11
11
10
11
12
10
22
11
11
10
9
9
10
16
10
11
10
9
9
11
9
12
11
10
11
10
8
11
13
11
12
9
10
11
10
11
12
11
9
11
11
10
8
11
10
13
11
11
13
10
10
9
11
11
9
15
12
9
10
19
10
9
9
11
8
9
12
10
9
9
26
9
9
8
8
8
9
27
13
8
8
15
9
10
11
24
9
32
9
11
14
10
10
11
11
10
11
11
23
11
13
8
9
10
28
14
17
25
16
12
19
38
9
9
10
24
8
11
12
24
25
12
20
12
15
12
21
27
57
38
11
25
10
10
28
28
20
17
9
35
13
21
13
11
17
14
11
13
10
11
8
28
26
12
11
38
78
11
17
9
17
30
8
12
33
17
13
14
10
30
64
31
50
32
41
43
15
52
59
13
25
14
10
28
11
26
29
11
22
30
9
22
65
29
12
15
45
9
24
34
24
39
30
11
22
23
31
12
39
26
29
9
9
17
42
37
15
9
10
82
9
40
22
28
24
21
9
25
28
11
39
15
18
74
9
10
10
14
8
21
9
72
35
11
28
25
11
21
23
40
50
20
10
26
11
70
11
17
12
14
16
25
11
11
10
27
22
28
34
49
9
18
10
30
10
54
10
49
34
9
15
43
9
38
27
10
7
20
10
16
9
19
37
10
8
11
15
57
12
21
31
9
11
8
9
75
8
17
28
24
52
27
20
19
48
13
27
25
13
11
8
47
10
17
12
23
22
64
9
21
25
17
55
44
28
26
28
35
20
23
17
26
13
26
9
21
25
9
24
8
13
22
21
13
74
25
19
15
34
19
25
42
19
18
21
15
41
34
21
30
37
