24
14
23
22
15
15
33
15
52
16
52
29
13
20
10
41
24
14
30
16
19
22
31
10
25
13
13
19
30
13
23
14
19
16
40
9
16
29
10
34
48
22
69
22
17
31
22
9
16
15
20
12
12
24
13
10
13
13
17
38
14
19
15
11
12
14
21
11
13
12
12
10
12
24
31
10
13
9
17
9
20
10
10
12
11
10
25
14
10
21
12
14
12
19
8
13
12
13
34
9
11
23
24
19
13
11
9
17
11
12
10
16
16
18
13
28
15
11
10
16
12
12
56
13
12
16
14
10
10
15
12
20
11
19
14
16
16
13
11
17
16
23
14
21
15
12
16
10
22
12
12
25
8
13
10
12
11
11
13
22
9
12
13
10
17
10
9
10
13
15
9
10
12
13
12
13
12
10
12
9
13
8
12
10
9
16
11
13
14
14
10
13
9
10
10
9
15
12
11
9
9
18
11
9
12
16
11
12
9
12
11
12
11
12
19
10
9
10
11
11
11
9
11
11
10
16
8
13
11
13
8
13
10
10
19
13
10
12
12
9
10
11
9
12
9
11
11
9
21
11
10
10
13
10
10
11
11
10
12
10
8
11
12
11
10
15
8
10
10
12
13
10
9
8
16
11
10
11
15
8
9
11
13
12
11
10
10
10
14
11
9
9
10
11
9
11
9
9
10
12
16
11
9
13
14
10
11
9
9
12
17
9
15
12
10
13
9
11
11
12
10
10
10
9
10
10
16
10
10
8
12
10
10
8
9
14
11
10
12
14
10
10
10
12
10
9
11
21
14
10
9
11
10
10
16
12
11
11
10
9
10
31
11
9
10
14
10
9
10
9
9
12
15
22
9
11
8
10
10
10
22
9
9
10
10
12
10
11
14
14
15
21
8
15
9
14
14
14
15
10
13
11
11
10
10
13
18
8
12
10
10
9
10
11
12
11
16
15
11
17
12
19
11
14
12
9
27
9
13
30
9
11
10
23
13
10
10
16
12
15
28
29
9
14
45
38
12
14
12
10
33
44
12
16
11
22
27
63
14
41
40
10
14
10
47
11
11
53
26
78
38
48
66
10
20
60
18
13
59
66
14
46
36
70
46
46
75
73
41
50
24
46
46
51
41
44
48
41
29
46
39
41
62
37
51
73
66
43
47
53
56
73
40
12
34
11
39
26
11
11
28
19
32
15
14
9
10
10
10
17
10
79
10
12
16
12
17
24
11
23
10
11
12
36
11
10
25
9
47
16
28
18
10
10
10
10
29
8
17
39
30
10
8
11
21
12
10
12
17
33
10
14
10
38
9
11
12
14
10
13
34
10
16
9
11
23
11
9
12
9
29
11
10
14
10
10
10
13
15
12
14
13
11
12
30
10
9
9
9
18
10
15
9
10
12
11
9
39
9
10
9
10
10
10
9
10
10
12
15
11
10
12
10
12
10
8
10
10
10
18
9
8
24
22
9
10
10
18
22
12
13
11
16
28
10
12
12
10
10
12
16
17
9
10
11
9
10
18
10
9
13
11
21
9
21
28
24
10
11
20
18
9
21
13
13
13
11
11
9
16
19
10
9
10
9
45
8
13
8
14
8
10
13
12
11
10
11
19
8
9
18
10
11
11
14
11
11
9
12
10
25
9
10
9
8
13
10
9
10
9
10
10
11
9
11
14
10
11
24
9
30
10
9
29
13
9
9
13
28
18
10
26
10
10
13
21
9
29
26
9
10
10
10
25
19
11
9
11
9
15
24
16
8
11
9
15
32
10
9
9
37
10
18
21
12
9
10
9
10
22
21
24
9
10
12
16
9
9
9
9
27
8
13
17
29
16
18
12
25
13
12
13
9
8
10
10
34
10
8
9
8
24
9
10
14
16
10
12
10
9
13
10
10
20
8
9
10
17
11
12
8
37
10
11
35
9
11
32
9
13
11
27
9
27
12
9
11
30
30
10
36
10
15
25
9
29
18
22
11
13
11
9
10
11
33
15
38
10
23
32
8
14
24
10
20
25
19
42
11
9
16
19
32
13
37
19
23
24
11
19
12
16
16
9
26
11
14
20
29
22
45
13
13
11
13
16
26
24
35
18
14
17
10
30
24
31
10
77
53
46
35
51
25
35
48
40
21
34
41
17
32
38
23
34
36
17
85
41
29
23
63
30
29
58
30
43
50
51
24
52
63
41
29
22
28
18
10
38
34
37
42
45
12
22
10
12
37
38
23
40
52
32
23
27
21
36
26
31
17
46
9
21
19
19
22
19
24
28
45
18
