34
11
97
17
20
17
33
60
26
17
49
9
21
12
19
9
21
20
17
14
18
12
22
12
24
38
11
16
18
12
13
19
21
20
19
14
26
39
12
17
13
44
24
21
23
20
34
24
28
75
41
22
24
27
29
15
12
24
13
15
19
22
67
18
49
36
29
47
20
58
14
62
61
22
48
59
54
16
29
22
25
41
57
65
80
16
92
22
55
56
18
13
200
17
48
67
164
73
19
93
106
131
44
97
25
34
138
157
10
158
86
106
161
39
70
31
291
302
208
65
82
100
124
14
113
93
171
16
24
61
69
18
29
43
40
115
82
187
18
47
84
159
55
147
84
143
16
88
129
64
318
164
175
11
216
121
154
226
219
18
64
70
167
24
218
164
172
200
64
123
58
103
116
496
188
41
224
205
32
150
178
364
37
174
205
218
227
11
417
31
153
171
30
194
243
223
160
65
275
201
192
315
159
172
204
174
55
89
154
181
121
176
111
174
188
162
79
99
72
291
155
64
158
171
166
34
172
47
151
78
22
55
47
129
34
159
63
43
146
91
97
17
158
142
43
190
79
207
173
62
107
154
32
182
18
199
51
82
15
54
35
114
54
126
84
142
284
62
43
137
175
104
111
162
156
159
202
15
140
182
16
188
144
126
156
16
85
36
150
26
193
140
17
42
47
50
33
55
95
165
99
71
109
134
32
133
214
12
136
11
141
141
145
67
154
92
55
158
191
135
11
128
132
76
10
145
150
37
45
189
318
57
43
14
85
160
109
137
165
134
12
174
47
126
131
157
36
81
129
244
171
216
156
90
143
161
124
114
71
142
272
189
106
215
177
34
156
146
126
194
31
127
142
126
167
103
157
144
138
121
179
136
200
153
164
125
229
340
201
96
50
44
103
128
124
122
97
149
118
37
116
139
178
11
128
76
130
126
107
123
500
146
112
116
139
227
11
168
165
18
134
131
146
66
144
123
41
98
185
72
136
104
187
136
134
102
142
123
103
154
124
46
114
119
27
11
121
75
99
459
105
87
113
135
228
158
254
115
114
240
27
20
165
11
92
111
30
154
128
103
119
12
108
122
157
174
50
92
130
153
157
82
101
211
102
231
81
317
9
96
43
126
94
98
126
157
99
101
70
385
119
105
97
101
98
18
123
441
222
110
43
132
107
121
97
137
130
79
14
61
121
105
109
18
108
120
213
108
138
113
95
94
142
103
65
102
138
94
105
118
106
18
94
95
299
110
20
359
304
500
284
82
39
94
107
39
52
128
61
88
84
381
424
112
129
394
110
107
133
82
375
102
174
96
64
198
268
130
261
246
327
408
358
132
62
48
99
181
210
205
117
203
115
14
144
111
30
94
164
198
95
18
196
106
150
191
177
197
84
202
179
109
191
95
20
111
126
104
111
152
201
129
242
102
164
142
36
114
110
95
252
24
198
198
144
117
129
298
13
127
102
119
143
101
97
121
108
103
342
274
128
222
180
117
96
29
186
126
133
54
333
109
271
226
109
143
177
49
225
500
225
321
14
120
132
164
115
125
257
150
125
195
103
102
360
194
139
226
139
121
307
94
421
68
149
118
108
170
500
53
146
354
108
158
457
176
135
102
195
230
107
94
230
234
144
144
203
233
183
117
300
118
155
30
225
470
81
99
500
127
109
289
144
163
107
102
323
147
258
98
370
157
117
154
172
98
169
168
229
300
271
166
230
139
92
179
117
110
142
95
125
104
183
185
74
123
110
163
251
110
19
188
376
151
194
124
113
121
298
113
144
269
138
257
405
110
198
148
241
64
139
298
162
113
29
262
104
142
190
141
152
80
168
89
110
295
221
147
337
102
189
269
280
100
268
130
105
151
108
383
120
65
38
122
108
226
246
133
114
105
103
102
304
207
107
105
132
125
294
73
160
204
95
278
129
298
280
195
56
117
158
195
202
16
186
97
109
30
130
329
159
133
239
104
215
354
18
500
136
191
145
137
253
409
239
182
225
34
218
222
132
256
130
120
145
279
254
335
126
158
373
166
419
13
99
133
123
241
444
157
276
137
150
213
136
281
176
168
186
136
190
120
240
186
310
194
114
143
47
116
109
136
145
188
186
129
166
47
165
159
191
119
105
106
139
269
105
126
500
147
284
134
322
276
105
75
94
186
137
120
80
118
205
113
107
45
115
183
121
145
198
14
151
105
126
130
105
136
139
129
136
297
186
49
38
180
141
183
133
206
18
101
126
323
151
261
84
147
123
145
383
172
189
125
367
126
120
253
126
186
