32
15
24
25
33
16
26
15
23
27
22
20
40
18
19
36
9
37
20
21
22
11
24
15
12
14
22
16
30
13
13
9
14
23
37
22
14
19
9
28
14
10
12
28
12
14
37
16
18
11
49
19
14
17
11
10
14
17
11
55
70
35
24
25
73
10
20
94
49
86
66
14
25
29
29
116
50
28
9
41
84
53
75
40
93
26
40
11
46
39
31
66
11
23
44
67
27
36
56
44
49
84
17
31
58
49
29
104
68
48
36
40
37
34
25
31
70
50
94
103
221
95
66
145
52
108
98
109
129
83
53
36
101
67
122
114
155
139
15
87
85
82
204
152
190
148
14
217
13
162
137
226
308
51
301
284
240
289
158
374
313
192
24
100
9
223
22
337
184
309
294
164
51
413
309
271
229
366
246
225
85
258
115
13
147
345
217
324
211
258
215
133
147
214
188
374
268
134
139
275
211
289
365
223
101
227
302
295
382
62
349
244
95
387
138
228
96
45
89
267
196
48
26
284
371
152
138
130
253
207
266
108
328
335
256
28
125
248
390
140
116
314
96
278
33
463
150
336
173
365
277
320
56
222
300
266
153
338
278
322
276
93
211
237
254
223
312
217
314
295
322
277
377
260
279
289
320
499
292
499
100
262
311
194
225
314
171
100
168
323
79
235
238
88
389
71
284
262
392
105
417
499
337
328
160
364
294
396
463
288
241
332
392
168
298
260
383
341
394
353
252
293
88
249
232
21
49
237
311
211
83
317
352
314
245
134
265
230
148
98
66
260
217
213
223
54
189
63
123
316
72
221
286
240
232
205
210
204
449
257
246
198
221
289
301
290
203
213
263
211
293
221
319
221
273
281
322
493
499
256
249
185
233
239
240
487
499
268
200
395
276
226
396
97
93
373
375
280
266
223
386
294
287
355
392
280
248
291
453
241
263
499
218
79
326
499
217
352
17
389
231
499
499
207
15
298
194
374
446
444
325
76
291
32
117
274
314
137
474
459
408
364
15
37
139
499
499
336
499
413
466
386
367
458
284
420
477
246
158
348
484
302
240
473
316
474
445
499
234
190
403
499
73
499
199
360
206
338
10
81
149
221
303
263
43
231
160
245
26
211
358
143
268
175
126
307
488
464
386
307
288
232
499
224
288
411
288
244
492
239
499
281
499
251
408
372
182
285
499
211
255
229
306
433
404
37
499
324
248
343
142
281
468
69
37
58
200
310
12
396
202
247
222
129
250
169
304
486
288
235
190
100
126
286
297
270
257
218
245
56
255
206
216
337
205
258
247
20
231
344
140
343
271
245
253
302
170
191
281
499
499
36
140
453
295
239
330
101
295
121
198
120
494
282
249
171
284
123
92
173
175
119
81
124
165
118
56
158
102
157
126
54
148
185
64
151
62
124
30
23
206
127
129
55
44
152
154
131
159
162
104
131
154
117
112
128
137
184
135
116
65
107
109
131
165
154
108
108
133
120
131
147
125
114
108
121
126
106
139
194
123
114
178
125
171
146
200
138
165
204
156
134
141
176
202
255
127
124
192
158
156
245
136
233
144
205
172
76
135
206
197
146
112
102
125
121
187
313
164
192
153
137
168
139
204
105
41
173
98
87
175
29
317
140
63
16
64
60
139
142
128
87
99
152
128
146
135
110
118
197
362
86
164
76
256
328
165
212
208
168
75
245
155
98
111
138
110
162
149
159
172
150
161
164
156
108
296
163
307
164
353
138
177
121
157
197
99
132
159
142
179
152
185
127
182
235
149
346
168
142
234
78
167
147
67
253
138
201
204
195
169
279
356
183
387
440
123
32
101
31
45
45
155
62
29
23
27
117
12
30
30
35
145
126
118
164
120
117
123
143
136
123
131
134
136
121
45
135
163
125
74
134
132
119
153
131
138
124
118
110
120
123
125
117
130
118
136
125
123
117
112
125
99
109
120
121
109
112
126
113
119
109
118
135
115
128
119
115
121
118
122
116
116
122
123
120
116
139
139
130
136
127
115
143
128
134
113
143
151
131
151
152
116
143
117
130
98
245
161
132
142
144
32
133
119
124
37
408
45
35
45
71
90
139
88
107
142
134
125
229
97
115
143
141
144
127
133
108
133
117
146
124
114
131
125
104
132
145
101
193
157
158
132
139
185
109
115
136
124
130
109
107
138
124
113
265
142
170
147
136
117
203
106
169
479
134
140
98
121
113
125
115
112
134
158
133
131
118
248
156
190
161
151
192
185
224
263
226
148
333
226
36
15
67
76
123
105
146
139
141
