32
50
23
22
20
13
21
14
20
18
31
16
30
40
22
13
13
39
13
13
20
18
19
14
21
27
14
14
21
22
39
16
20
20
19
22
37
15
50
44
40
14
41
14
18
14
11
49
57
28
34
29
20
57
55
59
50
21
13
40
59
60
19
45
27
47
41
28
20
72
45
11
18
14
26
16
25
78
37
76
91
24
85
23
95
38
67
97
49
63
43
47
53
54
71
17
107
94
71
61
53
69
92
62
183
24
77
26
74
29
148
11
155
15
169
180
68
277
86
145
68
117
13
122
84
92
75
18
136
34
42
155
20
248
194
200
64
128
138
103
59
186
188
373
284
65
35
93
219
130
50
266
78
69
16
82
96
44
143
73
129
110
22
302
249
71
58
38
149
115
65
269
244
236
280
29
162
163
112
261
34
327
154
136
261
77
50
500
16
17
500
233
109
180
193
167
155
277
446
100
102
66
19
500
214
81
146
100
83
155
49
69
185
154
49
193
136
156
144
125
110
21
147
85
71
98
142
129
34
148
58
49
102
125
123
71
148
30
101
80
110
77
11
25
25
131
156
49
18
94
103
30
168
155
31
38
145
152
500
21
151
89
132
318
81
396
500
28
500
500
211
12
76
309
26
24
12
285
220
187
170
32
179
136
310
62
65
17
116
39
35
160
98
60
221
180
171
148
148
27
22
65
114
21
116
23
37
76
85
163
21
69
137
134
142
155
163
33
141
125
13
111
112
154
76
122
116
113
72
68
115
122
154
360
100
85
49
156
160
74
108
178
36
34
182
133
107
108
132
123
111
144
13
164
75
12
36
147
24
103
102
128
134
101
111
105
123
497
119
163
55
124
158
145
105
140
106
84
22
289
160
136
40
109
237
270
330
98
283
109
180
474
51
373
372
66
127
158
179
222
130
123
20
56
78
54
188
94
135
116
124
203
156
130
16
21
18
116
42
124
135
123
141
24
75
13
176
184
416
135
150
89
12
162
176
48
55
162
318
279
109
250
318
109
32
162
21
113
77
201
11
17
54
167
216
195
169
377
72
179
99
84
26
62
21
108
109
55
130
25
119
180
44
103
179
20
22
135
144
104
119
28
107
134
25
38
201
164
26
59
205
179
187
12
207
132
25
26
162
136
366
113
261
23
70
193
115
133
66
117
81
14
103
193
120
74
188
119
149
128
123
105
114
114
48
98
399
42
12
323
92
374
77
313
314
66
131
192
142
125
114
188
100
106
41
199
198
293
500
80
491
117
159
48
161
76
248
336
329
150
110
205
92
154
138
161
197
121
137
212
387
130
92
108
196
200
125
261
215
43
89
90
112
111
150
78
125
74
158
201
143
139
47
164
283
37
49
306
14
160
119
110
133
80
60
159
139
214
86
107
109
42
50
17
108
118
133
112
81
234
73
96
106
95
213
135
118
136
441
161
117
113
143
164
121
135
258
146
174
99
141
140
128
140
97
155
117
124
127
124
104
29
149
206
143
282
163
70
88
36
194
350
177
34
130
219
117
195
193
144
268
73
68
133
118
129
118
118
138
118
125
135
122
117
31
120
134
76
125
70
212
28
53
49
47
83
11
75
40
46
112
104
110
74
156
109
48
97
118
194
210
45
38
112
186
66
415
227
177
181
215
160
109
141
146
134
169
113
115
216
136
129
276
245
56
201
421
131
315
117
92
204
76
110
106
114
65
500
137
193
201
353
166
114
175
146
135
127
477
114
123
111
173
117
130
150
138
121
156
127
257
120
140
139
178
113
159
126
155
106
145
125
208
169
91
123
139
153
143
136
198
463
490
226
128
112
125
21
10
31
182
197
135
146
37
151
156
265
175
333
184
149
282
99
264
133
138
267
226
186
251
148
163
139
102
187
176
121
146
117
116
116
302
111
173
82
152
96
118
112
175
95
117
98
122
171
104
185
36
94
73
92
101
102
108
103
110
94
138
111
125
136
148
116
94
100
64
36
102
146
203
137
106
500
205
23
90
163
150
184
145
353
221
195
253
500
147
14
96
211
143
144
129
436
119
119
49
261
221
175
167
110
121
208
101
122
203
62
13
41
380
268
403
127
208
340
252
450
249
101
133
299
294
26
179
241
113
317
104
170
231
344
157
123
142
148
350
140
105
116
116
149
129
176
161
142
155
169
168
201
293
126
213
275
108
119
116
236
198
202
205
420
127
113
117
109
246
138
134
147
121
156
206
177
181
154
112
143
163
172
235
113
190
154
133
169
160
153
383
141
128
257
190
306
168
472
190
101
103
379
