23
12
12
43
22
16
13
12
44
28
27
27
45
32
23
24
17
40
21
19
13
18
25
10
22
22
15
30
14
9
15
17
27
22
10
12
14
22
29
22
24
31
43
16
12
21
15
18
20
14
9
12
8
20
13
20
20
9
21
10
18
10
11
17
19
28
17
11
10
18
9
13
11
11
18
16
8
21
11
9
18
8
13
12
14
12
11
10
19
17
12
14
9
20
8
14
13
13
10
18
11
17
27
23
9
15
9
17
17
11
8
9
19
20
14
11
12
24
19
14
17
11
8
9
17
13
13
11
9
8
8
14
8
10
9
10
9
8
11
8
17
8
13
10
9
9
10
13
13
9
8
12
11
10
13
14
13
10
8
13
10
19
9
18
10
11
7
12
10
13
14
8
12
8
11
9
10
18
11
14
16
10
12
8
15
8
9
8
9
9
12
9
11
10
7
12
9
8
14
12
9
11
10
11
9
8
8
12
9
9
15
9
9
10
10
9
11
7
11
11
9
9
11
8
8
10
11
13
7
8
8
12
12
11
9
8
9
8
9
12
11
11
8
11
10
9
15
12
9
8
9
9
9
8
11
9
9
8
10
9
9
9
8
19
12
9
11
13
12
10
9
8
10
9
12
8
11
9
9
12
7
11
10
11
13
7
9
10
8
11
8
9
8
21
9
21
9
14
14
36
14
9
22
9
18
26
41
69
25
29
40
44
52
26
49
30
33
26
29
32
53
40
45
36
31
50
72
38
29
151
44
50
43
34
71
74
37
36
43
39
87
62
57
50
22
42
85
36
30
45
79
73
35
73
34
41
26
30
36
45
57
38
48
55
61
146
66
34
68
28
28
84
31
69
36
83
39
70
40
35
86
11
10
9
36
12
28
21
11
29
11
30
8
13
14
16
12
8
22
30
9
13
16
14
15
20
29
27
37
17
11
23
16
18
26
18
12
20
12
10
46
20
24
13
32
13
22
24
19
23
26
9
16
22
17
9
8
27
22
8
8
39
21
8
23
9
9
31
13
20
19
20
14
23
15
14
21
17
14
18
15
33
34
17
21
33
22
25
15
22
29
10
28
8
8
9
8
10
12
30
20
18
21
43
40
38
23
8
9
40
18
27
44
10
9
19
11
53
10
20
9
28
37
22
21
74
9
19
13
10
85
61
41
81
43
9
9
10
37
28
11
12
15
56
42
26
27
33
21
22
12
22
9
25
9
26
9
19
10
11
47
59
8
16
19
22
59
17
11
37
35
33
9
18
26
17
12
28
20
30
43
15
25
20
10
17
21
14
10
10
24
29
8
9
29
8
39
10
10
16
9
19
12
12
20
15
26
9
22
17
24
20
26
10
9
28
14
14
25
20
24
14
39
23
22
28
14
34
12
37
12
18
14
32
20
8
9
22
8
10
28
21
25
36
43
9
9
9
7
24
30
24
30
9
30
12
24
12
26
21
13
10
28
29
40
38
20
11
22
12
10
22
13
21
12
37
16
20
28
27
9
29
19
33
10
44
26
17
17
42
11
28
16
9
51
17
29
23
19
9
23
9
29
20
17
21
19
9
16
12
16
8
21
16
27
30
9
13
20
35
7
10
18
8
17
23
15
37
36
17
17
9
12
18
19
29
18
18
25
10
24
19
9
9
12
27
21
27
30
20
10
23
30
17
20
33
21
27
17
21
39
24
37
7
12
18
21
27
14
30
15
21
14
57
13
26
9
42
33
41
29
25
17
20
13
20
12
22
35
30
22
17
42
39
34
18
20
27
21
17
25
10
10
15
10
24
24
31
14
20
8
11
10
15
22
18
20
24
20
18
22
9
11
12
27
8
11
12
9
8
31
12
22
9
13
23
28
17
32
17
28
12
20
21
11
17
32
10
30
47
35
18
21
33
26
8
27
13
18
26
10
14
21
10
16
23
11
20
19
12
22
20
10
26
9
48
8
10
25
8
17
18
25
15
19
11
28
25
8
35
19
10
11
12
9
22
26
23
39
19
21
16
17
8
38
24
16
21
23
11
11
25
11
52
35
12
24
20
8
9
24
38
12
19
13
15
8
14
21
13
9
10
10
14
26
39
17
18
11
13
10
8
8
10
17
8
25
9
25
10
26
12
15
27
20
12
11
28
37
10
16
47
40
9
21
29
21
55
85
29
64
19
47
65
15
22
39
13
91
34
17
23
40
12
19
10
7
26
22
22
32
27
8
16
17
8
25
22
13
55
15
35
21
8
30
17
9
44
52
54
15
10
29
21
14
51
17
14
9
33
