36
15
44
17
42
15
11
31
21
10
11
11
27
15
18
8
13
32
22
16
14
10
14
12
9
17
14
16
9
19
8
17
12
26
11
25
14
22
12
14
51
13
40
24
19
10
10
13
35
18
12
10
15
18
19
16
18
14
11
12
20
16
9
13
41
31
28
46
20
49
23
18
51
69
20
23
41
13
36
28
39
10
41
27
22
12
21
56
24
34
37
47
32
56
25
85
28
41
71
62
105
67
72
41
26
73
49
50
69
129
23
37
68
44
59
115
37
32
68
82
46
56
58
69
35
87
190
40
107
61
142
115
266
126
307
197
243
94
66
226
124
60
70
216
181
163
171
194
175
259
86
86
279
90
24
234
218
144
163
103
106
142
387
284
293
188
84
202
121
109
499
347
425
132
32
407
85
78
344
172
438
327
325
51
311
239
103
292
71
236
382
283
37
360
337
263
281
144
122
257
263
48
289
90
302
332
363
39
79
43
55
64
330
462
279
82
412
360
251
229
444
369
59
183
204
167
286
236
72
256
277
151
312
296
273
360
268
56
231
75
249
78
210
211
171
144
169
14
180
13
186
208
180
179
206
79
15
176
194
194
201
215
349
193
387
234
198
499
114
109
106
127
107
121
118
111
102
106
92
54
129
13
116
99
76
113
91
159
203
158
154
250
167
151
140
151
162
42
128
151
155
134
153
140
146
123
122
92
121
137
78
466
38
55
301
493
263
221
285
173
279
334
188
195
201
209
324
294
181
203
200
201
42
81
27
45
499
276
218
164
137
137
143
134
131
127
134
178
120
250
98
201
247
267
266
282
333
234
221
219
178
179
169
194
179
199
139
246
161
163
141
149
154
127
143
129
136
180
147
146
159
140
157
98
186
226
154
213
143
258
172
65
142
136
143
163
160
144
154
191
81
70
40
41
41
59
316
184
177
222
183
225
189
179
202
267
170
151
225
149
228
242
231
205
200
323
23
160
271
251
215
168
162
228
154
164
160
146
168
197
150
171
139
151
145
133
142
134
149
145
148
151
136
136
152
129
106
108
138
146
151
155
137
150
153
146
149
142
139
136
146
145
132
135
136
141
16
146
144
146
147
143
138
149
158
153
153
132
145
149
152
145
142
147
160
166
165
160
161
162
176
162
157
172
224
159
165
160
132
225
204
161
166
254
187
9
162
169
160
180
181
318
204
256
182
162
208
247
197
87
197
146
157
167
24
140
100
182
71
178
178
149
181
198
183
162
157
204
169
189
210
172
54
251
202
247
351
206
197
213
294
499
282
21
16
16
16
13
15
43
208
319
224
210
222
212
220
178
167
160
152
152
155
163
138
143
151
142
145
146
135
144
152
135
139
148
135
142
151
140
148
149
141
141
135
140
132
132
128
130
138
140
136
122
169
147
175
151
214
189
202
243
302
237
178
179
48
38
37
58
10
40
15
10
170
153
229
206
216
261
181
179
189
300
212
200
191
183
175
187
201
347
249
259
149
161
181
499
221
194
84
145
25
70
57
183
177
273
306
239
217
185
251
167
187
185
209
230
183
193
203
163
9
170
187
191
194
212
172
164
17
66
83
206
152
226
219
252
200
210
202
201
189
193
202
230
193
115
279
223
145
134
181
174
92
175
165
199
202
217
156
183
176
157
140
144
161
88
296
171
177
165
157
174
170
165
156
140
154
146
155
154
149
156
157
157
156
149
176
176
175
167
176
173
194
111
56
177
263
164
465
174
174
25
139
28
45
33
33
43
401
268
223
203
300
287
288
192
188
166
159
102
111
109
108
121
104
105
112
123
114
128
127
141
129
128
158
173
139
166
151
137
129
163
23
146
277
453
433
194
114
131
129
122
123
125
133
124
114
113
116
111
120
112
114
126
115
113
117
136
120
110
112
25
62
10
11
54
40
9
53
46
127
124
122
114
124
126
136
140
132
134
126
126
134
123
121
121
122
109
119
104
112
109
114
112
116
112
107
118
118
114
114
119
126
115
86
106
192
164
224
132
174
157
160
136
35
132
119
465
181
178
36
12
188
177
162
212
222
256
191
202
173
201
231
158
178
192
204
214
197
310
281
234
176
155
214
181
177
181
169
175
138
103
46
12
42
56
16
33
39
51
48
178
228
228
228
231
264
192
381
231
204
192
176
216
231
43
151
126
173
196
256
149
167
151
154
94
299
189
162
164
154
160
130
124
126
143
138
150
145
114
161
154
171
136
150
163
148
137
48
30
62
23
56
30
31
241
186
280
258
328
303
246
191
180
162
252
177
186
