25
14
41
26
17
14
15
14
11
14
22
61
25
14
18
14
24
17
15
24
11
13
12
19
20
11
15
19
13
26
16
13
30
17
14
22
11
29
24
24
36
23
12
26
13
11
22
14
11
46
16
22
25
15
23
11
22
10
15
58
39
45
15
48
22
34
12
25
76
29
31
15
68
21
45
68
88
22
25
92
37
78
55
68
17
65
87
91
132
59
13
20
60
66
12
79
18
107
101
169
21
17
27
121
90
46
85
31
27
18
53
65
90
139
54
82
175
125
180
160
180
63
89
104
141
132
51
12
62
16
206
99
63
86
259
14
74
111
133
186
31
147
105
77
22
157
181
75
79
69
87
163
95
249
182
176
161
171
18
179
59
217
156
90
180
66
124
68
37
200
97
40
83
58
163
229
130
331
137
93
22
155
75
139
53
99
162
201
164
109
173
28
152
55
123
125
45
149
102
115
176
26
52
75
221
28
58
173
52
206
171
266
173
61
106
15
118
46
68
13
89
155
228
131
191
109
141
132
133
121
142
29
132
129
42
119
137
139
52
99
128
13
52
45
106
86
157
144
55
94
124
131
86
92
90
111
117
61
107
118
69
26
102
143
127
17
42
116
52
89
96
61
84
83
115
90
136
144
78
89
137
40
135
168
145
120
154
126
368
103
23
104
66
201
14
108
172
92
23
103
34
40
74
134
149
129
75
194
113
96
15
41
62
139
67
92
10
134
196
40
226
72
93
12
84
82
179
52
25
107
153
145
138
117
36
155
34
61
98
189
129
53
46
166
111
137
109
38
108
107
401
48
126
110
313
97
114
13
56
101
117
118
147
82
402
192
54
108
99
103
121
158
104
135
57
256
110
122
143
307
118
34
88
114
84
88
54
95
172
17
120
111
131
73
66
14
27
108
117
106
130
20
136
38
115
260
117
212
76
164
184
43
105
151
54
110
92
244
65
142
105
192
66
137
107
129
35
112
128
232
224
154
306
123
113
265
20
152
20
180
24
117
82
220
124
88
148
42
58
82
42
79
295
19
68
47
141
142
147
188
61
156
216
71
202
206
81
61
255
98
229
59
251
108
106
183
151
56
105
190
264
119
14
179
72
34
500
265
91
10
102
253
57
12
190
193
110
102
136
90
60
38
139
88
94
190
115
285
58
500
202
164
133
149
70
166
389
115
95
80
185
32
118
222
91
146
133
178
266
56
145
106
214
149
116
49
105
81
161
77
219
107
119
89
58
47
26
111
144
195
136
130
103
102
35
46
111
121
31
191
127
138
86
107
57
96
301
301
155
307
96
141
112
13
143
45
134
277
338
293
24
113
142
66
148
66
114
160
139
171
186
311
217
18
28
135
74
236
321
138
68
57
204
136
108
228
154
14
102
165
189
120
36
192
75
168
133
182
99
176
119
13
189
299
63
55
157
236
254
165
100
97
116
110
106
10
171
12
100
157
172
42
154
245
500
145
182
389
167
115
116
105
165
198
128
161
249
88
101
107
16
160
162
137
156
142
106
124
396
197
82
203
213
240
68
193
105
37
124
121
91
140
104
121
12
153
61
248
147
22
57
45
71
104
100
60
133
116
177
128
102
121
140
101
288
114
133
159
147
162
309
165
112
95
160
107
95
117
73
124
123
120
79
120
121
282
121
124
103
127
196
93
167
115
67
271
208
54
202
168
229
217
165
102
200
107
229
113
230
117
147
108
129
137
116
120
286
155
143
100
131
117
100
53
111
195
26
118
26
175
99
100
114
56
151
136
144
170
224
242
50
27
161
163
287
200
123
98
171
56
107
107
143
138
123
253
68
140
103
107
117
32
211
177
52
183
274
360
147
236
296
210
43
180
286
464
229
254
110
117
222
127
26
109
130
83
130
147
185
129
292
156
113
187
151
106
121
229
102
151
449
103
464
500
68
296
114
500
164
169
260
151
114
126
169
290
108
201
256
176
11
19
209
169
254
310
264
41
183
141
119
158
212
145
136
118
223
192
176
161
138
178
186
152
178
98
164
160
20
101
103
211
182
142
105
122
43
123
135
136
99
93
113
107
167
256
94
156
109
193
100
160
210
96
103
118
98
94
95
225
120
150
128
205
28
58
165
228
58
47
231
136
153
104
208
140
95
131
379
143
187
273
252
187
148
230
116
184
149
35
57
110
83
236
63
57
115
95
196
325
102
137
237
55
167
100
140
121
132
132
148
125
129
128
125
83
140
147
125
182
138
49
94
23
118
141
146
138
170
129
140
99
84
96
165
133
147
270
218
93
