32
21
29
20
21
18
20
16
13
13
23
18
37
40
68
41
15
9
19
13
11
14
21
31
13
15
13
24
21
15
15
14
13
20
16
19
27
13
13
19
11
14
17
13
20
14
17
9
19
19
21
12
32
13
25
15
10
11
14
21
12
20
26
14
15
21
12
17
17
28
21
19
17
18
28
11
14
18
10
13
29
9
17
11
34
11
9
12
10
16
10
12
23
16
16
12
12
18
10
17
11
20
14
20
18
11
11
10
19
22
11
11
24
15
10
15
23
18
16
18
10
18
14
12
14
8
13
25
16
10
9
9
10
13
10
11
15
15
15
9
12
16
10
13
13
12
13
9
10
13
20
13
14
11
13
14
9
13
11
11
11
10
10
11
23
15
16
10
27
12
13
22
11
17
11
14
13
11
12
9
10
10
12
9
25
16
12
14
9
11
23
12
10
9
9
13
9
11
8
12
8
10
10
12
9
10
14
10
11
9
13
17
16
9
10
9
10
13
13
9
8
11
9
12
8
13
12
8
9
10
9
9
38
22
18
12
15
11
14
12
10
15
10
50
12
10
10
42
18
9
16
15
11
32
9
10
10
18
12
19
9
9
23
16
15
10
10
12
22
11
29
13
9
11
11
14
13
11
14
12
15
14
14
16
17
15
14
12
16
14
18
18
20
33
33
30
28
37
28
26
36
49
85
24
29
49
65
97
41
72
89
24
16
13
16
13
29
10
12
13
15
24
15
19
10
16
11
19
14
15
39
68
16
11
12
11
10
10
11
13
10
12
11
12
10
10
12
9
9
11
8
10
9
9
9
9
10
10
10
10
11
10
10
9
10
12
10
11
13
10
11
10
13
9
10
59
89
32
44
33
13
13
12
28
70
20
28
13
14
13
27
12
37
13
11
12
14
14
10
11
11
12
11
12
20
13
60
78
105
77
124
58
96
44
66
63
21
12
65
46
10
10
10
19
30
23
27
9
21
16
12
13
20
11
96
66
11
12
13
23
13
31
39
42
29
34
22
23
10
19
60
54
10
13
51
17
10
61
18
52
76
92
64
23
59
95
53
53
53
54
114
40
57
60
39
61
39
99
28
25
31
76
20
10
73
59
21
39
34
92
88
44
75
51
11
84
62
17
55
40
10
41
76
75
47
26
74
76
56
96
60
73
62
106
67
86
79
25
73
78
15
47
117
73
73
29
71
80
88
75
67
49
44
94
75
63
71
40
66
73
79
75
74
56
60
19
47
67
56
87
58
84
93
49
36
33
71
62
63
118
60
45
33
125
32
43
108
40
100
68
53
67
54
39
53
62
49
29
47
57
76
65
54
53
108
67
37
44
58
86
49
51
39
44
16
75
62
69
74
65
48
69
38
55
57
53
49
94
51
45
70
95
59
103
122
61
39
71
59
52
40
60
60
77
82
41
63
17
63
80
55
54
45
81
48
73
13
66
57
58
100
81
69
96
81
79
35
35
26
27
46
15
12
25
12
17
20
11
20
10
16
14
8
11
16
10
26
13
19
14
24
27
22
13
32
16
34
18
10
37
36
12
43
13
13
36
29
26
39
23
13
22
35
54
69
45
21
24
59
136
11
38
11
41
48
13
46
11
21
31
40
11
78
13
29
40
39
34
34
12
51
27
33
31
44
34
43
35
39
56
60
36
77
19
40
33
65
12
42
11
62
35
45
119
28
25
75
46
12
105
68
41
13
30
24
90
56
11
49
21
55
33
11
19
17
16
20
36
34
11
11
73
67
89
26
12
30
36
19
11
82
71
18
38
81
11
85
24
126
32
75
13
27
21
47
13
44
26
56
21
24
35
76
57
14
44
29
55
47
40
27
30
20
76
28
14
37
14
27
27
62
28
50
14
47
39
38
58
36
28
19
50
37
42
58
66
29
45
38
44
14
47
64
13
34
21
29
27
43
19
42
25
19
26
49
24
14
39
46
20
99
34
36
10
10
43
16
46
64
12
39
54
53
28
33
11
46
12
51
10
32
29
15
13
21
54
23
31
14
54
37
35
26
37
12
59
46
79
12
46
10
40
41
47
74
45
26
14
15
37
12
63
26
36
21
35
20
10
29
43
15
11
10
81
24
13
59
72
32
23
37
26
16
22
21
32
17
19
33
60
18
36
40
97
12
30
25
18
23
27
41
29
25
18
57
13
25
29
16
42
21
49
21
16
25
29
36
31
36
25
30
24
39
29
67
27
28
29
63
17
11
18
20
16
32
22
24
19
31
43
33
91
22
31
27
43
50
19
25
11
