33
17
18
10
27
43
12
38
27
26
13
11
14
23
27
10
23
17
41
57
12
21
16
20
32
20
21
41
20
20
22
13
47
23
28
30
24
17
11
22
43
16
11
17
35
10
12
24
10
20
19
14
12
40
22
40
36
45
22
20
12
23
43
63
19
56
39
34
54
52
26
29
55
34
53
18
43
31
15
21
18
99
21
34
47
115
40
47
87
54
10
22
81
15
33
26
61
28
70
40
59
64
56
26
25
63
25
52
85
12
118
20
52
59
54
42
166
103
203
157
131
142
212
130
66
167
39
133
106
72
55
16
23
61
81
126
41
274
68
77
78
85
372
106
97
36
96
141
75
248
161
82
131
110
46
338
55
328
194
338
368
233
285
207
17
49
83
74
109
83
187
128
469
328
311
38
301
293
105
37
211
306
252
265
250
189
239
73
500
358
483
31
396
194
197
242
399
39
31
384
395
421
307
20
360
75
31
368
266
356
94
195
257
196
24
306
269
89
336
127
235
38
69
280
62
98
299
500
349
332
216
240
255
33
296
317
344
123
35
133
16
448
15
67
357
329
360
381
269
382
65
332
148
308
315
266
40
269
252
142
304
321
272
259
500
500
73
377
352
290
263
281
272
225
292
319
59
64
131
177
304
500
379
256
289
83
224
66
149
137
223
349
284
253
307
97
308
357
247
210
219
58
163
196
91
232
500
500
402
500
500
500
437
95
290
158
241
202
165
179
155
124
25
58
21
119
244
282
219
438
164
95
214
360
150
181
233
168
204
154
183
190
94
409
113
336
500
165
311
171
104
139
207
66
138
274
478
270
234
210
205
139
243
240
305
174
77
88
500
500
451
256
230
204
57
28
96
19
492
32
500
500
233
163
208
193
177
218
158
168
146
132
137
115
12
109
14
158
110
105
314
179
500
459
205
212
170
162
179
162
146
16
185
164
115
172
209
187
466
206
425
500
423
409
350
485
500
500
79
55
133
500
392
436
11
284
379
366
293
367
268
297
123
277
130
185
133
225
301
179
224
160
188
66
137
304
218
110
165
174
164
201
237
222
195
231
108
154
119
143
209
147
146
176
162
154
153
136
140
135
165
131
153
147
143
127
134
136
147
133
142
135
136
129
157
121
134
126
136
40
142
165
160
256
236
319
349
358
45
31
24
26
70
500
57
82
57
41
243
264
191
323
194
231
259
448
211
200
202
212
266
220
216
225
234
199
205
225
176
178
225
182
288
207
236
321
189
203
175
500
244
215
434
162
59
87
83
57
216
232
269
227
176
167
217
183
170
185
171
185
166
162
157
135
140
157
146
138
131
152
145
143
119
141
137
134
131
122
12
128
24
11
137
129
155
131
164
235
145
173
331
171
172
143
220
143
159
120
159
151
132
153
78
56
300
152
146
117
148
228
157
228
175
173
188
214
232
139
209
277
147
154
128
119
107
110
103
107
115
12
103
103
106
11
11
10
10
10
13
11
13
10
109
187
142
133
123
144
182
186
147
137
241
203
182
174
148
188
176
202
177
171
155
180
152
245
267
198
174
178
81
151
122
23
121
158
139
143
182
154
154
146
146
128
165
136
136
127
139
150
126
136
144
141
156
121
141
155
143
117
136
138
245
206
156
157
142
210
181
182
223
221
176
214
176
170
183
210
127
149
133
133
132
190
154
53
191
51
110
56
131
219
200
165
157
141
148
181
184
154
155
191
140
164
176
118
113
115
127
113
121
167
116
125
134
139
160
132
113
134
144
115
148
135
112
113
136
193
176
107
132
145
94
40
69
74
136
360
231
256
190
177
310
416
265
157
199
159
180
196
157
118
112
71
151
53
221
165
187
170
146
150
168
158
180
137
151
164
145
169
153
159
159
180
161
160
150
152
162
137
146
144
164
170
148
142
191
152
151
152
327
158
63
55
126
192
190
483
259
212
257
155
199
210
187
206
194
187
227
108
150
212
192
204
193
162
242
262
197
35
122
36
35
14
32
60
92
83
183
251
257
200
224
258
346
401
382
271
234
165
173
169
159
170
131
136
150
158
120
142
125
127
118
114
124
117
137
120
126
120
12
120
50
116
147
158
185
186
196
176
177
229
195
197
190
159
204
237
37
167
132
178
198
202
216
201
185
156
164
144
109
117
65
230
238
173
150
158
128
164
142
129
144
135
120
138
133
133
141
156
167
147
153
139
147
137
131
147
148
157
111
107
60
127
103
171
247
175
241
156
165
152
169
145
130
136
147
148
142
144
156
137
144
150
144
167
159
141
154
152
