32
46
26
22
20
23
34
19
27
14
11
14
23
19
22
23
27
14
17
15
11
14
13
16
19
11
20
21
14
29
22
13
11
18
18
15
18
11
13
21
17
21
24
10
16
24
9
20
25
17
26
30
30
16
13
16
22
9
30
24
14
24
12
8
9
19
17
9
21
10
15
16
13
32
17
18
10
38
50
12
17
34
93
15
22
21
71
42
15
48
38
64
57
67
59
46
13
51
22
60
88
53
77
42
20
79
34
27
36
19
54
18
32
22
71
33
20
49
32
66
56
70
39
66
73
31
18
92
41
58
25
48
32
42
35
72
39
48
53
46
59
113
107
28
23
36
49
22
130
20
115
202
109
71
78
108
46
145
30
360
161
137
105
36
72
169
127
140
165
56
166
101
122
231
192
153
240
55
18
244
230
149
128
245
175
209
332
63
185
287
25
197
182
331
252
213
284
272
61
210
218
312
212
315
222
108
264
279
406
175
395
41
254
126
269
253
168
43
332
215
107
147
296
13
352
118
226
48
292
155
235
210
340
15
35
310
238
479
12
25
140
500
21
310
291
275
166
259
199
283
147
336
274
353
183
410
258
162
202
234
72
264
214
139
34
175
188
267
253
269
318
88
337
236
154
298
221
220
282
137
298
302
208
277
36
201
238
199
227
227
10
235
317
178
218
209
230
154
255
236
310
123
195
308
152
290
242
252
286
317
292
272
256
216
222
277
357
225
182
267
89
294
127
217
310
253
226
263
345
306
188
239
326
257
234
246
412
376
217
212
226
282
249
204
299
320
329
232
338
280
272
279
226
239
35
289
393
323
233
305
289
271
41
196
16
247
254
285
288
205
188
174
200
207
265
119
212
254
260
211
223
272
321
218
15
65
342
286
324
213
256
232
222
273
246
262
227
222
199
189
200
177
220
228
148
300
58
271
43
210
247
236
264
194
176
193
190
37
217
238
188
205
177
270
273
311
215
213
225
253
303
199
237
231
181
206
224
31
238
311
241
227
241
199
181
224
202
185
227
209
490
245
204
217
307
214
220
200
193
261
280
239
192
212
245
197
260
237
222
327
374
195
233
222
346
189
233
268
235
274
186
271
188
204
176
201
287
263
198
222
185
296
217
441
140
213
46
222
500
400
221
321
213
376
360
220
227
267
382
264
418
317
177
363
263
232
235
483
248
210
257
155
323
152
267
229
169
193
293
186
500
259
278
141
258
191
193
141
69
161
190
235
205
233
171
23
271
427
233
383
274
340
182
334
190
500
27
200
190
432
250
249
328
271
217
148
174
279
265
175
131
350
230
257
42
500
196
183
340
228
241
247
306
281
369
198
341
279
328
194
71
190
225
195
98
277
217
208
232
289
25
211
174
138
204
254
238
302
77
385
206
143
190
171
158
212
33
60
221
237
196
180
225
245
245
251
243
374
407
500
398
500
209
143
229
240
74
222
261
212
180
352
302
215
211
61
213
199
233
104
420
273
276
270
255
169
171
169
220
221
123
285
144
98
190
309
137
118
321
192
190
342
238
298
295
191
206
187
174
295
232
232
247
211
66
203
60
24
500
89
215
211
48
294
221
223
214
246
471
119
314
196
207
209
220
233
300
264
361
198
280
217
251
223
222
228
227
256
335
437
271
291
415
216
233
500
275
276
312
197
474
159
275
209
258
232
336
93
179
238
29
74
500
363
319
89
258
467
246
261
310
160
133
166
500
448
395
470
214
275
385
125
222
217
368
131
292
46
130
262
87
182
132
233
237
319
40
244
34
51
28
317
386
269
383
21
150
128
368
211
199
250
177
373
148
37
120
246
156
315
184
239
225
171
304
161
168
200
175
326
207
279
319
474
270
273
165
195
375
347
272
140
40
144
126
500
336
46
130
500
38
151
164
461
168
489
451
123
214
212
173
162
178
253
61
161
64
211
127
151
175
207
43
194
77
141
196
96
200
184
176
202
176
139
182
140
500
221
193
245
265
162
167
196
217
150
163
194
137
225
148
215
175
183
165
140
172
70
221
190
243
160
220
500
255
185
140
14
500
430
243
266
273
142
500
56
150
179
130
140
141
231
22
204
134
136
176
162
252
152
116
188
131
157
167
182
61
56
139
101
192
261
64
58
51
47
386
163
87
128
65
138
128
113
124
34
176
124
175
121
128
148
224
154
130
136
77
128
144
257
192
162
148
133
219
175
157
230
148
157
148
109
225
301
300
241
233
228
234
172
256
165
385
134
146
376
187
241
144
228
174
253
151
132
178
370
122
159
137
232
