22
10
10
78
19
20
13
10
12
28
18
12
11
41
21
10
35
17
11
12
21
11
30
12
16
9
28
11
11
16
18
22
28
15
15
18
15
12
16
16
9
15
29
11
10
16
23
13
15
16
10
26
11
12
9
12
17
11
16
13
19
10
15
17
10
10
12
21
8
16
8
14
11
21
11
11
15
11
9
16
18
9
37
28
15
14
21
16
13
12
18
65
58
29
97
12
47
24
87
41
20
45
27
37
168
22
54
84
101
99
69
21
101
14
42
119
206
124
114
227
52
37
141
76
56
171
70
203
99
93
199
226
80
70
249
322
155
120
139
167
20
63
11
239
52
262
96
168
51
52
185
120
25
198
275
47
234
11
70
18
272
229
53
29
254
58
201
37
213
127
18
238
40
199
75
93
189
9
232
180
178
103
160
155
89
101
36
79
164
140
229
51
51
138
37
238
194
39
131
225
93
132
110
49
167
29
201
356
118
98
220
222
149
159
140
56
54
79
99
46
332
268
65
105
58
13
12
169
14
134
21
144
107
90
230
12
140
41
143
175
73
123
54
18
164
301
19
148
145
43
17
207
79
96
83
317
174
49
125
210
199
223
47
64
181
85
150
46
55
98
247
95
192
190
236
67
150
63
153
105
44
42
103
52
94
123
40
107
348
113
12
67
120
242
91
86
199
59
26
18
135
168
87
79
101
32
45
123
103
122
173
134
121
49
189
124
54
61
15
137
86
131
176
130
106
150
78
166
132
208
170
149
134
140
31
45
133
133
36
43
36
144
153
149
185
20
155
152
120
140
254
48
78
57
116
142
154
172
41
74
180
38
58
198
36
127
42
117
134
150
59
81
81
108
115
37
99
18
12
21
107
146
11
85
40
88
72
58
272
107
134
222
164
163
103
112
157
101
117
104
53
63
28
61
147
149
18
92
116
64
99
12
94
53
197
499
159
131
81
111
15
31
121
34
173
202
151
90
52
254
157
130
52
25
19
172
81
28
158
65
228
90
251
67
110
124
93
334
94
116
185
207
138
95
87
55
178
158
86
28
59
225
172
36
150
37
175
151
38
195
135
95
96
106
121
110
189
255
148
102
146
102
84
200
173
148
131
181
142
177
149
135
141
83
191
227
206
141
235
211
55
130
118
121
117
117
136
11
113
178
31
86
94
153
148
220
233
213
147
114
162
160
111
89
134
128
155
124
152
15
133
199
171
114
161
153
190
131
89
119
169
146
95
141
145
138
124
154
104
175
124
160
187
215
170
91
222
152
134
18
122
233
75
126
128
75
115
154
126
159
130
110
96
151
128
168
256
114
88
148
225
140
230
74
99
128
202
111
113
107
140
117
163
143
194
17
213
128
147
214
200
118
134
114
58
123
127
118
112
136
139
146
133
133
118
131
127
117
149
86
361
212
113
147
122
152
187
172
175
157
193
141
199
191
144
114
222
244
207
215
196
192
166
157
120
162
330
96
213
147
203
53
114
161
40
136
142
260
160
164
131
268
254
324
499
133
53
57
240
158
148
277
199
203
130
286
190
232
75
176
190
110
125
120
131
22
126
96
99
69
234
150
78
101
88
216
249
129
235
138
118
54
77
144
123
329
121
157
117
101
126
182
219
127
107
121
99
181
99
134
116
110
50
112
108
333
38
148
140
197
14
197
23
121
95
95
235
218
182
40
130
152
113
121
330
126
105
247
109
333
149
102
119
9
187
217
137
499
341
130
288
70
146
42
30
113
245
128
153
91
325
103
16
204
140
166
170
348
231
295
223
51
110
499
311
148
157
329
282
148
101
161
213
78
202
159
152
111
202
114
112
26
103
151
167
256
151
143
110
99
130
383
134
96
270
143
115
171
111
197
79
249
29
140
121
129
290
153
106
313
62
108
113
349
139
104
208
34
127
126
160
127
67
38
108
119
58
117
161
166
59
131
38
119
125
36
125
165
144
101
163
107
120
113
159
154
40
200
15
111
166
105
195
34
115
153
163
119
141
32
148
168
172
132
103
229
61
180
462
206
137
155
115
39
77
117
161
151
113
248
144
31
139
244
105
168
175
150
217
23
57
141
150
106
144
309
116
179
199
101
164
207
68
153
209
109
94
210
119
201
283
124
164
102
136
124
129
134
58
22
46
191
91
150
127
110
95
94
153
11
95
102
28
141
125
106
110
183
197
169
13
98
119
130
123
102
122
160
122
159
304
114
152
171
145
136
111
105
111
23
107
164
182
339
108
226
220
88
80
138
169
95
173
100
201
125
137
166
98
25
