26
11
26
21
15
39
16
16
17
28
23
16
32
12
29
14
25
14
48
14
16
33
15
26
16
10
19
15
12
24
9
25
14
18
17
22
41
18
18
12
25
12
26
21
26
41
49
20
22
15
41
35
42
14
37
45
22
45
13
105
17
57
16
21
64
43
64
19
18
87
79
33
16
53
10
137
78
55
115
45
33
15
59
63
43
84
54
28
113
137
69
58
55
11
16
129
86
107
36
35
26
22
25
65
82
14
77
193
114
96
62
151
173
68
134
188
74
155
13
10
96
30
19
92
53
76
14
137
189
84
112
92
186
203
55
77
137
143
86
59
83
144
142
145
242
89
106
118
22
261
32
178
9
223
168
191
122
171
32
59
16
119
69
148
202
45
20
23
79
112
133
26
139
10
14
129
40
10
97
46
144
14
153
85
82
226
89
66
46
94
177
21
114
218
16
27
51
80
109
125
195
159
72
310
97
15
18
37
69
48
18
129
47
147
181
21
194
176
162
39
45
153
165
137
41
116
99
113
149
33
15
123
99
163
162
93
130
60
118
119
37
83
104
10
15
110
124
117
103
9
13
14
106
65
36
107
18
89
22
16
110
23
126
106
78
122
19
27
12
126
53
111
144
41
36
103
73
38
132
62
22
65
120
117
70
20
95
44
117
104
99
115
109
33
93
33
107
93
14
26
45
77
99
11
57
69
10
29
110
66
93
87
128
66
133
116
122
38
38
8
110
143
128
117
43
14
112
97
107
114
120
97
135
98
91
35
14
101
58
103
89
87
91
121
40
38
73
102
112
16
92
74
94
96
105
90
35
105
45
43
81
36
18
101
103
98
32
19
71
105
102
15
25
107
30
100
81
106
14
99
89
86
29
79
106
107
128
148
87
192
153
168
73
139
66
143
56
134
84
122
36
135
89
114
126
118
23
83
115
106
107
106
116
124
110
118
100
124
14
19
106
10
12
16
18
108
109
100
38
101
100
10
21
30
42
18
100
98
12
19
75
110
112
111
122
129
104
103
40
105
63
83
72
123
216
118
142
154
193
184
155
21
42
137
378
177
129
190
52
156
175
117
120
41
58
55
121
75
117
121
119
12
122
104
129
113
123
114
63
114
48
24
66
77
103
22
120
111
104
84
47
26
97
103
108
104
116
104
16
74
99
100
27
40
97
106
139
113
122
140
100
103
24
96
63
122
70
121
80
113
86
23
107
131
138
139
135
68
159
31
47
126
34
136
127
46
130
43
170
90
23
41
121
41
122
53
123
125
134
119
164
17
124
115
107
118
128
107
140
104
107
115
138
134
90
132
115
138
142
124
188
119
118
177
103
160
18
136
207
266
172
178
171
326
20
26
150
23
80
176
50
59
41
200
39
172
26
50
51
27
210
499
499
22
218
128
87
121
221
165
43
93
140
158
92
161
182
95
171
243
50
120
76
52
130
105
125
105
107
104
102
122
35
34
101
12
108
12
110
67
120
109
105
112
113
113
105
101
112
123
100
126
125
30
11
44
12
31
100
35
108
10
103
41
165
145
130
138
40
130
89
126
134
61
57
154
125
145
14
156
181
13
499
287
73
221
70
65
138
250
131
128
127
133
79
130
201
153
202
25
126
58
147
136
160
127
180
135
157
121
165
169
121
136
109
117
135
92
120
11
26
99
117
72
152
40
14
155
153
29
155
87
99
130
122
97
106
121
134
129
110
143
145
137
36
195
108
15
18
26
10
272
199
233
360
87
236
196
72
122
11
28
213
66
180
146
144
196
163
39
52
160
62
365
207
240
113
139
136
144
85
140
39
51
83
28
47
110
104
106
106
129
115
126
113
116
116
113
116
108
102
10
102
118
102
101
112
115
222
34
143
183
153
82
150
10
15
208
151
131
97
103
67
62
136
120
135
11
40
152
110
16
138
122
30
18
96
34
64
22
28
499
184
120
149
139
144
141
105
72
112
10
13
14
16
72
198
134
212
149
125
102
124
112
66
41
130
15
171
73
123
47
55
56
114
56
36
140
174
87
10
16
50
57
19
172
162
61
158
199
295
66
123
214
101
151
66
46
131
146
131
112
95
130
136
116
116
116
100
77
111
114
107
26
17
200
197
34
194
237
250
282
56
246
170
195
200
161
15
11
172
66
170
171
32
211
63
136
220
147
160
168
195
89
115
186
19
91
175
156
168
111
29
210
499
76
398
139
268
110
111
105
195
204
176
189
141
26
131
275
260
301
12
105
22
12
84
175
118
72
169
164
172
230
77
36
215
31
56
300
