30
74
23
19
18
10
11
47
28
20
89
28
40
41
30
17
15
11
20
10
14
16
33
43
17
10
23
32
9
24
20
18
22
22
12
12
21
35
14
44
14
23
11
24
41
20
39
25
9
45
30
36
51
15
44
24
30
19
13
45
19
29
43
36
16
89
35
14
35
21
12
21
70
31
24
12
40
13
26
13
62
18
75
42
15
50
47
36
39
46
38
28
31
62
31
15
36
31
61
21
29
31
76
70
122
27
39
64
32
51
71
77
77
49
46
154
193
80
139
76
76
118
40
55
41
75
261
56
223
150
185
30
99
111
38
73
74
24
249
71
90
60
310
102
206
292
16
380
36
75
135
34
211
279
216
261
213
301
102
216
324
24
316
53
55
79
254
230
228
335
350
309
190
347
62
372
134
392
365
181
385
151
37
111
432
391
228
288
211
288
500
230
13
222
278
222
500
228
451
167
334
240
176
344
465
360
47
327
391
500
353
336
174
418
396
335
500
111
91
315
396
483
69
12
500
229
194
500
17
426
500
500
415
72
500
30
340
429
376
298
53
365
393
368
266
423
500
20
500
329
340
166
232
163
466
489
336
112
389
489
418
199
417
140
325
30
419
430
228
352
31
303
340
354
363
413
467
349
61
107
252
480
328
140
428
263
358
311
344
271
285
344
243
275
145
407
432
319
356
228
225
277
269
249
322
441
352
309
383
259
323
267
500
500
109
446
183
49
85
500
391
95
350
369
192
479
77
166
386
179
500
370
500
100
500
500
500
464
500
500
170
479
192
500
500
184
500
500
500
500
500
495
13
23
500
56
391
133
213
500
38
28
28
248
500
213
413
394
500
119
267
199
17
373
500
272
284
500
27
489
500
181
500
500
41
437
500
53
500
256
500
164
451
348
214
246
377
500
500
162
500
500
500
372
64
250
500
500
500
474
17
500
36
268
500
500
500
500
436
500
298
214
500
455
369
12
309
432
500
419
185
243
422
500
370
462
230
159
157
178
176
242
208
189
187
186
211
227
230
210
76
142
172
182
154
156
10
165
155
239
74
30
180
79
181
101
144
168
17
216
159
231
393
192
142
293
255
208
358
204
250
152
11
108
190
94
182
191
136
500
208
141
38
500
251
256
136
166
201
137
500
153
152
138
500
366
255
397
338
134
149
112
131
149
138
160
159
158
162
137
166
207
123
301
62
137
150
231
166
138
129
131
173
250
272
233
392
170
290
130
175
208
325
152
36
74
117
198
219
197
147
218
117
175
130
167
127
348
152
237
121
118
145
151
125
208
174
150
119
209
157
138
11
171
183
175
51
264
240
171
172
254
204
159
178
135
246
469
202
136
197
135
172
161
223
186
500
245
136
133
286
292
289
16
454
312
279
22
51
162
162
213
128
271
126
135
126
218
157
246
349
142
148
135
487
164
134
165
110
145
236
149
287
279
229
329
263
132
150
18
324
235
114
139
176
134
177
150
202
158
174
334
219
215
367
131
131
131
417
147
116
188
140
245
161
159
20
112
268
231
149
69
196
139
198
154
148
14
123
172
152
203
149
363
172
363
189
157
286
287
135
300
309
260
352
294
38
183
42
309
389
472
80
402
500
224
155
284
165
161
201
284
211
349
305
378
333
194
144
133
123
138
153
187
174
109
146
207
251
368
181
170
433
139
409
190
180
137
140
111
78
272
390
423
351
284
321
284
357
326
307
290
163
203
433
209
270
316
319
500
336
500
500
480
278
360
500
500
346
500
500
500
108
316
223
412
500
494
500
500
54
201
500
315
359
109
84
167
178
500
219
483
272
500
500
500
420
380
269
388
318
487
394
500
237
206
219
399
246
315
226
309
267
240
386
308
500
500
233
311
191
362
46
336
212
500
25
202
352
288
267
477
239
26
61
341
198
196
100
221
149
159
203
178
268
188
312
155
190
139
167
141
171
163
392
136
138
227
177
176
174
139
181
183
238
368
247
211
86
217
359
203
235
192
183
164
179
173
164
450
367
225
170
345
180
187
178
362
215
185
176
194
230
173
382
22
51
158
238
195
134
188
272
191
148
446
170
165
67
82
130
376
172
159
208
159
320
242
175
226
35
169
143
239
270
182
219
247
212
200
190
363
285
203
363
290
67
360
393
425
160
187
382
154
168
169
288
444
301
187
221
292
182
390
184
168
213
174
192
229
197
500
255
303
383
228
169
427
156
500
234
445
500
34
465
186
202
241
226
234
269
199
221
187
329
196
500
217
216
48
500
195
187
274
207
210
132
203
476
330
