32
16
17
9
26
42
11
37
26
25
12
10
13
22
26
9
22
16
40
56
11
20
15
19
31
19
20
40
19
19
21
12
46
22
27
29
23
16
10
21
42
15
10
16
34
9
11
23
9
19
18
13
11
39
21
39
35
44
21
19
11
22
42
62
18
55
38
33
53
51
25
28
54
33
52
17
42
30
14
20
17
98
20
33
46
114
39
46
86
53
9
21
80
14
32
25
60
27
69
39
58
63
55
25
24
62
24
51
84
11
117
19
51
58
53
41
165
102
202
156
130
141
211
129
65
166
38
132
105
71
54
15
22
60
80
125
40
273
67
76
77
84
371
105
96
35
95
140
74
247
160
81
130
109
45
337
54
327
193
337
367
232
284
206
16
48
82
73
108
82
186
127
468
327
310
37
300
292
104
36
210
305
251
264
249
188
238
72
499
357
482
30
395
193
196
241
398
38
30
383
394
420
306
19
359
74
30
367
265
355
93
194
256
195
23
305
268
88
335
126
234
37
68
279
61
97
298
499
348
331
215
239
254
32
295
316
343
122
34
132
15
447
14
66
356
328
359
380
268
381
64
331
147
307
314
265
39
268
251
141
303
320
271
258
499
499
72
376
351
289
262
280
271
224
291
318
58
63
130
176
303
499
378
255
288
82
223
65
148
136
222
348
283
252
306
96
307
356
246
209
218
57
162
195
90
231
499
499
401
499
499
499
436
94
289
157
240
201
164
178
154
123
24
57
20
118
243
281
218
437
163
94
213
359
149
180
232
167
203
153
182
189
93
408
112
335
499
164
310
170
103
138
206
65
137
273
477
269
233
209
204
138
242
239
304
173
76
87
499
499
450
255
229
203
56
27
95
18
491
31
499
499
232
162
207
192
176
217
157
167
145
131
136
114
11
108
13
157
109
104
313
178
499
458
204
211
169
161
178
161
145
15
184
163
114
171
208
186
465
205
424
499
422
408
349
484
499
499
78
54
132
499
391
435
10
283
378
365
292
366
267
296
122
276
129
184
132
224
300
178
223
159
187
65
136
303
217
109
164
173
163
200
236
221
194
230
107
153
118
142
208
146
145
175
161
153
152
135
139
134
164
130
152
146
142
126
133
135
146
132
141
134
135
128
156
120
133
125
135
39
141
164
159
255
235
318
348
357
44
30
23
25
69
499
56
81
56
40
242
263
190
322
193
230
258
447
210
199
201
211
265
219
215
224
233
198
204
224
175
177
224
181
287
206
235
320
188
202
174
499
243
214
433
161
58
86
82
56
215
231
268
226
175
166
216
182
169
184
170
184
165
161
156
134
139
156
145
137
130
151
144
142
118
140
136
133
130
121
11
127
23
10
136
128
154
130
163
234
144
172
330
170
171
142
219
142
158
119
158
150
131
152
77
55
299
151
145
116
147
227
156
227
174
172
187
213
231
138
208
276
146
153
127
118
106
109
102
106
114
11
102
102
105
10
10
9
9
9
12
10
12
9
108
186
141
132
122
143
181
185
146
136
240
202
181
173
147
187
175
201
176
170
154
179
151
244
266
197
173
177
80
150
121
22
120
157
138
142
181
153
153
145
145
127
164
135
135
126
138
149
125
135
143
140
155
120
140
154
142
116
135
137
244
205
155
156
141
209
180
181
222
220
175
213
175
169
182
209
126
148
132
132
131
189
153
52
190
50
109
55
130
218
199
164
156
140
147
180
183
153
154
190
139
163
175
117
112
114
126
112
120
166
115
124
133
138
159
131
112
133
143
114
147
134
111
112
135
192
175
106
131
144
93
39
68
73
135
359
230
255
189
176
309
415
264
156
198
158
179
195
156
117
111
70
150
52
220
164
186
169
145
149
167
157
179
136
150
163
144
168
152
158
158
179
160
159
149
151
161
136
145
143
163
169
147
141
190
151
150
151
326
157
62
54
125
191
189
482
258
211
256
154
198
209
186
205
193
186
226
107
149
211
191
203
192
161
241
261
196
34
121
35
34
13
31
59
91
82
182
250
256
199
223
257
345
400
381
270
233
164
172
168
158
169
130
135
149
157
119
141
124
126
117
113
123
116
136
119
125
119
11
119
49
115
146
157
184
185
195
175
176
228
194
196
189
158
203
236
36
166
131
177
197
201
215
200
184
155
163
143
108
116
64
229
237
172
149
157
127
163
141
128
143
134
119
137
132
132
140
155
166
146
152
138
146
136
130
146
147
156
110
106
59
126
102
170
246
174
240
155
164
151
168
144
129
135
146
147
141
143
155
136
143
149
143
166
158
140
153
151
