22
13
15
92
15
11
15
16
15
50
38
27
13
19
15
17
20
17
9
19
25
26
38
12
12
9
19
26
12
10
18
15
15
13
49
13
16
31
15
17
17
12
44
16
16
14
18
14
45
17
57
103
29
69
16
22
12
10
24
44
21
20
20
64
69
44
22
55
59
31
18
75
46
25
53
78
37
76
44
136
44
81
38
33
44
32
12
130
26
111
37
237
25
40
82
37
133
44
108
76
62
112
63
182
85
161
23
188
187
12
51
210
98
109
75
12
11
200
57
39
117
87
119
159
45
38
137
60
71
202
118
28
177
29
71
64
140
98
80
129
32
194
27
137
156
160
193
31
161
94
52
15
168
135
111
148
76
69
96
18
187
18
33
184
149
213
32
184
99
203
36
192
278
224
236
332
108
87
29
32
201
168
160
222
155
107
225
72
27
136
11
245
65
14
25
119
108
176
170
29
228
12
115
179
44
154
71
119
79
37
28
158
116
68
74
135
18
71
30
134
15
196
49
43
114
10
108
88
467
11
82
45
48
43
82
15
10
13
58
32
16
39
255
108
167
37
106
120
107
35
91
97
28
161
31
101
69
91
101
98
16
36
13
58
67
65
48
20
43
97
85
14
24
114
103
14
162
19
29
96
78
79
42
120
165
42
46
14
134
47
88
62
71
51
57
27
49
43
46
44
70
11
106
99
32
325
65
11
83
115
108
34
39
97
136
111
125
61
19
51
131
72
133
95
98
119
27
68
101
74
106
57
94
21
90
92
11
16
47
50
50
104
59
17
94
68
109
42
88
31
97
102
131
62
81
98
140
51
125
123
71
75
40
39
102
106
46
110
119
56
81
49
114
68
31
137
95
79
160
107
133
32
11
87
11
119
150
121
254
13
77
24
92
129
141
56
101
331
127
95
106
89
117
66
106
138
90
184
130
149
97
73
131
96
101
116
107
112
13
129
91
148
13
98
45
136
101
293
135
36
117
23
357
19
253
51
121
103
67
95
130
110
53
146
109
101
358
104
26
118
62
351
158
168
182
139
46
225
321
47
290
179
217
70
220
105
127
245
96
98
84
63
50
308
81
67
93
74
209
253
121
59
112
160
42
170
126
116
166
27
113
136
157
35
93
342
97
134
128
30
47
86
57
85
215
105
49
143
103
63
139
37
27
119
12
114
12
114
150
176
43
308
107
144
151
129
273
52
53
187
499
114
75
174
157
499
28
85
44
73
330
185
102
24
98
100
173
52
171
124
89
64
220
218
179
135
156
170
58
130
162
63
16
169
89
149
162
207
136
99
152
114
12
285
54
143
117
195
235
130
103
162
221
79
113
141
235
127
200
55
388
195
122
105
211
200
174
166
315
265
316
327
295
298
263
43
132
270
215
214
113
167
52
69
103
119
233
77
112
16
253
195
196
29
141
178
68
140
203
231
196
9
239
179
105
186
174
156
54
199
255
269
243
20
128
189
138
22
266
284
167
185
205
111
25
107
149
227
139
98
123
199
79
142
198
132
286
110
499
107
234
121
74
246
222
315
122
181
97
499
242
18
241
130
171
296
263
171
350
211
197
93
121
202
173
99
218
231
208
318
120
278
49
87
145
308
166
137
98
105
116
223
120
247
85
232
108
101
40
165
275
166
256
356
96
110
110
98
343
97
205
100
42
48
96
111
255
143
60
106
101
185
87
93
225
85
152
315
65
450
273
319
219
186
259
52
96
195
11
44
315
297
184
233
499
317
339
42
107
136
390
179
130
107
207
107
130
143
95
95
102
166
128
340
30
130
123
336
101
85
134
223
150
132
120
133
220
199
265
192
177
188
244
117
198
114
77
51
286
151
214
154
111
114
234
244
83
107
187
271
206
85
241
46
175
93
349
125
106
235
292
27
67
248
113
120
192
118
132
136
111
110
97
162
230
230
186
171
236
153
108
135
122
282
115
144
99
203
123
105
265
228
413
155
136
274
295
247
169
79
269
137
214
404
102
231
499
73
257
213
211
241
150
302
215
176
194
120
109
96
109
100
117
287
165
135
347
349
103
382
114
435
281
240
66
124
218
197
287
113
165
148
319
196
127
306
195
156
128
34
389
101
94
308
331
106
120
104
89
102
130
80
177
68
146
85
99
145
111
82
132
59
169
44
147
181
154
28
122
234
125
36
200
91
413
91
141
111
169
147
164
206
107
62
53
117
27
102
180
119
152
112
59
109
53
77
101
228
41
110
103
105
120
113
98
174
106
185
179
101
92
98
132
95
87
87
20
137
103
114
