35
15
36
14
25
20
14
17
13
34
25
14
24
19
21
10
39
22
18
19
19
15
16
19
32
23
20
13
27
23
42
14
13
26
71
16
16
23
28
33
19
24
39
32
11
36
9
35
93
35
74
38
11
9
33
28
66
34
15
40
55
159
67
40
18
59
51
18
71
44
20
53
84
73
52
68
30
62
13
51
38
90
32
88
67
26
19
119
66
51
138
125
73
98
106
22
66
92
89
139
43
195
30
25
76
24
31
147
105
37
72
66
130
182
118
52
189
82
81
78
99
20
46
188
276
15
92
133
27
206
77
125
13
119
122
74
164
87
118
141
267
180
66
104
65
247
303
28
127
139
36
117
75
118
500
34
151
116
84
129
82
22
81
263
132
267
74
118
139
139
70
83
24
86
146
236
210
43
16
94
94
107
74
81
73
204
60
15
31
113
310
137
25
165
122
243
89
11
198
81
99
233
122
177
44
101
48
36
151
22
21
13
176
16
36
17
41
63
185
13
154
88
11
113
210
69
36
34
135
83
124
34
212
123
29
144
214
173
28
26
141
77
151
131
223
78
186
130
107
75
58
44
12
10
74
30
26
44
46
137
30
54
33
51
32
172
12
118
93
54
42
66
54
156
135
138
129
114
210
83
14
152
176
72
13
155
136
138
94
152
119
91
15
18
51
148
143
35
148
72
129
118
103
103
166
134
105
16
92
28
272
125
40
39
103
89
13
41
49
110
48
12
109
143
38
74
83
93
14
110
25
78
133
41
81
15
95
110
34
62
41
56
107
130
186
101
57
30
192
13
65
19
53
35
42
34
42
119
119
56
103
57
54
49
71
132
157
29
236
42
167
238
136
110
34
94
99
294
101
39
60
11
87
123
95
65
55
41
13
175
35
93
93
156
153
12
91
131
125
13
118
11
77
16
81
108
107
72
35
26
30
100
163
188
78
70
106
34
125
54
23
131
238
60
136
60
44
138
112
70
59
53
21
39
59
21
98
141
139
52
108
82
178
105
110
99
103
80
106
101
109
174
182
15
104
49
102
26
46
104
125
117
125
98
107
11
150
229
19
211
24
10
131
97
136
145
189
184
95
137
181
159
115
216
111
427
29
103
68
71
101
165
110
105
233
48
122
56
123
18
123
52
131
142
101
163
183
119
219
11
13
153
92
97
194
13
171
74
108
138
81
127
238
148
154
115
144
111
94
246
125
122
151
106
89
79
186
105
171
99
39
27
221
86
137
128
374
147
125
120
114
116
263
168
233
73
137
207
139
116
207
177
208
129
44
93
102
132
202
99
96
150
14
150
65
106
144
103
160
226
47
157
109
59
138
77
14
247
145
96
51
118
36
171
40
144
108
279
71
77
136
128
138
110
113
158
110
154
58
169
103
26
137
117
210
189
234
28
112
100
268
101
421
104
97
119
158
48
224
109
121
120
159
105
253
12
313
23
258
98
424
107
174
261
235
187
117
174
138
206
64
103
214
212
95
12
106
113
123
141
129
245
142
167
133
146
125
482
140
198
148
38
236
83
100
183
120
319
79
141
274
113
295
107
168
86
132
116
101
174
169
390
61
215
217
79
165
247
169
245
150
208
209
140
318
127
223
175
112
205
300
137
99
206
117
148
112
122
83
124
174
90
158
235
130
183
157
81
41
105
19
171
470
107
119
206
126
144
124
411
94
141
201
130
155
98
97
71
31
109
115
55
100
184
64
152
121
109
60
140
39
138
104
114
185
131
115
110
175
25
178
183
152
130
195
102
104
141
104
107
107
16
307
147
113
130
157
105
165
70
125
46
96
179
191
121
49
111
140
60
47
153
428
105
116
235
164
109
231
136
192
127
142
87
108
199
98
126
65
283
127
36
145
108
126
37
27
101
177
486
158
11
222
207
151
26
182
102
252
268
115
119
212
146
168
39
361
135
315
109
271
213
112
107
119
113
152
136
113
129
330
114
141
171
130
122
101
129
129
289
109
74
156
323
121
140
102
159
218
141
104
207
116
129
33
99
300
217
198
124
109
469
143
88
97
223
129
136
134
98
128
289
147
158
474
179
102
195
97
108
69
101
154
260
196
257
159
151
153
126
454
147
382
231
124
213
323
169
120
128
150
224
121
104
396
212
138
104
205
500
145
244
159
131
114
129
144
133
139
114
211
113
177
76
132
176
111
152
150
152
141
500
238
109
345
374
123
107
228
128
116
119
157
104
129
287
144
86
260
114
327
115
106
185
400
154
332
171
162
123
175
218
95
110
333
172
336
125
141
158
