29
39
11
27
13
17
11
8
14
17
28
32
11
37
12
19
8
17
40
10
15
15
12
23
11
21
16
11
16
11
9
15
13
15
37
18
11
13
64
8
8
8
49
11
14
14
16
37
44
59
23
20
10
58
15
18
16
9
29
8
34
23
23
39
29
12
48
59
44
31
65
28
33
17
102
41
25
48
43
26
59
17
39
65
110
119
105
113
19
21
57
25
42
91
70
49
137
24
105
43
40
103
39
125
11
52
60
157
94
116
142
163
62
121
88
31
107
120
114
123
62
61
101
219
13
137
187
49
160
119
58
99
61
168
190
29
251
37
34
20
188
149
36
187
66
106
132
171
213
207
172
52
202
101
31
143
214
54
198
90
121
46
114
147
19
105
58
59
246
147
128
79
137
149
201
119
57
29
126
162
35
143
129
145
152
152
12
111
80
10
195
80
155
153
216
77
195
123
167
137
192
102
266
144
220
36
139
208
139
161
9
254
160
155
244
168
59
150
82
136
42
138
159
122
105
39
78
38
68
30
92
139
95
127
193
11
56
11
72
149
12
87
150
44
56
206
24
10
67
72
80
144
66
139
29
155
47
132
107
141
45
23
121
135
60
41
43
111
55
107
92
54
172
42
77
118
131
131
118
57
47
144
50
148
64
52
33
102
32
58
116
125
213
10
107
154
44
139
227
65
78
229
230
71
106
79
23
118
111
99
32
130
24
28
65
29
198
141
113
139
94
34
108
134
125
120
31
40
103
110
33
56
115
60
144
36
231
99
79
178
117
292
96
122
18
45
115
114
135
78
117
91
72
137
120
98
112
303
138
81
55
114
113
122
76
158
183
100
128
138
136
271
117
199
146
54
47
147
270
139
21
153
138
203
73
58
108
177
132
70
230
108
95
31
114
59
141
73
221
333
439
124
112
42
102
169
314
255
173
26
115
65
108
230
88
49
116
106
34
12
158
108
146
93
27
116
190
155
26
96
188
84
124
74
143
191
108
110
16
100
158
80
127
160
73
122
18
115
297
130
203
105
22
147
89
135
94
145
134
166
128
135
82
59
91
122
97
134
79
124
22
139
41
232
70
51
182
61
120
145
16
192
291
168
158
104
105
318
98
97
98
158
220
67
128
124
185
168
133
136
25
174
147
49
82
136
160
138
132
142
118
72
140
135
238
223
40
143
159
127
21
47
371
109
140
118
190
96
103
43
93
176
138
110
110
26
116
115
102
154
41
129
102
120
192
139
171
105
105
60
89
199
78
112
15
100
262
167
104
112
97
100
106
98
112
331
159
142
129
66
63
187
321
119
116
282
150
222
104
141
101
171
41
187
138
116
182
151
176
143
127
154
151
75
15
173
117
158
111
106
68
134
97
136
140
287
129
167
217
182
168
168
109
117
85
124
129
13
112
52
113
33
111
145
120
204
117
117
184
226
144
231
225
129
124
117
211
100
124
113
126
135
194
153
131
141
158
164
194
101
75
128
109
68
136
191
112
181
96
214
222
104
167
66
147
60
102
52
190
129
114
123
133
40
285
121
131
154
104
115
45
50
113
77
130
106
78
37
41
36
104
192
111
221
100
448
187
152
200
204
131
40
136
40
126
161
177
10
107
105
146
112
99
172
153
107
287
109
143
89
132
142
269
142
42
25
212
310
90
115
98
142
120
49
24
107
100
181
120
38
109
201
138
219
119
171
117
18
342
123
119
148
111
123
24
106
131
133
98
108
133
96
185
128
206
109
118
200
115
126
108
152
144
24
119
121
99
157
126
96
121
17
134
114
99
271
147
91
108
98
103
137
103
238
95
108
99
260
122
129
82
109
183
33
94
124
95
249
54
116
103
68
118
184
136
124
115
130
139
108
179
118
259
69
105
82
203
106
372
33
182
150
139
140
129
21
127
138
81
264
132
122
153
159
141
195
78
123
112
79
200
208
88
57
102
128
102
125
158
111
159
122
163
108
153
205
144
121
105
55
124
121
299
112
181
124
148
135
36
159
97
175
141
133
206
193
108
151
188
143
131
215
205
126
137
32
113
146
225
120
141
13
106
110
142
68
154
136
118
82
106
116
115
127
195
126
106
100
108
402
162
96
135
278
420
254
121
102
136
212
64
103
88
48
38
230
89
113
66
231
99
273
113
148
91
95
70
73
112
41
153
66
93
50
113
112
39
59
68
84
67
149
156
93
158
107
232
425
179
124
129
135
141
171
108
128
110
117
107
310
457
355
57
53
102
243
109
136
222
116
227
145
57
153
188
135
274
201
283
166
