25
15
20
17
23
27
15
12
11
11
11
39
33
14
15
27
16
16
22
36
33
13
15
20
18
26
11
15
11
10
11
10
13
19
14
18
20
14
14
18
14
19
18
16
9
11
14
16
56
11
33
13
16
12
13
26
25
17
8
19
13
21
23
46
98
18
60
35
10
16
14
28
48
40
24
113
23
52
62
25
52
21
34
53
86
42
27
15
60
16
44
35
64
67
90
33
76
26
88
27
175
35
55
50
63
42
45
89
52
19
13
54
63
44
79
32
100
167
61
91
63
42
70
56
78
13
89
37
114
141
105
193
94
119
41
78
90
30
105
44
141
96
25
108
151
97
138
116
115
32
161
62
167
163
39
260
126
182
132
271
113
121
91
174
188
127
183
188
155
33
140
47
175
181
222
273
24
12
314
159
123
210
106
203
54
118
97
170
225
71
215
235
188
202
211
172
169
223
67
178
193
209
221
22
318
210
241
270
209
199
224
119
196
291
159
143
115
258
199
214
101
249
252
238
123
219
201
363
258
211
245
282
251
295
111
36
353
237
376
27
221
24
148
291
162
200
329
220
232
248
244
294
197
276
147
124
56
287
285
73
410
434
289
97
211
267
326
75
184
186
240
178
236
262
220
241
158
306
319
233
246
326
103
228
321
232
262
206
411
201
185
250
225
229
264
195
237
266
225
209
350
251
212
358
291
293
296
383
267
400
256
198
391
219
256
355
302
129
252
402
282
215
240
42
82
328
139
365
13
271
244
275
315
143
79
197
42
252
225
276
233
31
162
228
232
202
85
259
225
141
211
168
191
193
195
272
225
214
184
185
206
265
199
306
107
209
185
191
202
191
193
175
185
216
217
194
201
126
135
201
237
172
177
176
203
200
193
200
173
209
202
174
199
198
198
185
258
225
172
220
210
206
198
209
216
180
236
257
241
227
47
269
213
401
223
183
193
258
205
267
250
227
210
208
195
229
215
246
227
196
218
210
285
226
282
232
224
207
206
225
198
321
192
250
221
28
152
63
152
214
107
184
197
94
210
202
295
225
265
242
188
227
231
156
225
191
198
200
216
201
186
187
171
189
180
202
216
44
101
232
218
173
188
237
176
277
206
316
193
189
237
182
197
142
500
187
323
323
224
334
324
427
260
350
199
200
136
299
186
214
115
170
314
245
248
208
215
500
500
356
252
288
18
34
20
62
248
230
269
344
192
77
220
219
277
257
113
218
179
212
163
196
307
221
252
284
212
121
303
333
176
333
190
196
172
158
220
239
284
206
29
200
201
80
225
207
99
332
196
243
173
205
218
246
248
244
276
256
207
283
287
242
500
500
476
48
354
267
500
500
210
263
449
268
168
232
159
139
172
147
138
175
121
147
135
158
167
144
127
154
131
119
177
190
138
153
189
146
137
117
210
161
187
136
185
170
168
172
500
300
125
340
199
179
161
145
129
169
226
130
129
115
139
190
142
143
238
117
257
229
212
167
154
180
204
179
159
144
139
134
135
145
146
122
141
119
119
159
173
121
155
139
170
139
216
294
183
186
162
12
103
170
344
145
121
34
116
96
228
230
233
500
240
349
182
500
500
378
219
154
246
232
210
221
177
376
116
301
91
172
163
45
210
198
52
203
206
197
206
259
222
358
296
379
238
181
263
209
320
333
500
202
282
228
200
237
317
500
324
193
39
274
234
258
203
232
189
217
225
167
351
45
240
256
160
226
201
182
209
229
202
202
469
213
202
265
173
195
171
197
178
244
185
183
244
182
308
176
333
476
223
317
221
331
356
124
197
107
160
40
321
269
236
230
188
176
260
248
177
151
166
273
91
284
500
316
163
255
174
197
28
33
102
76
15
24
84
98
213
148
241
221
273
160
438
305
212
237
162
207
209
185
213
374
152
231
273
159
238
158
176
201
248
130
250
133
142
201
137
148
183
182
139
267
206
152
232
150
169
213
245
370
319
100
318
203
269
158
306
229
188
185
368
190
233
190
202
180
86
304
272
241
270
192
222
210
172
225
190
229
327
228
249
371
192
226
195
233
194
255
273
233
151
500
281
102
500
192
254
233
249
298
160
207
232
274
214
200
228
198
184
142
119
141
170
176
304
226
209
346
56
131
166
163
45
173
162
147
100
41
159
70
141
245
116
29
227
109
160
188
280
349
271
228
225
185
278
257
258
292
234
500
253
268
297
393
500
500
257
500
247
238
92
38
500
179
500
500
251
287
361
242
500
500
315
173
117
85
252
161
197
107
169
201
231
197
350
42
199
335
