33
18
11
93
15
26
21
19
16
15
39
28
45
17
18
16
16
13
24
12
18
14
41
12
13
11
22
21
13
10
30
17
20
23
25
27
18
17
14
10
20
20
14
43
16
16
11
56
18
35
139
30
77
11
13
24
13
59
62
14
33
15
104
78
23
21
89
15
20
10
43
57
22
51
57
14
49
18
13
41
41
19
36
100
38
19
20
30
32
16
37
30
61
38
115
41
73
137
100
87
54
49
36
98
46
35
75
181
100
62
87
167
86
117
176
28
40
102
160
195
33
264
133
57
109
101
57
131
207
127
31
13
209
122
133
58
236
94
157
73
177
33
170
174
265
94
208
96
145
49
160
88
169
148
45
31
161
150
142
233
127
181
345
280
261
262
82
29
14
18
62
165
194
169
14
380
293
34
276
262
328
500
207
294
247
175
177
73
82
115
74
32
185
65
139
204
226
154
125
290
115
70
206
500
157
500
114
277
500
349
63
133
165
500
500
230
140
374
67
244
500
13
279
204
175
457
332
155
200
180
212
19
35
38
62
210
168
273
235
220
67
264
94
332
231
13
117
402
269
200
159
157
36
189
168
144
223
185
209
239
27
161
202
175
168
87
169
162
174
94
191
171
153
235
32
190
184
95
118
190
256
198
313
236
95
209
176
179
146
160
204
148
148
151
198
164
135
159
174
256
189
169
154
199
203
45
27
46
22
65
25
92
172
226
255
386
263
311
283
272
255
234
297
291
332
342
309
265
315
183
232
246
220
201
213
102
246
311
261
404
121
250
321
390
500
500
51
166
182
121
21
187
249
500
500
28
500
310
149
500
170
453
203
220
203
180
150
149
143
160
149
129
180
151
149
169
155
29
49
14
29
20
17
29
237
165
159
211
174
200
500
500
500
500
500
93
26
18
77
55
158
144
324
388
186
114
48
97
99
116
131
127
42
145
211
139
89
72
129
159
153
184
134
136
222
142
157
111
118
111
51
119
108
131
140
120
123
130
122
140
117
130
116
122
117
118
120
116
118
110
106
114
119
117
96
116
110
100
114
113
11
125
119
123
126
120
126
108
132
116
98
112
125
119
109
111
128
115
120
108
110
112
117
108
101
88
88
118
96
113
111
110
124
118
108
123
108
124
109
129
113
125
116
124
122
99
103
116
129
127
121
137
137
130
120
139
132
123
140
138
133
122
134
136
115
133
121
13
109
111
141
120
130
111
119
150
139
130
120
139
114
121
116
128
116
113
107
111
121
129
108
114
116
128
109
123
122
119
119
133
111
131
135
117
133
130
132
141
123
130
131
128
131
128
119
130
139
154
160
123
25
132
22
159
29
234
195
184
229
186
342
151
194
150
199
12
160
270
210
171
164
195
156
76
213
118
178
227
213
235
216
201
157
148
66
30
241
151
145
140
158
145
143
140
150
137
59
163
174
295
160
176
216
160
29
181
151
20
137
183
181
171
211
208
199
176
185
242
116
112
35
38
223
290
299
191
290
270
226
291
267
233
226
422
178
277
374
36
191
135
15
206
209
191
192
195
180
146
148
191
166
159
133
148
146
149
171
135
158
137
141
63
14
61
57
153
130
127
117
143
181
165
154
110
161
30
184
147
227
192
198
176
191
174
220
163
169
206
203
226
212
187
195
180
193
190
178
196
185
187
195
12
41
29
66
11
47
12
10
13
210
233
254
230
203
213
194
214
197
205
210
204
227
220
241
236
461
342
47
36
108
213
268
365
203
418
276
386
320
314
279
264
132
79
260
98
173
70
154
263
231
268
224
222
226
162
57
42
164
189
157
175
162
143
151
151
166
253
97
209
179
179
204
201
462
162
173
139
143
139
133
142
146
147
44
151
240
500
438
173
108
117
115
33
112
169
500
164
197
140
186
189
136
171
132
89
155
131
159
142
154
143
192
288
331
234
263
242
221
222
229
246
228
246
289
296
157
357
73
198
85
55
229
254
500
500
56
500
463
164
317
190
52
498
421
500
44
277
429
257
213
407
36
14
51
24
10
11
15
500
348
384
500
224
234
201
186
172
13
29
12
13
36
223
421
190
232
299
254
307
96
199
106
193
61
282
154
248
250
228
244
110
69
15
37
28
33
322
214
214
248
243
225
164
84
231
244
202
297
305
306
39
20
24
32
50
500
500
316
426
39
53
101
123
245
353
333
277
242
249
262
233
247
244
144
352
375
423
461
28
15
45
33
33
500
500
500
500
143
16
48
18
16
42
84
334
235
190
169
205
292
12
159
168
163
156
148
157
141
36
