26
12
18
11
14
16
23
15
9
34
28
15
64
14
13
12
12
22
10
10
14
31
49
12
18
13
20
17
11
13
13
12
14
13
16
16
14
13
12
32
19
11
17
18
10
19
14
19
33
43
37
20
30
21
65
52
78
65
12
46
17
15
75
24
46
61
26
113
88
56
36
18
130
53
75
79
35
14
22
48
88
54
17
61
12
13
9
97
21
185
59
48
100
68
59
27
22
11
136
15
70
57
68
38
88
54
80
111
192
107
35
96
32
61
98
24
24
149
100
134
189
147
178
44
132
192
157
45
31
35
130
31
9
79
214
36
131
49
51
41
16
173
55
22
115
133
206
92
90
319
42
89
21
28
52
147
13
110
184
11
200
13
111
243
40
83
191
57
105
100
138
231
81
55
24
152
193
99
67
150
17
249
142
190
296
42
180
205
58
192
207
68
283
203
262
311
203
71
145
192
83
355
210
257
200
34
217
326
100
291
372
77
269
61
245
205
184
36
154
68
74
38
185
230
105
56
104
66
170
43
103
107
110
56
67
49
51
128
192
16
45
129
138
24
49
114
35
143
81
38
66
57
47
71
15
19
63
12
61
35
180
29
40
27
63
46
94
127
61
108
89
49
46
63
77
127
29
32
43
62
152
16
71
166
141
158
116
205
179
47
21
43
47
45
184
202
99
222
15
92
66
132
18
11
18
11
13
21
102
31
54
10
10
207
29
32
13
164
120
38
10
24
32
59
45
20
188
19
143
32
70
51
114
107
175
139
123
90
27
58
145
19
116
103
55
45
9
44
173
31
137
150
54
42
228
243
43
11
34
144
281
136
36
402
37
127
51
77
94
41
147
110
213
123
141
127
153
78
126
330
11
73
172
26
107
185
106
177
30
100
51
18
112
12
11
23
26
105
267
172
31
58
184
10
34
261
70
45
19
122
65
115
76
170
125
96
218
151
147
111
112
110
287
22
66
103
44
70
14
29
200
12
22
33
250
40
100
175
102
116
236
60
233
89
177
203
111
67
206
11
105
32
216
114
213
137
215
93
146
264
241
10
54
36
99
12
253
98
229
96
63
96
115
279
144
68
109
458
98
143
116
101
106
243
49
162
114
109
192
86
11
62
128
14
10
73
98
30
152
149
38
228
136
219
173
101
201
112
97
187
95
56
151
246
62
182
155
101
286
50
84
102
251
193
172
93
132
237
189
99
102
256
153
167
28
198
126
147
49
147
121
40
240
171
160
110
227
290
183
129
104
195
124
266
143
126
98
122
210
165
141
165
117
219
242
198
138
99
171
257
156
192
111
11
106
98
200
114
128
121
155
177
223
110
108
100
315
34
77
147
112
229
133
190
110
221
91
50
127
28
142
114
219
151
119
163
245
245
24
116
196
161
217
164
199
212
180
109
136
163
191
228
162
171
183
54
119
315
76
119
212
68
131
110
272
176
139
107
127
223
175
111
400
134
361
201
58
41
96
180
212
9
166
268
166
143
197
263
349
151
105
127
127
132
291
140
243
144
45
303
154
103
116
110
166
120
122
95
118
57
271
111
113
83
308
121
112
175
213
155
127
315
203
174
182
226
165
122
104
170
181
261
86
101
103
223
188
273
159
149
112
278
129
127
115
127
311
121
173
126
185
182
34
102
180
67
69
75
114
126
117
152
118
108
109
142
343
158
203
143
171
119
147
111
137
99
235
484
118
117
226
121
153
262
179
128
128
324
33
114
145
208
265
137
131
112
134
125
84
296
400
193
194
109
91
388
104
344
133
121
95
43
282
164
415
120
129
108
133
471
141
10
205
99
173
161
242
67
180
52
499
189
200
126
134
372
175
123
268
274
211
50
295
100
152
348
188
89
176
122
219
180
181
63
191
220
160
499
104
114
137
178
217
331
58
137
139
210
361
297
126
154
139
153
137
322
220
90
176
133
180
201
120
261
176
146
157
145
190
120
371
97
97
147
210
176
374
121
235
193
100
157
154
369
164
147
499
80
218
198
169
103
189
179
92
173
191
238
290
314
137
252
103
224
194
123
499
227
266
127
124
117
154
229
236
219
123
110
159
139
170
77
309
122
171
192
108
112
159
123
118
187
106
170
227
120
153
169
118
139
201
110
195
109
322
110
114
116
274
109
105
173
26
212
125
124
110
106
112
254
205
240
103
131
114
111
138
198
137
126
115
125
218
107
103
499
118
148
167
144
192
132
129
194
203
171
167
116
107
166
142
151
163
114
179
218
144
192
106
136
157
237
129
201
230
116
169
99
251
341
