27
16
15
20
35
29
16
60
33
13
11
13
21
11
22
19
16
35
14
34
19
24
21
9
40
12
15
16
22
19
9
18
14
12
21
17
40
11
12
17
14
20
17
19
19
12
36
21
13
22
16
25
27
14
16
30
23
13
12
12
10
12
8
9
15
9
21
16
11
10
11
38
27
11
34
69
16
22
116
59
34
14
39
45
33
59
15
41
10
28
16
36
96
46
18
42
33
55
23
49
121
59
42
23
50
46
22
71
48
22
148
64
85
40
11
111
151
46
87
91
98
74
193
170
102
22
72
85
179
46
161
50
156
185
125
151
82
266
36
23
222
172
130
23
117
107
83
92
56
99
197
171
47
97
212
99
86
168
203
135
56
223
133
113
184
39
183
178
216
299
202
208
140
175
20
305
15
81
360
187
425
150
500
40
250
14
89
197
429
139
129
376
250
436
487
70
418
234
306
375
217
77
216
15
35
42
20
399
500
138
197
500
230
292
306
293
314
183
500
63
500
16
211
131
56
247
385
71
82
120
500
99
500
135
500
368
27
136
48
50
500
500
162
64
162
26
131
121
117
121
119
121
130
128
130
119
115
119
129
114
43
15
111
115
113
119
115
129
129
62
201
50
160
85
86
15
162
178
201
202
165
165
176
174
185
185
122
181
68
278
275
237
142
138
160
236
153
309
180
220
193
216
156
184
228
120
294
224
233
206
192
169
179
144
173
149
166
62
16
33
28
500
233
196
190
100
186
204
183
185
206
185
175
182
178
32
157
168
180
155
186
174
201
206
181
162
222
146
134
75
53
203
195
257
135
171
102
94
197
154
171
251
168
149
153
166
186
178
132
250
328
125
186
28
199
158
171
215
251
269
112
138
143
200
188
167
41
204
114
108
108
133
110
139
125
118
123
120
127
112
142
113
131
145
152
159
500
252
290
500
297
13
306
199
278
377
262
500
284
500
128
103
109
129
126
135
138
500
135
48
182
16
16
500
86
228
500
500
500
500
500
251
500
156
47
110
28
334
155
200
133
198
171
152
138
106
123
114
9
10
124
174
137
35
262
155
141
134
186
174
162
137
148
163
189
212
223
165
221
251
149
148
174
146
136
142
142
162
132
142
142
18
14
131
228
139
126
22
110
143
38
160
152
135
149
163
107
115
145
146
197
138
219
467
335
212
404
303
414
164
323
132
109
122
11
11
11
185
183
187
144
148
288
191
132
133
132
148
123
120
129
132
131
131
126
135
146
156
156
136
154
145
122
140
151
161
148
136
169
204
154
143
121
167
10
10
11
14
30
103
128
138
119
113
104
135
127
160
251
158
500
142
261
136
195
183
172
197
267
213
173
124
159
146
220
243
191
131
122
158
180
122
173
143
123
177
202
125
140
130
125
136
131
128
122
130
123
111
119
122
114
120
105
98
49
143
151
154
135
155
146
138
347
161
132
148
144
199
158
164
145
168
153
184
101
115
168
119
22
360
229
215
302
200
224
127
149
148
145
145
139
135
138
138
141
132
111
126
123
132
139
131
140
38
160
199
222
218
402
348
449
291
277
180
164
139
136
313
380
364
500
136
282
181
248
401
184
125
104
127
100
146
115
118
127
15
12
115
176
124
170
126
133
131
140
169
138
143
500
12
107
20
133
236
313
205
201
228
172
335
166
178
176
187
253
201
167
154
500
201
187
204
274
211
500
22
31
112
240
119
165
77
9
10
11
29
145
199
167
313
311
195
500
255
137
326
150
241
159
119
141
229
131
152
142
12
253
238
388
245
134
185
229
170
146
166
122
152
152
138
144
168
146
175
155
155
154
207
171
430
448
326
319
217
176
207
191
115
200
142
146
146
156
144
57
119
221
143
278
150
148
142
133
134
167
185
226
104
148
145
166
146
120
143
149
155
342
151
325
253
279
266
240
275
265
180
190
235
159
158
143
162
117
136
127
111
106
117
126
111
108
141
107
131
127
131
136
52
18
38
16
30
11
13
10
15
18
17
41
47
38
105
125
141
147
132
132
138
124
117
114
123
126
121
120
118
114
109
114
110
114
112
112
110
105
104
105
107
103
107
47
103
111
119
129
123
130
120
165
135
118
132
20
80
178
151
145
169
258
340
171
120
133
145
108
137
162
143
147
137
134
149
140
152
158
141
153
184
152
158
142
153
23
166
423
122
122
144
141
125
125
141
146
135
126
172
136
153
137
144
168
124
374
218
500
200
156
154
167
129
10
21
106
116
135
171
166
170
138
135
139
144
143
129
131
140
135
171
155
131
