26
12
38
20
27
21
18
23
17
18
39
45
20
12
26
34
13
19
11
23
19
18
16
13
21
12
21
14
16
43
13
12
16
22
13
20
25
13
24
12
9
16
18
13
19
30
17
51
19
51
11
13
12
25
11
13
17
46
81
13
18
10
24
57
40
12
22
117
30
61
68
18
14
59
20
30
19
75
59
16
26
41
26
47
38
23
28
29
45
27
58
27
43
11
37
20
10
21
65
12
29
11
67
67
26
55
39
54
102
16
27
52
17
49
74
53
98
50
22
24
67
25
149
81
56
154
74
26
83
97
98
130
77
127
220
120
194
165
24
121
59
23
143
22
153
81
95
67
97
62
184
34
208
174
350
182
30
195
33
96
34
187
130
17
210
194
159
137
170
215
179
177
186
254
187
180
80
95
138
89
71
190
262
321
254
249
191
35
244
226
282
221
151
255
208
264
268
229
178
184
213
255
251
205
206
176
168
203
410
187
225
226
304
295
240
83
226
391
410
342
261
223
36
342
241
237
191
272
62
199
251
45
27
213
270
208
112
211
194
243
232
203
261
198
227
156
236
217
239
160
231
239
130
363
175
263
41
182
327
195
229
151
280
263
237
286
229
253
293
273
232
295
240
11
464
499
240
241
396
229
280
44
323
422
207
374
491
499
297
237
499
336
499
192
328
298
249
53
318
222
419
191
136
328
72
131
46
93
361
297
173
308
499
318
190
235
250
239
57
479
155
231
30
311
348
184
246
277
53
438
282
375
154
330
295
280
230
402
294
124
362
488
416
494
265
499
208
358
258
365
499
477
499
420
499
331
440
499
329
348
469
165
319
305
303
178
356
88
437
499
351
330
273
85
339
176
371
236
330
231
275
383
499
499
499
181
351
499
414
17
499
255
368
360
332
312
98
499
499
214
199
499
252
352
314
304
396
499
341
185
323
362
184
193
342
249
285
195
215
172
44
187
282
369
499
464
271
66
499
499
209
499
499
451
430
499
499
352
499
71
77
225
43
409
58
356
450
306
294
499
499
287
279
161
499
438
152
42
499
310
499
499
499
499
499
499
38
48
181
499
228
415
310
499
499
499
151
342
499
300
453
461
244
152
499
234
299
296
499
248
38
350
87
167
12
450
499
499
499
186
499
329
499
233
488
447
145
199
197
80
406
483
89
155
394
453
141
135
235
499
235
207
106
406
406
275
499
204
11
499
432
451
430
347
66
499
499
499
188
433
322
499
499
235
356
499
499
499
499
63
499
499
170
52
499
332
177
377
29
302
499
296
399
356
499
499
240
241
499
169
164
66
160
330
371
237
200
183
245
330
143
173
142
232
24
177
151
165
133
327
182
124
444
273
194
191
203
159
499
142
207
155
300
257
174
414
12
233
115
162
297
499
345
297
229
190
164
240
228
212
212
12
315
275
240
332
166
198
310
201
252
274
147
167
106
308
186
182
239
214
238
334
371
482
175
187
160
220
239
353
259
281
218
208
194
466
348
499
201
499
174
245
225
283
219
313
155
308
130
465
379
210
134
23
30
141
37
28
194
127
346
284
74
161
356
267
216
333
177
229
230
264
288
304
171
159
219
55
244
130
160
259
316
188
252
232
213
374
310
195
255
34
136
170
94
213
237
241
410
309
294
169
261
169
179
247
149
299
195
124
11
264
196
180
184
158
81
74
37
127
207
307
291
139
11
153
146
169
102
165
76
94
108
208
131
12
144
166
140
167
12
140
14
49
147
178
174
176
223
197
176
226
280
216
155
197
177
235
223
306
182
104
231
149
272
180
181
183
280
202
219
215
171
209
211
187
157
169
190
206
163
161
182
217
23
132
153
186
194
163
157
217
388
195
141
154
204
233
134
130
312
69
306
153
265
156
117
113
137
156
161
138
160
104
259
122
12
182
59
128
181
157
46
217
99
82
118
164
245
168
132
209
159
189
186
208
210
196
197
155
190
158
11
208
255
149
208
165
230
162
168
165
183
111
218
197
372
153
184
207
171
228
126
171
189
166
220
109
205
175
189
65
198
261
230
239
245
228
34
174
95
119
106
151
178
299
212
206
186
145
142
144
177
150
67
148
499
122
329
438
167
135
139
210
185
141
114
196
55
170
164
462
155
102
120
164
97
53
301
142
156
193
145
144
171
248
172
462
167
267
231
208
150
158
164
197
176
296
262
373
136
152
46
274
173
137
244
153
144
396
172
166
152
295
160
149
236
179
162
179
493
272
23
201
286
116
122
175
202
118
75
127
158
18
125
40
11
143
153
114
