25
10
19
20
28
12
26
13
42
18
16
13
13
14
27
13
17
12
33
19
53
15
19
20
16
25
21
17
10
11
42
14
26
34
30
16
15
16
29
54
11
23
11
42
19
37
12
17
19
10
10
9
22
8
11
13
18
8
9
11
16
12
22
15
16
14
12
17
9
19
26
23
15
8
12
12
14
13
9
12
12
9
11
10
15
11
8
12
8
11
15
14
12
17
14
14
16
10
10
12
13
9
13
15
15
10
9
10
13
13
16
9
8
11
11
12
8
7
9
15
8
21
13
9
10
13
19
10
10
11
12
11
8
8
17
33
17
15
13
12
19
12
9
10
19
18
22
9
9
10
9
10
13
17
12
11
9
12
20
10
8
11
15
14
12
14
17
11
12
11
11
10
17
9
10
11
11
11
11
11
12
22
13
8
14
11
16
9
18
8
11
10
20
12
13
9
7
11
12
10
10
11
11
8
9
16
9
7
10
9
10
14
15
9
11
7
7
9
12
10
8
8
10
10
9
10
11
8
8
7
9
11
11
8
7
11
9
15
9
9
11
13
16
10
10
10
14
8
11
10
11
10
9
10
10
12
17
10
8
15
11
12
11
10
14
11
8
7
8
14
9
8
9
10
12
9
9
8
10
9
9
10
12
10
10
8
8
12
7
10
8
8
8
8
12
9
9
10
8
8
9
8
13
7
12
16
9
8
8
9
9
17
10
9
9
26
20
22
32
30
30
31
45
41
28
24
38
35
43
40
43
39
33
44
35
34
36
47
53
71
107
67
38
77
43
84
73
11
18
26
23
17
22
95
14
29
134
38
20
22
93
26
11
15
107
17
20
21
22
50
93
53
25
41
28
50
25
18
27
23
29
21
52
57
52
95
49
12
11
24
22
22
22
55
14
42
32
17
8
51
49
21
21
13
10
45
17
60
11
29
10
39
15
14
33
27
11
27
33
85
71
73
58
41
40
9
12
32
43
10
12
13
9
29
11
9
12
9
25
14
16
27
25
8
14
8
13
10
11
15
12
9
8
8
8
9
10
9
9
9
9
32
15
9
24
10
12
13
11
22
8
24
29
21
11
10
11
9
9
45
7
11
13
8
10
13
20
26
9
27
17
20
10
9
12
21
20
11
9
8
11
18
21
10
17
8
18
36
9
8
9
10
10
7
50
20
66
29
22
36
55
16
41
102
14
60
59
47
60
58
144
19
44
49
67
102
101
91
61
95
99
59
19
100
21
77
53
172
111
85
116
10
25
136
91
67
32
75
173
38
34
125
59
41
100
27
64
148
15
22
29
56
135
19
81
63
124
174
50
61
55
72
40
64
21
65
148
69
48
40
73
96
17
68
151
9
16
58
84
68
48
15
22
14
91
166
107
22
49
49
56
84
41
79
43
41
92
17
37
54
108
41
43
30
143
62
20
45
40
27
55
23
63
28
14
72
175
40
40
43
147
139
14
58
59
10
50
32
31
12
45
17
105
34
72
10
72
32
16
42
103
68
105
84
48
77
26
44
58
37
75
51
49
52
28
32
13
12
27
40
12
43
39
10
9
15
45
10
12
11
11
19
35
44
45
60
25
40
19
98
12
21
51
16
9
17
42
14
10
12
36
39
26
27
52
12
8
56
41
9
61
87
63
12
48
11
56
72
38
73
51
65
15
13
72
96
28
72
56
44
26
32
16
25
23
46
10
48
90
74
35
12
32
48
36
10
68
12
67
32
55
28
13
25
63
31
34
35
16
38
31
63
12
36
13
50
54
33
10
12
14
50
11
85
19
59
35
27
15
26
51
13
13
16
48
46
13
49
12
62
18
39
50
37
50
13
11
13
17
59
44
75
47
11
43
10
10
22
16
45
14
11
14
14
9
46
18
38
25
42
45
28
43
13
40
56
12
10
10
9
68
19
12
58
39
34
8
10
46
41
23
54
62
79
55
19
13
11
25
49
42
86
75
30
25
14
55
25
11
14
14
54
10
8
15
19
40
13
80
29
57
26
16
57
47
71
39
13
21
13
47
15
13
8
10
14
9
45
121
40
10
40
11
42
22
87
39
28
11
28
68
23
16
16
18
66
20
48
42
12
44
65
94
8
8
66
17
37
73
36
84
8
65
30
11
55
47
29
16
41
61
12
61
39
46
150
47
18
28
36
88
42
14
51
44
43
15
10
10
17
32
9
40
24
12
35
9
10
29
11
30
35
10
23
25
86
33
39
55
40
26
14
70
102
223
27
10
12
57
176
58
41
14
45
37
18
37
32
42
11
