26
11
16
34
13
26
17
15
30
23
23
29
28
27
18
46
11
19
17
16
20
21
13
22
16
31
14
9
27
19
20
17
21
18
22
16
31
28
15
49
11
16
24
16
37
42
32
64
87
61
95
11
15
26
14
71
30
23
10
29
72
67
117
51
13
33
18
10
45
49
23
52
32
36
26
20
103
83
14
26
59
44
16
46
36
33
20
117
44
37
82
27
51
31
35
41
72
15
30
28
32
20
51
18
21
26
35
26
51
45
104
27
37
103
36
125
51
86
114
186
232
32
244
191
81
102
125
142
52
11
84
217
55
127
48
115
74
104
41
16
312
36
22
23
290
292
40
96
116
69
83
74
98
375
255
331
96
198
448
180
94
30
156
106
315
9
155
357
52
35
192
185
235
138
156
482
451
33
500
186
336
360
229
232
500
34
150
104
54
500
97
500
498
101
100
128
71
500
315
26
500
500
500
145
65
68
54
46
193
56
180
210
500
18
323
347
109
44
53
243
15
22
251
320
278
223
189
276
177
164
395
268
327
58
233
155
203
293
395
332
254
500
440
18
173
161
151
314
98
163
500
166
500
500
232
349
121
169
500
325
500
258
259
345
281
49
482
500
500
55
403
319
49
24
155
276
286
181
500
500
46
14
354
273
259
265
13
230
500
500
394
500
17
500
408
500
65
52
170
140
119
256
427
348
500
393
500
331
259
251
297
46
100
89
116
437
500
447
344
500
500
500
122
90
41
494
204
500
348
500
132
424
388
276
331
266
364
500
145
365
500
500
30
201
331
292
211
257
364
500
379
65
500
337
223
135
131
149
16
55
169
150
146
176
191
181
196
247
500
39
194
184
194
172
156
165
143
144
172
143
156
161
163
132
188
156
186
211
84
37
139
276
187
149
175
156
167
188
175
173
171
196
215
202
259
239
500
500
287
500
310
500
500
270
188
178
175
161
171
179
167
14
164
154
193
191
218
62
94
79
219
140
131
152
158
58
195
220
228
500
347
285
322
500
264
194
196
170
175
181
180
183
151
250
152
152
128
142
154
175
149
165
236
141
176
153
144
134
155
11
11
63
20
114
176
224
273
195
298
139
192
299
241
60
152
150
178
195
168
128
276
145
135
132
130
173
126
172
133
156
174
288
147
197
172
155
345
202
244
136
297
217
259
186
255
223
208
323
298
326
288
151
164
10
10
13
11
10
11
12
10
68
20
60
12
120
201
472
233
242
223
242
202
210
224
190
200
225
230
215
255
247
256
274
86
252
244
228
227
200
192
230
199
203
103
263
238
159
239
269
369
182
267
74
212
307
318
69
147
182
168
235
207
186
202
245
256
302
199
369
259
224
275
146
188
153
62
337
208
191
246
257
230
250
163
213
331
155
197
165
160
134
62
141
184
237
152
282
48
10
137
130
141
178
321
287
195
202
230
189
127
292
427
249
25
110
54
17
128
126
175
159
192
342
187
168
238
291
204
300
190
189
173
208
184
197
125
244
169
170
231
157
142
170
157
15
145
120
164
160
193
218
243
184
205
300
235
122
362
309
198
197
213
259
250
368
464
96
10
43
17
14
16
64
153
191
346
216
187
198
263
192
172
287
170
191
189
221
201
228
193
336
187
166
193
163
500
172
33
158
500
290
341
201
130
23
179
199
94
196
214
212
220
299
165
259
222
282
174
237
168
242
179
359
295
344
209
308
281
341
330
494
454
143
132
182
179
158
165
170
148
210
23
77
249
136
130
146
153
138
13
138
146
163
151
121
164
147
206
181
198
164
297
262
198
181
426
154
201
81
213
152
129
169
192
163
154
189
150
223
189
164
13
241
176
118
421
307
191
389
258
216
184
194
153
152
180
269
228
286
182
202
315
273
226
313
290
253
311
215
218
273
268
151
349
250
218
277
209
245
325
375
274
316
12
52
32
69
447
500
500
500
26
53
500
292
233
305
225
190
187
188
195
98
215
172
187
215
240
203
97
260
500
500
283
121
83
134
122
123
19
79
119
79
288
248
175
213
228
165
184
166
203
171
158
177
183
177
177
240
200
214
77
183
257
125
263
221
219
236
232
238
279
242
218
261
228
306
372
232
231
231
211
179
233
133
150
214
121
50
106
128
149
156
500
128
145
500
118
245
143
130
126
186
137
147
148
182
155
181
159
163
188
168
186
232
179
206
437
299
318
242
345
283
264
318
125
211
324
328
265
210
226
241
267
290
258
246
33
226
335
440
155
220
180
140
186
24
212
216
137
140
182
153
179
360
285
193
165
500
