25
12
22
57
32
14
43
16
19
11
20
24
15
39
41
13
16
13
12
19
23
17
24
20
13
23
10
15
13
14
12
15
13
11
11
15
41
16
10
17
18
17
16
18
10
21
11
14
25
18
11
33
16
10
15
9
9
11
12
18
10
9
12
15
14
12
12
9
26
16
8
9
15
16
20
24
8
25
24
55
23
13
14
21
46
41
37
63
46
37
31
13
42
26
27
42
42
30
25
23
22
36
65
105
20
33
54
36
68
66
26
27
54
36
19
56
63
88
176
93
28
66
93
32
75
97
99
39
84
113
63
144
54
82
89
34
136
69
110
121
170
151
28
78
113
82
23
80
83
22
85
141
152
60
33
86
149
84
160
226
88
127
70
213
223
394
213
261
352
295
487
277
14
457
210
272
220
22
176
45
93
234
120
307
266
33
88
152
219
26
14
26
57
499
322
312
19
135
202
201
292
317
216
17
13
240
224
290
20
318
75
98
190
304
184
220
201
177
17
195
236
195
197
247
235
499
84
152
358
426
384
112
121
101
258
88
18
93
122
118
132
202
328
369
150
204
130
139
98
174
172
150
157
188
185
171
178
174
155
37
155
127
137
139
131
42
28
168
13
143
124
32
123
82
161
177
138
132
134
137
141
152
161
260
136
224
234
208
181
129
149
199
123
139
35
51
13
30
12
57
90
94
211
149
157
345
150
141
134
130
119
116
120
122
96
124
50
126
122
128
119
128
134
126
110
104
109
112
109
109
117
111
116
116
109
108
114
118
111
124
118
49
37
121
48
120
76
49
44
74
17
14
44
64
230
219
178
160
160
161
256
199
152
202
169
157
141
161
175
146
148
140
134
132
142
144
158
126
157
183
134
108
173
167
75
167
183
238
108
282
166
196
279
135
13
20
27
46
167
207
201
280
366
286
339
201
200
196
159
160
156
151
150
180
180
236
213
208
211
293
238
201
211
232
176
20
26
180
167
130
136
144
137
130
125
120
119
123
115
123
121
111
121
117
107
116
115
25
108
112
113
115
119
120
24
119
107
31
117
118
127
139
123
139
126
131
132
124
131
124
157
142
129
133
149
130
126
148
135
140
143
141
124
139
146
150
129
137
92
79
123
16
356
146
150
125
179
199
135
158
154
159
178
167
172
291
200
171
171
264
169
499
356
169
196
187
177
156
146
238
247
157
228
136
140
149
21
22
23
33
37
17
24
10
18
22
161
240
254
499
218
194
139
141
130
152
169
147
157
145
154
140
144
143
161
152
161
169
152
179
168
175
155
143
181
178
169
209
220
234
241
320
317
359
374
499
499
405
383
352
499
160
360
499
499
242
187
142
207
179
145
150
149
186
225
33
124
9
8
76
79
84
499
300
480
153
132
180
179
178
205
186
204
499
499
296
180
165
157
152
155
167
158
166
183
344
186
171
173
171
172
170
475
201
170
178
161
215
198
10
89
110
111
107
120
124
125
127
138
135
126
134
128
121
118
119
129
125
131
122
124
122
133
130
118
143
162
148
157
159
159
240
173
189
207
262
286
256
332
401
499
237
258
227
187
191
225
233
209
195
240
214
206
204
206
193
223
250
244
225
232
218
274
220
223
222
215
228
248
223
298
249
214
287
224
217
289
272
188
317
355
499
400
499
19
499
296
499
499
499
78
499
212
196
203
181
210
166
203
204
371
346
208
186
173
223
208
196
194
223
206
206
210
218
227
224
191
212
232
194
222
227
499
455
148
156
170
187
126
268
436
499
220
166
151
284
185
292
131
201
132
166
164
182
200
171
221
268
231
257
247
309
228
211
11
43
45
29
159
170
153
157
163
141
151
141
153
148
147
132
147
144
161
153
167
177
155
166
153
173
186
183
202
188
191
200
79
233
54
24
81
119
198
499
215
209
202
191
169
197
173
189
171
178
194
208
183
212
194
196
198
235
215
192
206
301
101
209
210
182
147
185
200
182
177
187
221
197
216
206
219
221
216
245
215
286
162
121
205
340
424
318
293
279
285
351
489
296
301
186
285
76
68
281
214
194
159
169
174
176
132
126
120
100
399
333
211
249
167
111
242
309
275
220
201
187
247
133
90
92
21
162
237
499
239
262
198
312
164
151
207
114
178
205
136
146
147
43
129
109
107
113
117
117
118
116
117
130
107
126
115
121
113
135
126
122
291
147
163
410
205
121
98
134
45
30
21
27
22
100
40
122
135
206
229
112
291
233
311
268
470
162
151
150
118
170
13
210
46
141
153
132
136
115
109
99
119
126
116
139
