28
25
28
17
22
20
16
11
12
26
11
26
23
18
14
26
8
19
31
18
17
10
17
23
9
17
19
15
14
10
9
11
11
19
30
10
17
17
9
12
19
33
12
15
15
20
32
23
16
23
21
18
15
18
12
24
11
22
12
13
18
34
26
42
54
17
27
15
103
37
50
71
39
13
13
20
32
55
62
65
14
51
13
37
76
30
11
13
68
25
37
95
48
49
81
75
12
37
45
20
10
37
90
51
113
68
133
76
60
98
28
101
96
60
16
40
70
20
140
26
137
88
121
36
71
94
203
95
114
180
86
91
72
19
26
137
11
212
24
112
170
99
18
77
88
86
89
202
161
93
81
198
165
239
143
66
138
133
175
13
241
197
222
69
67
79
246
153
19
255
335
84
228
52
199
104
126
329
192
201
159
234
367
421
213
202
201
240
312
96
340
460
248
305
153
374
344
299
278
301
270
206
217
179
301
234
181
224
258
57
291
69
371
225
179
255
245
278
140
26
351
294
331
321
108
239
397
275
247
19
255
251
234
249
385
267
267
263
395
217
212
228
289
95
265
499
273
263
20
325
279
238
288
407
259
326
280
355
268
499
224
220
219
127
85
202
161
335
280
313
41
411
127
228
145
328
262
173
167
183
313
170
20
379
465
55
298
262
331
325
304
241
267
334
226
212
267
311
240
239
218
230
482
270
200
236
73
217
205
204
334
263
248
120
148
218
309
266
90
176
268
218
88
35
255
254
150
195
271
236
220
225
264
201
217
217
222
241
200
200
216
228
234
199
230
236
272
165
85
199
228
220
254
226
221
230
201
166
217
189
213
298
241
287
282
215
183
182
217
259
212
246
201
62
203
216
214
211
205
219
79
207
232
200
309
271
224
355
249
31
222
159
185
181
215
225
181
49
149
203
177
227
154
204
232
254
194
337
192
257
187
200
213
200
181
217
197
181
124
214
209
219
218
261
233
188
206
196
166
69
176
189
141
194
212
174
213
78
223
181
231
222
225
227
186
201
176
219
205
208
216
231
206
175
227
183
233
179
192
224
204
289
243
228
194
195
205
280
214
236
221
222
195
198
170
220
206
228
183
308
182
296
240
160
213
237
77
382
157
307
202
312
252
303
374
246
83
263
54
222
200
215
242
245
228
193
207
217
200
202
133
207
226
205
224
295
200
204
317
215
208
200
265
198
252
197
231
212
230
304
246
232
462
184
189
475
331
328
262
190
220
265
230
258
256
306
350
106
268
288
204
297
395
328
220
248
200
367
348
246
242
232
266
454
227
293
260
294
189
215
190
298
423
377
326
257
261
231
232
187
214
129
317
190
147
192
127
143
200
295
180
231
233
46
174
228
199
233
271
267
279
226
255
77
278
221
199
285
289
248
295
415
73
222
309
263
276
243
330
355
289
268
201
236
229
241
321
389
350
330
213
200
213
252
253
377
220
331
217
179
208
267
204
68
97
143
89
147
344
202
254
302
192
231
279
190
255
170
256
212
341
234
169
202
206
216
499
227
199
260
138
161
230
274
99
348
279
213
212
219
273
204
254
252
318
413
292
271
229
415
397
345
214
227
234
246
313
338
499
224
267
237
241
238
286
356
204
210
369
125
189
192
264
276
223
190
188
200
219
330
407
237
305
295
180
262
199
194
261
121
219
76
37
112
58
268
223
49
92
225
93
158
331
89
219
452
282
334
310
296
312
256
221
184
281
325
243
332
499
275
249
264
291
366
499
290
321
307
379
499
420
304
462
264
247
251
250
217
301
499
229
357
151
107
404
427
318
279
499
287
223
349
336
305
303
44
176
79
299
228
325
246
330
322
425
499
255
224
298
353
324
171
252
322
235
345
193
169
221
192
412
187
403
280
411
223
324
180
120
234
176
218
233
267
197
174
185
183
238
209
209
223
286
238
197
24
274
227
415
177
307
235
161
131
108
36
232
229
499
259
125
285
241
275
211
193
76
404
229
226
268
202
239
161
181
332
201
212
205
291
194
254
222
192
170
364
254
368
233
263
204
499
203
222
390
274
300
314
499
204
213
266
256
279
449
246
208
202
182
159
218
188
209
259
199
253
219
254
219
259
204
223
246
329
243
257
253
259
318
241
226
224
205
259
187
269
168
166
235
372
378
283
269
263
255
442
253
174
285
415
317
243
205
208
150
377
376
22
158
148
180
194
242
281
274
172
194
199
183
171
153
184
191
95
275
164
209
197
298
189
213
222
173
172
160
161
206
156
167
281
203
143
197
189
188
206
174
133
145
203
