35
15
79
17
34
13
32
14
12
15
27
20
14
20
37
14
20
13
10
41
16
29
15
10
31
20
26
22
21
19
15
34
28
25
17
23
26
22
18
45
22
75
89
13
19
34
23
35
15
41
21
19
24
59
42
25
15
18
54
34
24
18
28
27
24
24
21
13
13
22
16
32
42
28
35
17
21
19
46
26
12
18
14
14
13
23
30
24
26
18
24
24
27
25
37
29
42
38
25
19
19
70
25
17
40
44
29
35
18
41
27
69
21
45
125
125
79
80
85
138
100
63
88
90
74
125
102
224
206
196
168
152
98
127
20
128
93
113
24
63
207
129
71
95
79
24
21
148
102
166
34
108
38
155
53
132
250
348
171
128
216
295
246
127
64
151
223
41
500
227
148
87
297
500
237
153
27
324
282
500
114
58
33
189
97
20
109
405
319
225
231
260
20
184
203
99
230
440
465
188
221
170
130
100
166
196
161
101
198
130
98
74
108
238
237
285
56
198
140
26
409
385
284
246
204
165
194
174
152
160
146
178
124
150
130
95
164
150
297
202
372
254
193
228
136
314
220
111
79
22
52
103
20
438
288
132
361
304
235
307
207
311
259
67
58
204
93
249
298
348
379
485
399
392
360
237
78
500
172
196
17
17
20
145
138
208
209
178
231
264
233
195
234
360
148
257
44
182
189
200
196
169
179
78
165
185
257
212
44
173
223
190
135
158
126
123
170
135
135
154
154
86
149
38
37
70
63
15
185
127
164
70
369
287
253
255
240
412
146
186
208
59
193
177
182
207
205
228
193
194
33
123
218
205
334
260
128
250
183
199
158
163
172
149
153
127
151
178
133
136
143
127
138
132
130
118
128
144
13
9
103
11
49
45
89
160
195
175
160
148
159
131
148
141
139
123
120
111
113
100
115
105
110
116
35
12
111
51
239
204
227
206
151
151
143
137
153
137
154
134
127
127
123
121
114
122
120
116
126
113
116
137
16
122
136
142
140
135
159
194
161
186
243
184
174
197
208
225
236
276
309
272
35
252
153
187
207
215
164
167
157
50
178
23
103
181
200
147
204
251
304
358
180
500
57
28
27
213
224
215
185
232
331
407
201
194
166
139
14
218
396
291
288
286
234
209
263
188
208
188
254
160
130
172
187
201
131
89
120
13
185
37
135
139
152
151
144
140
146
150
135
133
134
148
142
64
115
192
195
180
212
15
264
306
260
249
247
259
247
244
194
189
359
303
316
32
83
125
34
130
162
164
202
238
170
172
164
195
174
181
163
180
158
182
179
216
198
196
80
144
217
160
177
187
157
181
140
140
169
138
134
12
151
176
73
93
161
181
193
188
175
172
183
161
178
151
178
182
178
186
177
182
215
200
211
228
240
144
28
73
110
192
247
254
246
237
255
214
275
280
271
343
238
287
148
486
177
61
213
344
275
73
500
165
134
128
124
144
176
155
151
196
70
12
72
389
199
164
181
156
143
134
143
176
236
198
177
194
191
223
223
318
362
256
236
361
277
500
288
192
152
179
184
162
180
171
112
168
319
371
361
353
364
384
66
33
77
47
37
39
45
97
121
294
324
256
289
294
261
265
288
267
305
285
324
287
329
359
336
344
327
345
291
34
34
11
10
10
89
214
198
225
279
215
274
295
270
314
256
270
202
365
260
295
327
500
306
330
242
260
253
19
44
32
30
329
500
137
127
184
149
144
131
151
167
217
212
352
179
171
140
205
78
161
41
130
148
155
180
148
195
146
197
185
201
181
168
199
37
10
222
191
163
138
174
169
129
137
138
130
122
124
116
125
131
108
113
109
65
181
168
178
178
176
329
138
164
154
128
114
25
14
142
239
245
166
75
185
77
130
61
199
391
192
190
154
152
140
123
140
146
153
133
141
130
312
276
183
227
149
136
102
189
163
118
12
110
148
209
195
186
167
145
100
167
155
169
214
183
150
151
144
111
198
130
16
81
34
169
115
324
178
141
177
207
246
197
197
177
186
132
158
226
226
182
151
219
500
178
186
194
190
45
84
137
10
11
99
411
243
320
209
168
130
161
155
199
178
255
248
184
189
245
297
177
217
238
148
188
241
316
225
183
215
79
207
63
137
96
90
314
218
244
365
217
180
336
158
221
211
213
268
288
163
246
154
120
114
113
119
120
106
100
97
77
10
10
137
127
151
147
175
236
231
145
149
148
201
158
135
158
134
135
156
128
128
190
142
154
190
128
157
172
152
144
126
128
130
10
11
243
187
131
204
254
190
186
156
160
187
