30
19
10
23
18
59
13
9
22
17
54
17
13
16
29
37
13
13
21
12
14
24
18
11
17
24
18
12
14
21
12
17
20
12
17
14
14
11
13
10
13
36
35
10
16
18
19
11
10
15
17
13
24
20
16
8
10
14
16
13
14
14
12
19
23
22
10
11
18
33
13
49
14
8
76
62
39
92
72
24
42
47
11
18
17
34
52
61
18
49
28
23
18
25
80
50
27
38
60
34
28
58
41
33
57
29
19
24
25
32
45
32
128
105
103
88
93
118
144
70
108
26
77
138
143
65
45
81
111
111
110
122
83
77
271
112
206
158
210
112
94
42
63
73
100
108
118
32
110
53
27
21
87
15
197
33
79
111
151
156
76
18
122
170
188
62
166
128
278
190
200
153
197
129
46
265
238
289
211
291
44
64
228
468
195
155
182
56
270
278
204
485
178
364
122
373
499
18
32
31
16
86
163
203
41
191
190
268
216
306
339
268
174
368
91
216
222
177
42
172
70
42
147
141
175
50
189
191
167
173
170
179
179
149
165
164
29
28
136
177
171
252
282
87
188
36
16
223
233
225
218
249
306
338
499
253
148
10
475
149
122
499
110
499
42
177
499
499
77
57
499
499
68
266
142
256
153
268
299
333
136
284
215
268
198
178
182
197
183
245
141
166
32
160
181
155
200
499
61
51
189
285
280
84
98
173
220
182
174
161
161
499
240
45
106
91
116
232
145
140
149
499
499
499
12
11
9
9
10
14
12
12
10
10
10
12
11
13
13
12
15
12
36
11
13
11
12
47
14
42
14
14
37
34
14
42
34
40
35
42
34
11
35
43
32
35
13
31
38
30
30
34
94
37
100
117
145
132
132
138
139
138
135
158
149
139
156
180
163
198
165
174
198
194
190
188
149
212
219
188
209
221
251
256
259
261
295
197
293
290
332
334
402
433
416
499
499
442
294
326
9
37
458
464
381
499
29
499
30
84
499
499
252
29
387
474
394
331
282
316
280
282
348
293
213
286
222
188
238
374
285
499
499
499
499
97
41
24
499
499
499
499
499
276
87
368
123
499
499
499
208
159
143
169
154
134
142
139
128
150
142
140
152
150
165
183
166
499
499
210
166
166
158
140
136
115
142
143
142
134
129
127
137
131
127
9
9
11
140
137
136
139
137
132
112
135
112
121
124
130
125
120
120
126
116
130
125
121
114
105
104
120
103
108
102
111
108
159
124
295
154
113
136
375
156
414
138
151
137
181
159
175
76
143
43
33
136
275
179
276
182
143
147
154
139
163
135
499
499
499
275
117
132
138
125
117
123
163
140
137
136
144
132
129
139
165
154
142
134
172
125
144
132
127
168
127
131
145
166
315
143
154
499
494
136
135
387
139
166
107
54
96
34
41
28
252
499
362
206
240
199
138
437
499
129
192
262
183
272
205
143
499
472
403
361
151
362
144
433
109
117
135
129
141
137
138
125
129
118
117
115
113
115
113
106
123
104
113
104
109
106
109
107
101
101
99
102
32
100
97
97
105
101
100
90
103
97
22
104
102
94
106
101
99
101
106
99
106
104
103
102
98
98
104
96
62
112
125
123
138
133
124
128
141
150
139
151
144
157
150
139
144
141
146
143
131
115
114
110
107
108
124
111
127
114
120
121
116
107
121
131
114
115
122
115
116
119
104
110
117
105
124
116
114
111
118
111
115
51
136
140
134
499
46
186
129
134
83
135
134
124
108
116
115
101
112
121
119
124
149
146
158
230
499
170
203
135
156
447
169
156
192
234
165
380
210
123
120
139
413
147
153
190
159
232
131
148
131
187
126
127
132
11
113
9
29
11
16
28
35
36
39
123
139
137
151
139
132
120
136
129
124
133
124
125
154
128
139
130
158
163
114
158
125
118
130
139
132
123
137
124
132
183
256
168
128
133
122
131
117
137
174
148
119
130
108
118
120
70
134
203
150
147
214
161
314
133
117
241
102
152
118
114
143
114
106
10
32
99
130
109
138
142
106
107
133
113
108
114
123
136
119
120
130
114
99
103
130
151
143
177
161
136
296
133
310
115
98
118
127
105
131
112
96
51
53
113
95
95
110
100
121
101
99
104
104
105
102
78
84
201
138
163
282
121
108
103
76
123
113
153
160
129
129
160
118
161
162
204
236
184
159
308
117
161
145
186
174
97
160
135
233
128
140
157
168
201
180
155
151
215
232
137
15
9
64
8
10
9
11
109
101
102
120
113
113
110
114
114
130
146
130
131
146
204
276
160
156
162
147
