28
16
23
14
18
22
22
12
10
10
17
13
34
12
17
11
41
28
26
24
27
19
15
13
14
19
20
16
12
16
17
12
17
21
50
12
13
12
19
48
11
9
24
11
11
13
11
21
9
17
17
15
25
10
18
30
35
34
19
32
139
29
53
45
16
30
99
60
44
23
88
89
16
38
78
19
113
21
41
72
107
71
44
81
17
79
22
26
41
43
36
158
292
20
74
77
199
173
17
46
156
99
20
102
99
154
104
159
61
241
164
41
21
62
147
34
106
70
16
27
152
89
64
84
62
49
73
85
85
11
84
346
61
32
121
259
83
243
91
55
106
357
332
200
54
214
84
70
359
204
46
119
77
17
37
65
128
58
138
127
52
75
79
413
14
161
63
232
246
170
161
221
181
208
12
195
107
452
185
396
80
227
16
209
99
207
24
500
144
160
46
112
179
151
134
218
74
68
471
82
43
140
130
79
138
161
197
63
29
134
106
95
115
80
195
16
258
210
33
30
132
151
177
40
36
227
135
40
17
139
208
169
119
38
203
131
322
38
50
16
24
135
102
179
19
30
114
80
67
11
167
243
36
51
142
12
67
57
59
33
135
61
65
48
35
27
72
134
36
49
286
46
153
390
144
120
52
14
332
17
46
331
47
82
25
87
31
46
139
13
59
282
30
134
34
28
74
36
77
333
35
31
35
55
122
116
65
62
21
185
58
51
76
129
132
35
103
133
23
18
135
33
108
79
249
148
84
26
38
59
105
162
113
105
54
35
61
77
45
207
29
84
47
59
35
182
33
40
58
134
48
25
56
138
129
230
104
45
30
91
90
77
128
131
41
39
110
207
49
45
232
182
169
184
155
188
109
70
114
141
44
273
116
127
29
221
180
261
203
26
135
42
142
30
255
199
113
126
214
97
393
34
143
144
156
140
164
117
141
155
173
52
129
172
155
77
149
138
120
139
79
159
111
88
138
130
113
109
197
209
26
217
107
116
104
115
236
102
110
258
302
62
166
125
153
28
186
42
241
250
110
106
113
87
86
108
21
122
58
142
134
121
110
110
105
270
104
122
160
119
73
107
79
238
255
303
157
73
238
181
33
44
108
121
122
71
220
130
161
146
26
60
30
112
111
22
186
97
102
123
63
103
97
196
80
123
121
168
117
145
121
177
303
221
110
113
11
141
62
49
115
172
83
162
109
112
160
33
144
111
53
152
256
117
98
123
169
262
118
13
94
40
211
123
241
127
91
123
205
52
95
101
133
134
56
80
60
197
199
99
142
47
149
151
47
159
112
147
205
112
178
192
143
178
137
113
26
147
104
95
124
31
32
113
105
110
130
179
41
69
145
87
156
169
19
103
197
100
112
165
54
171
100
118
136
92
164
97
100
43
18
146
260
218
84
174
65
184
98
151
174
191
127
105
101
116
202
135
126
286
79
94
157
58
106
132
102
114
105
126
171
158
143
119
139
106
118
70
105
123
158
31
157
134
126
50
100
102
89
168
159
21
152
107
174
211
132
118
147
118
157
143
59
129
129
133
94
162
126
116
128
110
108
179
108
144
11
144
93
79
118
153
84
44
130
43
106
121
103
157
20
21
107
178
157
15
112
167
96
209
116
116
161
45
88
102
173
117
135
102
97
92
111
32
219
119
62
11
105
265
87
107
102
89
95
107
188
120
98
162
209
137
215
148
143
86
101
104
46
176
173
30
67
50
110
130
68
79
35
65
54
120
118
103
161
122
117
184
222
92
130
105
114
66
82
91
115
259
279
115
45
106
128
131
197
101
98
109
152
112
115
105
114
235
103
101
227
201
205
101
90
135
263
212
169
109
117
133
273
170
114
155
196
122
127
108
99
109
98
124
14
188
135
106
157
116
102
141
164
115
217
284
195
113
54
119
108
317
122
92
101
316
106
220
104
107
81
54
169
109
97
120
116
356
241
52
62
121
119
132
113
92
41
69
177
33
167
163
276
78
122
95
38
141
183
179
114
191
93
90
111
140
95
22
139
128
96
140
180
187
146
117
130
111
32
158
117
148
298
95
111
55
246
104
164
136
96
208
123
189
121
115
101
131
114
77
225
150
173
105
92
103
102
182
161
101
136
238
182
144
141
72
128
231
83
146
118
150
146
109
93
109
161
152
206
52
131
115
34
23
101
95
182
117
103
124
166
169
151
103
101
143
96
121
112
118
209
107
152
139
164
100
131
121
94
113
118
30
150
352
111
112
136
105
219
143
192
218
218
201
65
19
122
94
102
183
126
192
120
209
