29
22
13
38
25
21
17
11
11
24
16
23
15
17
30
65
49
32
16
15
12
19
13
15
9
21
12
20
23
16
12
29
12
14
11
34
10
39
31
52
74
39
47
16
35
37
20
14
14
16
11
15
13
12
24
29
13
14
13
15
22
10
25
10
12
15
11
12
13
11
15
11
16
12
19
13
11
12
17
12
21
17
21
12
15
13
12
12
9
12
10
9
15
16
16
12
12
20
14
25
10
18
13
12
26
19
9
12
14
11
12
12
12
19
10
12
14
10
13
15
10
20
16
26
13
11
12
11
10
16
10
9
23
10
11
14
29
18
12
10
13
11
13
16
19
14
11
24
9
12
10
9
12
16
12
21
15
21
13
12
12
15
10
16
13
10
12
17
17
9
9
16
11
10
11
9
9
15
10
16
15
13
10
9
12
11
16
13
11
9
11
32
9
9
11
19
28
21
8
29
11
10
17
12
29
9
31
38
45
29
12
33
15
12
31
31
22
18
45
48
31
22
24
8
13
21
24
12
8
19
11
11
10
26
13
27
51
50
66
54
44
52
25
39
17
56
31
56
16
23
39
70
20
53
19
47
13
41
17
16
23
18
54
48
19
20
15
50
48
33
39
42
18
46
42
42
42
70
56
45
38
45
62
56
28
63
64
44
34
47
59
36
43
42
33
58
66
31
30
13
24
47
15
39
41
34
40
45
37
47
37
38
27
28
35
16
36
30
54
14
37
39
27
44
37
12
48
46
62
72
53
24
58
47
19
46
39
30
14
78
71
126
130
149
63
55
111
97
84
44
84
55
45
140
79
89
111
56
61
42
70
80
20
11
11
11
10
10
9
10
11
8
11
9
10
10
10
10
10
11
9
12
14
9
14
16
57
16
13
15
26
97
43
109
12
33
56
32
87
31
28
86
27
48
42
18
31
15
38
57
42
37
11
47
40
28
51
49
25
48
19
30
32
15
26
32
25
25
26
13
66
38
48
50
30
123
46
88
469
67
45
43
39
55
500
35
165
123
35
93
43
105
87
500
500
500
500
138
500
139
134
31
144
145
500
74
436
45
83
500
149
264
63
87
250
26
325
21
243
32
18
106
24
219
80
19
66
28
26
52
38
12
91
36
35
24
12
25
81
38
59
66
50
128
19
26
58
21
11
24
46
73
100
20
98
21
57
13
70
122
50
42
62
73
28
9
9
36
11
10
11
10
10
10
23
10
11
10
10
12
11
10
16
12
8
8
12
9
14
9
8
8
11
10
10
9
10
10
10
10
9
10
8
9
8
8
10
10
10
13
10
10
10
10
10
9
13
10
9
9
10
9
11
11
10
9
10
9
10
10
9
11
9
9
10
12
11
9
8
10
10
10
9
10
10
10
11
12
10
9
9
8
10
9
9
10
12
9
10
9
9
10
10
10
12
10
10
8
9
9
10
10
9
10
9
11
8
9
10
10
10
10
11
9
10
9
10
10
9
10
10
10
10
8
10
10
8
8
10
10
9
10
9
10
8
9
9
9
9
10
9
10
10
10
9
9
10
8
10
9
10
9
9
10
10
12
10
11
9
10
9
10
10
8
11
8
9
10
10
10
10
9
10
9
10
9
9
9
8
10
9
10
9
9
9
10
10
9
10
10
9
9
10
10
10
9
10
8
9
9
9
10
10
10
9
10
9
8
10
10
10
10
9
9
8
10
9
8
9
10
9
9
11
10
10
10
9
10
10
8
9
10
8
11
9
8
9
9
8
10
10
9
9
8
10
9
9
10
10
10
9
10
10
10
9
8
9
8
9
9
13
10
10
9
10
9
11
10
9
10
9
9
10
9
11
10
10
9
11
9
8
9
9
9
10
9
10
9
10
9
9
8
11
10
10
9
9
9
10
9
10
9
9
11
10
8
9
8
12
10
10
9
9
9
10
9
9
10
9
10
9
10
9
8
10
9
10
8
9
10
10
10
8
8
9
8
8
9
10
9
9
9
10
12
8
10
9
9
9
9
10
10
10
9
9
10
9
9
8
9
9
9
9
10
9
10
9
9
8
9
8
9
9
9
8
10
9
9
12
10
10
10
9
10
10
10
8
9
9
12
10
9
9
9
10
10
10
10
10
9
10
9
10
9
9
9
10
8
10
9
10
8
10
10
8
10
10
9
10
11
9
8
10
10
10
10
10
10
8
10
9
9
11
10
9
10
9
8
9
11
10
8
10
10
10
9
9
9
8
8
8
10
10
8
10
9
9
10
10
11
10
10
9
9
10
9
9
9
10
8
