35
24
17
19
23
13
12
19
31
20
24
12
31
16
39
23
14
23
12
36
24
8
31
17
9
20
12
24
28
23
18
22
19
24
24
7
15
19
54
13
22
12
22
39
20
14
50
9
21
11
15
13
13
17
12
21
14
12
11
9
12
16
12
14
16
16
10
21
8
18
19
15
18
19
22
20
9
30
28
15
11
28
23
12
23
14
9
12
13
11
11
12
13
8
9
15
9
11
10
11
15
12
21
12
9
12
10
9
11
10
12
11
8
13
35
16
19
18
17
12
11
13
8
15
8
12
13
9
13
9
13
10
13
8
12
9
9
11
20
13
11
10
10
11
11
8
11
11
9
11
12
8
9
18
17
9
10
15
11
17
14
11
14
11
10
11
9
30
10
8
10
11
10
7
8
13
10
14
10
8
13
15
7
10
7
9
11
11
8
9
12
8
9
12
10
11
11
16
8
10
11
8
9
8
10
7
8
12
8
10
14
10
10
15
12
8
10
10
8
14
8
13
8
9
7
11
8
8
10
11
9
8
10
10
8
14
9
9
11
14
8
11
11
8
12
11
7
8
9
12
8
9
9
9
7
11
10
9
12
13
11
9
11
9
12
8
8
9
9
8
10
9
9
11
9
12
7
11
8
10
10
9
13
11
9
11
11
10
17
11
9
9
9
8
16
8
21
16
32
55
47
93
23
27
30
41
30
21
47
82
35
23
30
30
49
31
41
24
45
42
29
19
28
35
28
24
28
20
23
21
23
24
27
21
21
16
18
25
19
23
27
33
17
17
23
20
19
28
28
18
23
33
14
17
25
15
16
26
18
25
18
18
16
23
15
14
24
17
22
21
10
10
9
20
28
9
9
9
10
8
9
20
25
9
9
8
24
8
20
25
13
24
24
9
20
17
9
15
24
15
17
16
23
14
11
9
15
14
9
13
8
13
20
19
10
21
10
17
19
11
20
15
15
16
16
13
12
13
15
14
10
13
8
15
15
16
8
12
21
9
15
10
11
11
17
12
25
8
17
14
22
26
12
15
12
13
19
11
10
10
20
8
10
14
8
13
16
8
8
24
10
11
10
22
32
12
12
29
9
21
19
12
16
19
13
31
31
13
15
11
24
14
53
44
24
14
50
42
13
50
105
53
51
51
20
44
54
18
25
141
51
24
57
58
139
10
73
46
35
91
102
49
29
32
35
14
39
13
27
16
34
56
10
40
65
50
83
35
45
25
38
11
49
10
43
37
33
69
32
61
77
44
90
51
19
29
14
38
18
13
50
9
45
38
42
67
12
49
8
9
86
10
9
18
15
14
29
76
29
12
9
59
10
11
20
50
11
40
52
43
29
14
15
9
23
88
12
15
29
11
8
50
22
33
24
48
39
24
101
10
54
36
114
97
118
24
13
45
71
11
21
13
70
11
61
11
11
12
33
53
24
41
56
11
51
21
27
12
27
31
38
27
14
35
15
57
25
11
15
38
22
13
8
25
64
17
33
22
8
30
50
32
9
14
29
11
47
56
12
15
63
11
9
32
38
41
17
12
42
9
12
13
10
11
10
12
34
21
10
10
11
36
9
28
38
45
21
11
36
30
11
24
12
36
15
50
14
40
31
9
11
12
42
10
12
23
59
35
33
22
13
11
9
36
30
34
42
11
36
33
43
21
9
32
39
14
12
34
32
23
35
35
22
37
22
12
22
27
22
15
27
20
10
8
10
26
34
41
40
9
11
10
27
9
46
9
38
9
11
19
11
9
38
10
9
10
34
13
35
40
28
10
33
28
15
36
15
37
13
14
28
16
33
18
8
10
70
10
31
20
36
24
40
13
10
83
11
31
79
37
22
11
37
26
24
42
104
23
51
11
13
30
60
23
23
30
20
32
42
13
11
16
41
10
25
13
39
33
32
15
32
12
12
15
26
12
27
13
27
47
11
23
35
17
28
50
14
23
10
39
9
27
54
60
91
122
27
41
28
37
118
73
104
9
9
10
51
75
10
9
8
108
17
11
33
17
10
22
10
19
33
21
36
33
12
19
115
76
8
91
89
42
44
98
45
30
40
11
12
21
40
9
8
75
21
37
58
40
33
16
35
34
28
57
21
18
13
52
50
11
28
72
19
58
44
41
45
40
12
11
14
9
51
47
11
15
9
19
44
46
52
15
51
11
31
47
97
50
38
64
49
54
58
45
27
18
80
42
27
44
11
46
47
48
53
18
21
22
45
35
17
30
26
17
12
71
31
43
12
59
29
22
32
25
26
32
21
38
28
25
