28
19
21
13
20
14
19
14
17
10
19
17
19
20
13
15
16
22
36
18
46
10
22
55
18
17
14
12
15
9
17
16
14
23
17
12
15
14
10
11
17
26
26
20
14
25
24
14
19
21
15
11
17
25
14
16
17
14
13
36
26
16
13
12
9
15
16
10
11
26
17
13
19
104
12
10
28
18
31
30
104
43
37
63
55
44
17
12
12
70
39
19
90
49
31
24
25
36
66
66
70
37
66
39
104
22
51
18
10
66
32
18
88
131
75
34
107
135
26
48
50
115
174
42
69
68
274
251
121
76
35
198
103
83
255
186
106
285
14
296
105
65
76
80
177
82
67
332
175
47
263
107
340
170
114
413
336
153
188
45
317
271
77
334
45
86
293
97
187
264
63
146
228
51
197
279
117
267
293
170
49
112
291
226
69
35
124
303
272
118
16
16
313
191
293
431
30
370
485
304
305
255
259
294
234
316
322
89
104
231
30
236
273
164
362
271
87
389
191
253
307
420
213
231
232
439
240
264
123
88
214
212
323
210
271
279
213
263
207
278
325
88
106
267
201
304
342
266
194
215
144
236
301
147
289
216
289
262
218
310
233
324
299
184
216
243
235
214
442
223
333
297
331
218
260
213
248
224
237
235
19
180
174
210
189
167
252
68
192
201
189
193
273
362
296
274
196
334
271
332
285
273
206
179
198
186
231
355
84
115
156
264
155
231
111
342
318
246
298
281
500
135
311
98
222
237
227
323
183
378
341
189
327
214
295
149
340
47
302
253
70
145
251
42
205
210
154
410
127
176
81
259
247
287
147
359
220
211
168
261
153
105
316
203
225
223
164
67
155
260
278
143
208
214
134
69
364
179
141
318
226
192
268
209
285
59
58
219
141
172
272
285
500
321
208
74
227
48
249
164
246
85
44
81
115
161
293
201
204
222
77
135
321
255
172
48
393
97
73
265
75
209
194
297
238
279
52
205
204
336
90
350
253
247
206
264
223
303
330
111
173
175
91
42
218
49
252
136
287
93
196
36
99
294
187
188
159
73
237
143
188
57
232
290
422
194
308
197
224
29
180
62
229
20
370
202
176
225
161
185
99
219
152
93
148
179
337
196
236
318
162
225
152
196
194
251
65
68
172
195
195
296
206
164
173
174
253
73
194
40
206
164
167
265
255
157
86
188
192
332
207
261
226
307
164
474
187
197
237
155
192
202
250
229
67
175
115
47
278
75
172
30
179
302
151
175
86
191
264
37
77
173
227
185
242
298
172
187
199
164
397
383
139
430
207
100
170
206
57
41
265
187
164
268
215
217
264
48
216
444
87
234
298
299
356
242
239
171
451
195
500
194
363
186
322
183
282
232
182
231
211
197
187
160
340
325
330
186
218
204
178
321
386
298
209
182
206
318
264
212
187
306
37
210
255
311
275
155
184
261
89
179
191
500
177
230
288
455
250
150
227
238
263
438
202
243
80
339
239
195
204
336
190
293
350
356
192
175
200
218
346
109
56
171
145
288
169
159
79
364
212
255
355
500
300
303
180
200
178
256
181
242
162
292
199
165
246
214
372
280
149
85
199
207
130
193
112
178
180
161
213
199
200
171
192
176
125
231
158
263
212
264
200
142
184
154
258
149
198
457
212
235
185
116
203
158
185
178
313
213
151
238
173
245
248
53
12
188
206
235
131
211
149
226
176
168
185
258
204
179
50
167
235
204
174
207
242
333
185
247
225
164
351
166
208
338
61
160
227
144
206
202
49
186
305
140
127
283
179
185
136
160
192
312
48
144
38
178
191
145
283
195
318
152
159
268
180
263
232
180
499
161
381
159
302
105
21
244
168
192
194
268
265
218
235
166
199
187
248
174
184
215
206
135
234
142
145
257
183
34
411
149
174
221
236
344
154
232
168
350
130
130
168
202
242
153
230
154
158
178
211
134
226
170
122
171
161
304
148
191
154
391
329
124
29
213
228
59
236
132
50
238
128
212
220
254
130
282
307
222
183
137
156
131
241
362
283
249
316
174
225
160
287
179
112
420
224
246
183
228
226
64
152
76
59
228
235
155
190
130
237
106
209
197
500
182
263
130
199
186
225
203
301
328
418
277
230
238
242
141
130
62
136
193
392
239
364
162
121
309
171
346
129
274
199
121
195
285
143
276
168
200
215
276
161
211
370
190
191
171
245
45
186
72
464
120
145
175
126
319
302
147
152
268
413
148
126
217
198
183
201
229
141
175
138
158
182
238
411
54
116
194
158
127
161
211
390
158
277
265
