28
22
60
46
17
12
13
19
22
11
14
56
17
44
55
17
9
21
18
12
21
15
18
13
10
14
15
21
14
12
8
19
16
18
17
35
20
14
18
13
15
21
21
14
10
16
12
9
14
14
25
10
18
28
16
10
22
13
15
14
19
13
20
11
19
12
10
15
15
29
20
10
8
11
16
9
7
10
9
14
12
20
14
9
8
9
17
11
14
12
10
12
16
15
10
14
16
14
20
8
24
16
14
17
16
32
23
10
11
9
9
12
10
12
8
10
10
16
11
16
15
13
23
13
20
11
21
11
9
15
9
8
10
10
9
9
10
16
10
8
15
10
8
13
14
11
10
15
9
11
11
12
13
9
9
12
12
7
15
10
12
10
12
10
9
12
15
8
11
8
14
13
10
8
13
19
10
13
12
10
11
9
7
11
7
13
9
11
11
8
18
13
10
13
9
9
9
9
10
8
10
13
9
9
9
8
10
9
9
11
11
9
9
14
11
12
11
11
12
8
8
8
18
11
8
9
9
13
13
10
8
17
9
9
8
8
11
9
10
9
11
9
9
10
7
10
7
13
13
11
12
12
10
8
10
12
11
9
8
11
9
9
10
10
9
8
12
15
13
11
11
11
8
9
10
9
9
12
9
10
8
11
7
12
8
10
10
8
8
8
10
12
12
34
14
15
23
10
8
11
9
33
23
78
56
76
82
65
200
184
79
46
85
45
58
78
60
32
30
57
48
33
46
31
31
34
27
34
17
27
39
71
33
67
29
32
20
35
43
15
17
20
62
16
72
66
24
15
15
60
21
11
24
17
18
12
21
15
16
10
22
21
15
21
9
16
14
18
20
26
25
20
17
10
20
16
12
21
57
14
12
19
15
20
12
19
12
20
17
12
13
16
17
16
15
11
18
13
60
17
11
22
16
18
16
14
32
10
29
8
11
72
18
22
10
16
7
10
16
14
11
18
57
11
14
19
15
14
20
17
21
13
20
18
18
20
25
13
9
20
63
27
9
15
10
23
72
83
14
21
10
55
11
21
12
15
18
13
17
18
12
8
26
26
39
10
58
15
21
63
10
48
12
18
13
18
22
17
70
25
22
56
12
15
26
16
21
45
21
40
11
14
12
16
60
87
58
39
40
82
20
62
37
48
69
66
77
146
36
38
77
66
45
54
46
28
47
67
45
39
78
56
158
36
35
33
23
38
17
31
17
19
18
22
20
24
18
16
21
25
17
27
43
30
16
18
17
15
31
24
33
16
16
17
14
15
22
12
19
23
49
12
19
24
23
25
16
32
41
21
25
19
25
27
21
16
17
20
16
15
16
17
29
15
11
13
15
32
31
25
13
28
17
25
27
35
17
25
38
14
16
24
13
15
44
14
22
17
12
15
14
16
19
35
10
32
10
22
11
31
38
12
12
12
11
37
11
57
12
9
27
29
12
14
19
17
22
13
11
35
26
27
26
13
11
13
12
15
22
12
14
14
14
14
15
13
13
14
26
13
10
32
13
10
14
11
19
12
13
11
14
10
10
14
22
36
13
17
31
11
21
10
12
14
12
13
42
12
10
51
12
16
21
12
13
10
12
11
12
10
12
27
13
12
31
12
18
13
9
12
12
10
11
15
11
10
9
18
23
12
37
14
11
10
10
26
15
20
11
12
9
46
9
18
12
50
28
12
11
10
9
44
35
21
12
11
14
10
12
9
9
29
12
13
53
20
33
11
62
17
15
10
69
60
10
14
14
10
13
12
23
65
55
17
12
29
26
31
81
24
22
30
98
14
84
59
35
69
10
10
8
12
72
10
11
29
9
20
8
47
36
30
15
12
11
14
28
67
11
36
8
11
9
11
11
8
16
20
10
17
45
11
9
8
13
10
9
8
24
68
76
10
32
17
8
11
10
9
9
72
22
12
29
15
47
35
92
11
9
33
9
31
20
10
83
34
8
13
14
11
8
34
9
9
93
9
47
18
28
9
29
28
20
8
41
57
21
9
10
8
9
11
14
17
26
13
26
10
13
13
7
9
9
8
10
10
11
10
8
10
8
8
10
8
10
10
10
9
8
11
8
10
10
9
7
10
9
10
26
9
7
27
10
8
9
10
23
9
11
11
10
15
8
10
14
22
9
9
16
10
9
10
9
25
9
27
11
14
24
10
10
24
9
8
28
8
9
31
12
30
10
10
22
10
8
30
9
9
27
8
13
14
18
19
10
11
9
10
9
8
10
9
22
11
10
10
10
14
10
8
11
22
10
14
10
11
9
11
11
9
