23
11
11
79
20
21
14
11
13
29
19
13
12
42
22
11
36
18
12
13
22
12
31
13
17
10
29
12
12
17
19
23
29
16
16
19
16
13
17
17
10
16
30
12
11
17
24
14
16
17
11
27
12
13
10
13
18
12
17
14
20
11
16
18
11
11
13
22
9
17
9
15
12
22
12
12
16
12
10
17
19
10
38
29
16
15
22
17
14
13
19
66
59
30
98
13
48
25
88
42
21
46
28
38
169
23
55
85
102
100
70
22
102
15
43
120
207
125
115
228
53
38
142
77
57
172
71
204
100
94
200
227
81
71
250
323
156
121
140
168
21
64
12
240
53
263
97
169
52
53
186
121
26
199
276
48
235
12
71
19
273
230
54
30
255
59
202
38
214
128
19
239
41
200
76
94
190
10
233
181
179
104
161
156
90
102
37
80
165
141
230
52
52
139
38
239
195
40
132
226
94
133
111
50
168
30
202
357
119
99
221
223
150
160
141
57
55
80
100
47
333
269
66
106
59
14
13
170
15
135
22
145
108
91
231
13
141
42
144
176
74
124
55
19
165
302
20
149
146
44
18
208
80
97
84
318
175
50
126
211
200
224
48
65
182
86
151
47
56
99
248
96
193
191
237
68
151
64
154
106
45
43
104
53
95
124
41
108
349
114
13
68
121
243
92
87
200
60
27
19
136
169
88
80
102
33
46
124
104
123
174
135
122
50
190
125
55
62
16
138
87
132
177
131
107
151
79
167
133
209
171
150
135
141
32
46
134
134
37
44
37
145
154
150
186
21
156
153
121
141
255
49
79
58
117
143
155
173
42
75
181
39
59
199
37
128
43
118
135
151
60
82
82
109
116
38
100
19
13
22
108
147
12
86
41
89
73
59
273
108
135
223
165
164
104
113
158
102
118
105
54
64
29
62
148
150
19
93
117
65
100
13
95
54
198
500
160
132
82
112
16
32
122
35
174
203
152
91
53
255
158
131
53
26
20
173
82
29
159
66
229
91
252
68
111
125
94
335
95
117
186
208
139
96
88
56
179
159
87
29
60
226
173
37
151
38
176
152
39
196
136
96
97
107
122
111
190
256
149
103
147
103
85
201
174
149
132
182
143
178
150
136
142
84
192
228
207
142
236
212
56
131
119
122
118
118
137
12
114
179
32
87
95
154
149
221
234
214
148
115
163
161
112
90
135
129
156
125
153
16
134
200
172
115
162
154
191
132
90
120
170
147
96
142
146
139
125
155
105
176
125
161
188
216
171
92
223
153
135
19
123
234
76
127
129
76
116
155
127
160
131
111
97
152
129
169
257
115
89
149
226
141
231
75
100
129
203
112
114
108
141
118
164
144
195
18
214
129
148
215
201
119
135
115
59
124
128
119
113
137
140
147
134
134
119
132
128
118
150
87
362
213
114
148
123
153
188
173
176
158
194
142
200
192
145
115
223
245
208
216
197
193
167
158
121
163
331
97
214
148
204
54
115
162
41
137
143
261
161
165
132
269
255
325
500
134
54
58
241
159
149
278
200
204
131
287
191
233
76
177
191
111
126
121
132
23
127
97
100
70
235
151
79
102
89
217
250
130
236
139
119
55
78
145
124
330
122
158
118
102
127
183
220
128
108
122
100
182
100
135
117
111
51
113
109
334
39
149
141
198
15
198
24
122
96
96
236
219
183
41
131
153
114
122
331
127
106
248
110
334
150
103
120
10
188
218
138
500
342
131
289
71
147
43
31
114
246
129
154
92
326
104
17
205
141
167
171
349
232
296
224
52
111
500
312
149
158
330
283
149
102
162
214
79
203
160
153
112
203
115
113
27
104
152
168
257
152
144
111
100
131
384
135
97
271
144
116
172
112
198
80
250
30
141
122
130
291
154
107
314
63
109
114
350
140
105
209
35
128
127
161
128
68
39
109
120
59
118
162
167
60
132
39
120
126
37
126
166
145
102
164
108
121
114
160
155
41
201
16
112
167
106
196
35
116
154
164
120
142
33
149
169
173
133
104
230
62
181
463
207
138
156
116
40
78
118
162
152
114
249
145
32
140
245
106
169
176
151
218
24
58
142
151
107
145
310
117
180
200
102
165
208
69
154
210
110
95
211
120
202
284
125
165
103
137
125
130
135
59
23
47
192
92
151
128
111
96
95
154
12
96
103
29
142
126
107
111
184
198
170
14
99
120
131
124
103
123
161
123
160
305
115
153
172
146
137
112
106
112
24
108
165
183
340
109
227
221
89
81
139
170
96
174
101
202
126
138
167
99
26
