40
20
18
23
18
26
17
15
13
16
14
18
12
16
12
15
16
13
20
9
25
11
12
62
21
18
12
19
10
17
17
12
13
13
24
13
10
21
15
15
12
20
31
14
13
8
13
16
13
15
11
30
10
25
16
21
15
18
24
13
21
11
25
14
9
15
11
11
11
18
14
15
53
15
32
26
37
28
21
35
51
58
38
70
37
43
89
46
22
15
148
57
77
39
23
75
58
21
27
68
36
13
91
25
36
24
38
70
22
44
55
86
49
46
30
115
42
78
66
64
16
17
86
81
51
18
31
70
41
43
54
28
70
107
69
77
148
28
52
134
122
110
127
121
137
13
134
112
116
180
197
173
77
178
25
141
278
127
123
72
154
92
128
36
264
71
251
194
103
199
189
228
159
327
198
68
239
247
272
210
273
43
175
17
309
116
71
224
43
209
177
125
225
291
122
296
262
433
272
265
269
248
279
202
323
222
232
288
34
261
244
205
214
300
254
345
236
190
258
218
220
211
243
225
14
266
153
237
328
91
273
177
265
216
344
247
31
247
119
112
256
14
251
295
228
21
188
197
252
57
255
100
313
277
236
48
96
267
244
235
314
238
28
265
245
91
35
220
279
228
216
250
378
233
311
319
253
114
250
260
235
274
220
203
215
238
320
248
294
250
246
137
233
262
260
167
247
193
325
266
339
239
273
215
211
206
234
222
242
199
288
231
227
228
257
184
303
419
219
248
209
235
225
225
193
286
260
224
239
268
215
210
236
282
455
209
282
253
213
259
206
303
85
293
231
351
261
251
308
205
223
185
224
217
216
280
282
206
152
278
324
238
235
241
240
348
224
321
241
191
236
329
268
447
301
217
204
211
245
229
216
264
123
269
257
219
148
228
215
193
267
278
189
266
252
188
217
245
188
220
237
253
219
167
164
233
354
263
242
347
233
223
294
209
253
118
251
274
260
293
247
278
189
319
26
259
223
215
214
184
209
321
244
238
213
241
214
244
214
226
225
122
244
245
249
265
187
245
209
213
173
205
38
267
211
274
201
238
237
230
235
199
242
61
249
186
381
220
252
211
184
242
219
198
300
202
190
223
203
244
178
20
172
228
110
265
182
236
219
246
229
272
196
174
241
284
307
216
258
222
229
198
199
207
203
237
221
165
249
239
23
122
202
192
260
47
273
182
250
230
238
205
97
222
215
207
257
170
234
54
179
107
266
214
241
229
168
305
181
198
206
283
192
272
248
249
216
376
219
172
259
240
206
239
205
186
354
241
242
321
168
165
254
236
402
260
359
196
176
234
236
225
274
189
199
96
91
249
199
184
191
246
358
181
242
238
214
278
219
220
294
298
174
209
203
269
178
415
253
219
203
246
156
257
268
218
183
186
230
190
199
203
188
293
273
231
258
298
244
277
207
252
218
196
333
241
354
270
219
311
297
242
217
193
403
251
314
230
500
198
310
310
230
346
256
285
223
234
226
216
242
169
284
183
232
196
253
274
289
291
343
225
144
174
263
232
173
229
259
192
209
263
199
213
121
275
311
159
302
195
170
308
357
206
152
170
184
296
196
196
183
173
397
411
295
235
357
154
207
469
197
200
316
384
241
191
132
124
153
289
459
285
176
151
337
194
355
313
500
310
228
157
381
278
223
281
179
216
263
298
369
360
133
139
148
157
181
358
354
215
194
174
157
150
305
465
222
218
212
166
172
169
176
296
138
145
193
212
275
123
500
235
250
248
196
155
210
232
140
140
247
362
153
159
161
162
208
500
293
116
194
500
201
220
242
208
172
207
220
289
156
139
133
44
271
466
163
153
132
228
272
197
177
174
177
215
139
207
199
228
227
254
208
188
307
247
192
228
381
203
209
339
228
180
335
296
252
170
251
163
199
203
208
127
194
270
164
152
158
133
244
222
215
167
222
316
151
297
201
361
167
152
159
135
500
220
214
301
161
237
82
241
178
110
165
302
164
319
446
146
266
175
128
198
144
380
144
165
188
120
136
156
151
222
90
139
175
445
138
156
457
215
221
160
78
220
292
203
298
269
261
111
244
74
265
66
215
131
121
269
169
190
222
103
451
62
110
211
164
217
212
149
223
414
178
301
256
38
350
175
340
182
223
500
183
232
222
164
63
249
200
156
357
164
150
338
271
153
209
176
218
390
201
295
387
175
87
459
144
257
376
266
500
239
171
384
172
238
150
321
465
322
162
416
421
267
220
196
400
252
178
195
269
253
500
202
142
441
142
500
198
455
170
223
283
270
245
247
187
299
