31
32
14
20
18
48
42
15
16
26
21
14
12
19
17
27
15
10
14
26
24
23
24
21
23
10
67
34
16
20
18
16
17
8
19
34
9
37
22
20
34
12
12
13
29
15
13
9
32
46
18
67
32
17
64
12
40
55
58
10
17
37
26
27
53
31
34
49
68
26
9
132
21
48
18
44
39
13
38
43
38
29
29
27
79
34
105
35
66
14
14
29
91
222
71
45
117
39
119
125
109
35
54
189
201
179
67
52
48
50
79
112
152
18
108
60
149
18
154
23
32
18
107
23
145
90
71
76
143
50
31
144
122
189
177
30
26
267
27
168
72
17
28
181
28
35
107
91
248
77
119
200
176
108
14
346
314
221
106
53
232
190
15
350
34
327
205
23
218
190
167
60
124
64
160
130
118
151
52
139
107
125
140
130
125
125
126
146
86
23
48
14
26
23
24
21
12
46
43
24
120
27
126
30
133
155
162
144
133
139
185
125
140
35
100
184
39
33
19
177
146
144
159
121
123
94
120
125
132
14
15
137
132
65
37
135
36
54
179
156
160
59
30
128
84
127
80
134
129
53
148
128
112
163
80
155
160
148
167
51
113
135
116
20
113
106
67
126
29
95
119
113
89
120
123
115
118
16
117
71
33
11
11
136
122
90
109
46
8
55
126
85
108
124
106
104
101
112
104
109
83
12
107
109
100
102
109
114
113
98
54
16
38
95
102
58
50
107
109
109
120
108
117
118
116
52
46
35
68
22
134
112
105
122
121
103
107
119
62
102
118
27
130
77
158
139
113
128
123
125
141
103
40
76
46
121
111
113
103
111
75
109
120
110
127
115
55
151
173
46
168
70
135
178
82
347
177
146
200
145
153
186
173
82
20
154
45
148
42
175
143
82
168
141
179
131
174
58
122
49
102
22
192
51
18
25
39
61
134
143
192
120
80
157
115
102
105
100
135
95
49
101
39
58
23
79
97
107
33
83
26
124
174
45
135
118
104
100
134
72
84
154
124
31
137
116
64
12
25
155
75
217
171
114
23
113
96
147
92
75
194
161
110
68
89
149
75
10
24
104
38
153
98
104
99
122
58
110
56
102
118
107
129
107
108
193
112
115
127
113
140
123
118
107
22
108
59
34
111
136
111
124
46
104
107
113
124
112
66
102
11
114
119
22
111
129
123
121
110
161
103
56
166
32
26
104
125
27
122
118
106
100
99
21
74
12
75
189
129
69
50
74
122
112
68
143
36
17
109
124
129
100
135
65
18
141
140
56
129
191
46
201
82
152
181
321
331
145
104
114
103
113
139
105
38
37
133
18
107
64
119
111
114
108
125
111
107
84
132
121
115
111
118
112
124
117
141
43
128
208
118
141
130
186
113
127
117
123
83
188
109
114
166
77
276
125
125
125
182
151
90
42
136
286
92
182
141
156
218
120
128
135
21
29
287
162
84
335
153
121
133
123
117
56
54
111
112
111
169
315
122
125
152
126
144
127
104
107
124
115
124
129
17
19
18
28
76
144
234
176
291
147
149
167
80
97
18
35
107
117
137
215
138
44
107
248
192
225
215
212
106
217
128
127
103
135
116
102
99
130
196
121
139
148
103
110
118
58
132
232
199
105
84
130
174
141
312
47
227
161
155
261
111
142
191
224
95
143
54
242
137
184
113
174
175
124
117
134
127
84
71
154
222
109
136
178
134
134
138
132
132
122
124
51
142
113
150
162
183
375
216
479
131
267
150
171
101
205
135
22
127
126
144
106
165
133
132
188
145
119
127
25
23
80
25
31
125
11
68
343
413
499
168
136
26
169
151
143
173
173
144
115
269
124
63
136
160
157
144
162
131
159
132
206
123
121
165
112
146
142
129
118
119
29
115
140
56
109
248
128
158
45
201
336
144
181
160
173
157
158
169
142
154
141
191
163
272
163
132
153
148
131
161
174
183
156
137
139
129
158
141
194
165
165
125
148
157
157
143
66
126
47
166
161
151
163
150
107
114
104
118
113
172
119
151
130
119
145
101
126
141
115
129
240
151
170
146
175
81
132
137
140
140
137
203
230
265
168
41
259
203
306
250
294
34
177
15
37
158
34
85
132
499
246
365
372
164
151
182
132
177
219
160
342
124
98
194
110
252
191
37
238
199
183
145
125
307
251
499
181
15
340
251
226
120
237
353
301
17
70
385
346
378
161
237
105
499
22
17
21
20
298
180
143
269
181
185
123
78
125
136
114
103
22
130
127
157
92
129
125
138
34
212
101
136
43
499
111
350
499
