26
11
16
79
16
17
11
14
14
20
36
36
16
24
41
20
20
16
16
11
18
30
20
32
23
17
15
41
38
15
17
31
12
17
20
12
25
31
16
19
13
40
18
16
14
19
15
21
39
16
21
14
18
17
13
35
14
20
12
23
15
9
17
38
18
15
9
11
12
17
22
17
11
20
55
12
12
17
21
14
9
13
16
18
16
14
9
17
10
12
22
15
20
11
11
9
25
12
15
10
10
14
14
9
15
18
10
12
18
14
17
18
12
23
11
16
11
14
14
13
13
21
11
15
10
10
10
15
10
9
10
15
15
10
11
15
25
19
13
12
11
14
9
14
12
13
19
20
10
9
9
13
9
14
22
11
26
25
13
11
15
16
36
10
14
8
26
15
9
12
10
11
10
15
10
9
12
14
26
19
18
31
11
10
27
14
23
11
11
13
41
20
23
14
26
12
10
27
38
18
41
9
32
19
12
33
29
29
12
10
28
28
42
14
20
31
14
22
44
29
41
39
37
41
26
16
11
8
16
12
9
13
16
12
13
14
33
10
17
16
17
25
17
20
12
13
19
12
17
11
9
10
14
12
15
22
13
12
15
10
13
22
11
9
10
10
11
10
18
13
9
12
9
12
9
13
23
15
11
11
10
10
19
10
16
11
10
12
9
9
12
12
30
23
23
17
12
12
17
19
10
11
25
13
9
10
21
10
12
12
10
12
9
10
26
23
11
25
25
21
28
10
13
9
17
32
16
18
19
14
12
13
11
20
9
12
9
10
10
36
11
23
18
18
19
24
11
10
9
9
10
8
12
10
23
11
8
10
11
9
13
10
12
10
13
10
8
16
10
20
10
10
9
12
11
9
10
9
24
17
10
9
9
9
14
9
41
10
11
13
12
10
12
11
9
10
9
10
11
9
11
24
11
18
10
9
11
10
35
8
10
11
10
10
9
9
9
8
9
10
8
8
8
11
10
10
10
11
9
12
10
9
9
10
9
11
12
10
36
9
10
9
9
11
10
10
18
8
9
10
8
9
10
12
18
9
9
10
10
9
8
10
11
9
10
15
10
9
10
10
9
10
10
9
11
11
9
8
12
10
12
9
10
12
10
16
13
9
12
10
8
9
15
10
10
8
8
9
9
8
9
10
10
9
10
10
9
9
9
10
10
11
9
10
10
9
10
10
20
10
10
8
10
8
16
15
9
10
9
16
9
11
9
17
11
10
9
11
10
10
14
10
12
11
10
11
10
15
10
20
26
49
47
50
51
48
28
36
39
47
27
18
22
29
55
16
26
24
50
38
57
25
61
24
34
29
52
24
65
64
47
51
45
23
50
58
28
58
54
66
53
72
34
94
55
69
59
60
25
47
52
36
50
39
29
26
58
34
34
41
43
38
35
29
71
26
28
43
20
22
25
32
23
33
54
40
32
31
23
33
27
53
41
33
57
22
23
33
33
26
33
34
44
59
40
47
40
41
27
33
38
38
31
34
27
45
42
31
28
51
34
59
29
28
46
40
32
32
48
40
27
33
31
54
30
31
30
42
34
26
28
27
44
38
37
35
41
33
42
33
30
31
24
33
28
51
35
29
20
41
34
37
34
42
32
31
27
42
41
48
35
25
25
29
49
25
61
50
30
25
50
38
44
33
63
33
42
27
38
30
29
46
27
27
33
44
36
42
27
33
47
31
26
28
35
24
38
28
30
29
28
39
39
39
40
33
46
34
33
33
34
40
36
43
50
40
30
24
41
35
34
29
27
36
33
32
34
24
32
35
37
28
29
37
35
30
32
27
31
34
37
40
36
34
40
39
37
38
33
32
42
30
35
44
35
40
31
39
28
29
34
26
42
30
28
34
35
37
37
30
29
33
30
38
22
35
37
41
40
24
27
29
41
45
34
47
43
24
33
26
26
33
23
31
30
27
26
29
36
35
36
40
23
27
22
40
31
39
28
40
45
28
32
29
36
35
28
44
27
26
35
29
26
29
28
33
33
22
31
30
31
29
28
27
32
35
32
36
33
23
33
31
37
38
31
35
36
41
39
39
38
22
33
32
33
38
42
23
33
43
23
35
41
37
33
33
28
31
37
31
29
22
39
48
35
40
34
26
31
41
52
37
42
38
44
36
45
40
52
43
48
46
38
32
81
60
59
38
51
58
58
69
47
32
44
32
29
35
72
39
64
40
81
110
34
52
29
45
34
29
34
41
33
48
31
30
78
66
89
49
26
35
27
46
34
37
41
25
41
52
39
32
21
31
34
35
34
43
25
21
