31
20
16
13
24
26
20
35
34
20
17
20
69
14
48
12
12
40
9
19
30
14
8
27
16
10
17
17
16
15
12
14
17
13
19
20
13
8
17
17
26
41
11
16
11
20
15
22
20
16
20
17
11
40
9
32
18
38
32
26
22
12
19
14
15
27
16
45
14
21
21
31
32
30
15
23
45
60
49
22
24
50
12
89
25
17
34
98
18
46
35
36
13
66
39
64
38
57
14
55
43
34
56
20
30
102
36
40
80
68
98
21
26
109
47
63
50
42
89
51
102
27
38
47
33
34
76
45
57
76
120
81
91
42
85
51
61
211
48
114
54
144
113
161
94
99
228
52
100
21
103
208
22
45
247
82
108
13
65
121
143
107
41
101
98
132
33
121
121
188
76
169
85
381
257
326
194
190
244
63
308
131
174
160
127
75
272
262
156
199
226
184
242
302
300
115
300
233
269
411
200
251
184
178
250
258
247
158
110
112
209
292
83
149
197
205
403
196
211
410
213
250
242
211
258
340
79
296
122
355
317
229
237
269
253
256
217
288
97
239
198
240
202
214
123
87
220
100
263
190
198
222
58
204
194
65
218
326
268
246
294
355
305
246
260
229
500
261
205
304
207
283
191
301
270
269
344
282
224
14
168
239
72
275
308
264
273
169
80
214
290
289
181
270
247
329
96
320
14
218
355
151
265
238
267
243
205
180
117
143
347
56
272
105
254
30
60
77
336
165
137
258
355
259
358
252
128
255
261
100
267
238
235
500
248
306
302
261
281
235
338
301
241
248
261
241
158
180
366
228
268
258
196
104
271
326
253
225
278
220
281
317
120
230
240
204
303
279
238
278
185
185
450
369
219
196
253
218
238
233
315
84
278
233
223
261
226
208
139
198
272
261
246
200
258
221
265
240
72
240
175
276
188
207
277
169
14
254
176
273
191
264
246
243
133
333
245
444
280
221
313
220
456
204
206
107
26
353
250
244
218
310
367
250
251
243
265
294
216
309
245
250
257
237
286
225
267
231
250
211
367
288
256
134
254
254
283
239
243
302
269
289
315
244
248
242
275
202
273
219
268
338
58
285
236
60
251
255
247
196
229
212
234
287
37
263
302
227
84
72
52
261
238
40
277
351
265
246
203
228
271
260
288
268
246
278
218
442
305
249
105
255
246
294
293
100
93
94
243
140
238
93
248
267
291
254
186
184
82
238
292
266
118
265
196
76
238
196
236
228
42
500
211
283
337
66
396
224
385
203
245
243
284
227
208
153
500
101
235
315
188
366
256
363
316
226
82
151
97
199
167
236
357
171
177
226
176
198
235
250
186
500
188
204
226
270
188
184
196
178
200
243
312
289
302
204
221
162
191
257
269
303
160
143
202
183
145
136
226
190
347
191
149
236
165
316
212
347
164
226
210
168
158
149
276
314
221
209
230
192
169
366
309
180
272
429
190
235
216
215
176
362
255
128
214
322
500
500
215
239
223
208
500
259
340
404
235
190
500
362
424
442
329
301
179
223
169
381
298
285
188
206
216
216
162
291
317
323
482
245
192
197
500
348
360
226
302
500
139
266
274
235
308
281
230
213
288
213
214
173
234
193
500
173
211
315
187
209
194
264
259
230
79
202
186
241
500
281
260
366
126
224
153
180
201
206
211
163
140
383
242
178
302
182
179
347
176
388
214
222
251
256
194
192
124
279
168
227
172
229
346
417
247
216
500
195
384
217
500
301
186
500
234
276
176
500
282
243
239
193
204
239
178
170
201
231
37
325
154
194
327
244
187
238
158
283
186
164
183
150
136
164
500
211
226
425
190
207
176
173
205
173
189
314
174
181
243
370
258
214
323
198
287
187
200
417
259
400
203
165
298
369
297
190
185
168
155
150
158
189
160
263
185
160
265
233
137
145
155
281
241
201
142
151
172
225
137
145
240
172
248
127
197
235
192
271
239
248
125
177
195
188
193
171
326
200
128
168
195
143
268
451
130
327
327
201
217
169
262
190
201
137
390
194
249
156
136
114
146
189
196
189
187
201
158
154
143
226
248
131
150
305
119
192
220
153
188
181
159
125
161
134
209
200
152
312
163
189
215
155
133
228
122
230
247
178
119
186
149
144
116
299
158
151
219
109
434
476
157
138
150
212
421
299
210
179
231
198
191
124
260
157
161
181
185
166
199
305
303
140
250
119
117
180
118
209
134
223
144
208
129
329
242
187
141
250
171
100
152
207
164
25
191
174
337
316
191
236
129
118
200
239
137
129
133
116
110
103
132
127
