27
15
25
11
25
15
19
16
19
15
18
13
24
15
27
15
49
22
12
38
11
9
19
22
32
22
22
11
12
22
32
14
12
15
20
21
27
16
15
17
11
21
16
12
14
44
12
9
16
19
14
22
11
17
25
9
18
15
15
12
9
16
14
11
11
16
10
15
15
14
19
13
15
42
11
20
28
70
64
34
40
17
23
56
28
14
65
54
52
17
27
84
37
14
54
36
48
27
36
35
21
12
34
71
94
24
20
14
68
51
43
30
72
75
80
173
91
35
89
24
81
117
24
93
90
71
39
110
87
107
79
40
74
62
181
206
62
35
101
130
27
133
129
194
139
179
85
186
136
169
205
25
185
183
178
91
78
129
46
193
257
168
112
171
39
103
107
177
91
271
102
100
112
218
156
87
261
183
297
183
224
78
234
107
180
204
177
270
243
102
198
56
154
161
219
217
186
153
140
340
197
248
444
444
331
94
464
27
219
390
226
258
245
191
168
238
38
225
239
287
21
236
221
100
406
124
253
226
152
291
220
217
331
178
283
254
22
233
208
366
223
185
176
198
319
227
173
264
198
246
234
202
232
292
360
274
202
343
224
351
310
167
301
196
170
14
156
193
309
246
28
215
250
39
87
298
246
412
255
190
347
196
183
324
281
234
196
283
337
217
207
217
191
180
208
432
272
186
276
339
268
240
219
273
212
22
451
274
196
205
270
188
247
227
201
235
234
412
312
235
197
259
187
422
268
482
469
205
499
194
322
304
209
249
177
244
157
214
279
141
213
273
195
181
351
218
183
356
375
192
261
204
234
208
211
374
189
499
370
387
183
181
126
189
265
194
273
194
212
179
222
360
180
233
311
286
203
446
233
398
229
238
381
499
475
252
214
313
256
197
188
242
237
253
309
201
178
205
189
340
307
212
499
228
231
320
249
215
340
330
282
427
241
246
333
219
283
289
207
284
304
257
16
236
203
223
268
216
321
228
197
202
232
198
424
263
281
414
205
240
400
200
188
278
222
399
409
207
448
240
240
220
246
216
225
348
173
239
180
236
218
261
499
196
409
244
457
246
264
231
317
186
235
275
354
257
277
227
246
265
207
323
231
225
318
215
199
235
315
214
372
255
258
223
453
259
206
226
280
239
235
235
195
331
499
245
340
224
225
269
270
194
309
233
299
258
254
229
314
407
187
226
240
218
205
208
307
293
326
250
262
236
202
283
250
240
263
499
214
219
334
267
186
234
196
241
499
499
237
315
182
393
499
247
246
222
352
206
288
314
293
195
241
228
237
471
215
286
205
188
257
260
261
255
287
470
325
201
262
232
190
216
241
316
210
403
248
224
389
277
232
408
447
203
192
199
280
296
201
190
249
209
239
289
396
305
216
215
248
319
222
230
241
260
244
322
371
217
273
430
499
285
172
285
291
204
324
246
380
241
168
255
389
433
211
251
190
499
355
499
317
335
330
469
289
208
134
292
67
173
263
152
223
209
213
195
245
274
289
344
306
197
289
326
110
341
229
248
174
326
234
499
274
191
274
196
244
183
168
134
329
215
396
230
218
213
105
211
146
262
387
354
93
149
300
179
198
204
215
232
169
101
326
170
251
73
261
189
161
172
155
140
81
116
98
222
92
182
255
206
129
141
136
111
102
190
180
279
38
124
114
45
112
204
284
124
158
106
119
176
128
151
219
239
273
198
290
106
242
123
158
170
157
78
224
45
303
165
110
157
132
131
106
429
31
216
133
168
169
127
245
169
239
239
159
54
248
185
191
140
84
141
46
99
122
120
112
152
123
148
92
76
231
73
34
112
129
151
188
105
179
124
201
178
154
197
127
82
147
159
225
95
124
139
113
171
135
140
129
155
154
140
107
206
93
87
138
275
37
266
146
152
237
52
52
118
135
137
147
48
56
101
141
135
179
131
145
137
240
364
137
179
165
28
126
132
197
142
124
101
147
293
125
180
261
184
141
147
140
121
205
177
145
131
25
53
153
167
322
180
118
116
195
147
145
133
116
125
145
152
152
185
158
227
131
111
133
170
168
167
185
129
175
233
128
142
188
144
143
140
145
123
143
154
181
201
169
134
145
75
148
115
319
192
194
167
102
152
390
187
211
133
112
151
94
105
155
174
170
138
155
135
260
144
156
220
191
106
120
134
249
118
157
193
161
163
158
112
145
132
117
160
192
175
147
119
131
52
167
154
295
189
192
126
261
141
121
127
221
197
139
187
149
156
129
75
172
184
186
105
147
130
316
20
160
120
113
217
231
203
