39
19
17
22
17
25
16
14
12
15
13
17
11
15
11
14
15
12
19
8
24
10
11
61
20
17
11
18
9
16
16
11
12
12
23
12
9
20
14
14
11
19
30
13
12
7
12
15
12
14
10
29
9
24
15
20
14
17
23
12
20
10
24
13
8
14
10
10
10
17
13
14
52
14
31
25
36
27
20
34
50
57
37
69
36
42
88
45
21
14
147
56
76
38
22
74
57
20
26
67
35
12
90
24
35
23
37
69
21
43
54
85
48
45
29
114
41
77
65
63
15
16
85
80
50
17
30
69
40
42
53
27
69
106
68
76
147
27
51
133
121
109
126
120
136
12
133
111
115
179
196
172
76
177
24
140
277
126
122
71
153
91
127
35
263
70
250
193
102
198
188
227
158
326
197
67
238
246
271
209
272
42
174
16
308
115
70
223
42
208
176
124
224
290
121
295
261
432
271
264
268
247
278
201
322
221
231
287
33
260
243
204
213
299
253
344
235
189
257
217
219
210
242
224
13
265
152
236
327
90
272
176
264
215
343
246
30
246
118
111
255
13
250
294
227
20
187
196
251
56
254
99
312
276
235
47
95
266
243
234
313
237
27
264
244
90
34
219
278
227
215
249
377
232
310
318
252
113
249
259
234
273
219
202
214
237
319
247
293
249
245
136
232
261
259
166
246
192
324
265
338
238
272
214
210
205
233
221
241
198
287
230
226
227
256
183
302
418
218
247
208
234
224
224
192
285
259
223
238
267
214
209
235
281
454
208
281
252
212
258
205
302
84
292
230
350
260
250
307
204
222
184
223
216
215
279
281
205
151
277
323
237
234
240
239
347
223
320
240
190
235
328
267
446
300
216
203
210
244
228
215
263
122
268
256
218
147
227
214
192
266
277
188
265
251
187
216
244
187
219
236
252
218
166
163
232
353
262
241
346
232
222
293
208
252
117
250
273
259
292
246
277
188
318
25
258
222
214
213
183
208
320
243
237
212
240
213
243
213
225
224
121
243
244
248
264
186
244
208
212
172
204
37
266
210
273
200
237
236
229
234
198
241
60
248
185
380
219
251
210
183
241
218
197
299
201
189
222
202
243
177
19
171
227
109
264
181
235
218
245
228
271
195
173
240
283
306
215
257
221
228
197
198
206
202
236
220
164
248
238
22
121
201
191
259
46
272
181
249
229
237
204
96
221
214
206
256
169
233
53
178
106
265
213
240
228
167
304
180
197
205
282
191
271
247
248
215
375
218
171
258
239
205
238
204
185
353
240
241
320
167
164
253
235
401
259
358
195
175
233
235
224
273
188
198
95
90
248
198
183
190
245
357
180
241
237
213
277
218
219
293
297
173
208
202
268
177
414
252
218
202
245
155
256
267
217
182
185
229
189
198
202
187
292
272
230
257
297
243
276
206
251
217
195
332
240
353
269
218
310
296
241
216
192
402
250
313
229
499
197
309
309
229
345
255
284
222
233
225
215
241
168
283
182
231
195
252
273
288
290
342
224
143
173
262
231
172
228
258
191
208
262
198
212
120
274
310
158
301
194
169
307
356
205
151
169
183
295
195
195
182
172
396
410
294
234
356
153
206
468
196
199
315
383
240
190
131
123
152
288
458
284
175
150
336
193
354
312
499
309
227
156
380
277
222
280
178
215
262
297
368
359
132
138
147
156
180
357
353
214
193
173
156
149
304
464
221
217
211
165
171
168
175
295
137
144
192
211
274
122
499
234
249
247
195
154
209
231
139
139
246
361
152
158
160
161
207
499
292
115
193
499
200
219
241
207
171
206
219
288
155
138
132
43
270
465
162
152
131
227
271
196
176
173
176
214
138
206
198
227
226
253
207
187
306
246
191
227
380
202
208
338
227
179
334
295
251
169
250
162
198
202
207
126
193
269
163
151
157
132
243
221
214
166
221
315
150
296
200
360
166
151
158
134
499
219
213
300
160
236
81
240
177
109
164
301
163
318
445
145
265
174
127
197
143
379
143
164
187
119
135
155
150
221
89
138
174
444
137
155
456
214
220
159
77
219
291
202
297
268
260
110
243
73
264
65
214
130
120
268
168
189
221
102
450
61
109
210
163
216
211
148
222
413
177
300
255
37
349
174
339
181
222
499
182
231
221
163
62
248
199
155
356
163
149
337
270
152
208
175
217
389
200
294
386
174
86
458
143
256
375
265
499
238
170
383
171
237
149
320
464
321
161
415
420
266
219
195
399
251
177
194
268
252
499
201
141
440
141
499
197
454
169
222
282
269
244
246
186
298
