23
14
12
23
28
32
18
16
17
13
24
17
29
15
30
33
24
25
25
18
10
26
9
26
19
11
27
12
11
16
12
18
32
12
12
18
12
20
46
16
14
44
13
18
10
13
26
16
29
20
36
20
18
12
11
17
16
11
19
13
17
17
14
10
13
12
14
10
36
23
22
54
14
20
47
16
30
60
21
32
22
13
88
63
64
15
33
39
24
36
68
24
30
44
37
99
23
100
62
10
27
8
58
84
42
61
12
37
100
90
23
67
114
47
95
71
77
16
40
22
67
54
39
89
75
43
48
117
78
162
257
29
86
190
132
51
74
131
133
47
174
21
32
279
88
141
228
51
49
18
142
171
121
57
16
208
277
17
242
237
335
138
381
336
277
136
166
247
328
442
68
94
195
17
21
99
71
417
125
338
55
186
271
279
155
55
253
108
270
166
137
251
303
373
448
260
364
272
180
241
348
289
102
275
222
68
284
280
321
23
245
209
336
213
312
78
160
256
224
292
311
97
220
74
137
132
232
315
302
231
231
220
367
500
246
286
230
118
309
367
265
281
180
328
270
204
340
311
160
291
215
265
224
328
167
173
171
337
495
261
277
238
388
324
243
219
249
467
218
270
259
280
242
279
279
218
305
281
251
246
328
33
252
255
351
244
428
223
147
284
305
93
244
248
260
387
229
295
228
352
415
311
208
345
277
241
335
193
243
263
217
280
214
228
262
220
66
230
438
389
243
249
213
318
225
500
292
233
108
239
248
305
275
208
34
261
265
338
295
416
317
89
269
205
291
250
272
107
72
290
212
237
500
251
205
300
260
369
326
276
289
220
243
183
290
259
306
217
367
282
226
275
314
245
243
369
339
465
220
259
500
215
232
260
212
410
216
331
272
416
217
261
243
232
258
228
278
424
284
315
305
249
303
272
289
240
322
285
324
237
215
367
256
224
238
364
272
271
319
436
253
323
220
246
488
282
399
457
370
386
273
297
302
293
172
231
368
198
276
192
350
241
323
313
312
252
265
315
267
39
289
227
213
248
220
268
297
411
192
444
180
33
474
212
243
271
239
335
266
315
256
357
353
275
247
364
354
28
312
441
395
289
246
286
256
385
209
249
339
438
212
243
263
282
274
299
389
305
153
113
143
264
349
279
339
239
281
286
282
260
221
398
244
500
371
394
236
244
276
289
187
260
304
46
28
216
190
254
284
285
324
258
270
381
289
174
221
500
117
339
469
387
55
355
242
294
75
209
278
352
394
234
289
262
413
458
279
333
317
452
131
207
163
335
300
273
284
272
326
247
188
288
234
212
103
212
325
199
281
223
173
380
261
204
274
288
203
224
337
265
251
258
244
268
200
298
252
96
285
150
46
237
279
385
296
190
74
184
214
269
314
184
236
264
205
26
235
191
259
500
208
200
433
255
325
345
254
249
310
305
81
254
219
196
250
239
279
18
266
195
467
292
306
201
265
60
294
269
219
271
226
207
191
295
344
259
313
222
161
248
270
232
329
149
422
230
500
230
288
197
243
139
282
198
25
205
323
204
444
195
223
151
246
218
183
395
186
275
367
171
161
167
297
318
164
234
172
124
174
375
178
228
354
193
167
221
201
207
386
167
283
249
382
235
269
500
153
182
411
238
419
197
191
224
196
306
230
403
44
445
155
433
296
216
142
187
221
247
243
267
469
234
175
312
154
348
197
202
318
269
247
174
243
116
217
229
307
213
139
144
303
154
444
154
76
187
492
186
193
249
230
184
183
224
29
269
148
138
306
442
345
320
242
245
215
213
185
178
217
208
272
286
184
148
246
163
218
110
125
206
387
299
226
171
263
494
216
238
215
181
129
173
315
211
223
255
206
162
168
297
170
297
362
236
149
197
186
169
259
217
153
70
425
489
291
259
171
180
488
147
197
174
41
277
166
165
286
204
144
311
237
125
400
264
139
185
149
182
282
211
237
178
120
126
152
264
161
183
138
64
43
179
193
149
193
137
212
174
270
187
199
73
153
147
194
299
451
236
214
298
12
243
170
222
191
330
158
248
287
284
145
165
301
270
183
73
167
218
211
145
164
204
132
148
146
140
440
218
236
255
144
266
195
348
267
124
321
173
129
240
180
156
320
188
165
206
155
326
88
165
184
222
149
407
181
188
137
154
278
216
322
156
209
223
122
357
340
273
37
310
500
210
406
222
53
113
54
298
117
204
31
161
170
75
117
298
500
147
179
162
178
156
192
42
20
122
151
209
155
61
258
143
175
152
205
242
221
57
331
205
