35
16
11
19
17
14
33
19
15
12
25
17
33
10
26
16
14
17
12
43
37
12
10
23
14
16
10
13
14
12
20
10
24
13
15
12
35
19
12
14
54
8
11
16
10
13
21
14
10
15
10
22
15
11
12
13
12
26
20
11
13
22
17
17
11
16
17
10
16
16
17
13
15
14
13
12
10
12
18
17
14
29
17
19
16
9
11
9
17
20
11
12
18
18
13
12
12
11
10
9
17
24
14
17
12
16
12
16
14
11
9
10
13
12
14
28
13
9
10
29
23
9
12
11
12
16
10
14
10
18
12
19
19
18
12
16
12
12
18
8
16
13
10
13
17
10
12
9
10
12
13
10
11
13
13
8
9
8
11
8
14
16
8
9
14
9
10
12
22
12
10
8
10
11
10
16
12
9
23
19
11
14
13
11
12
12
14
13
12
9
10
11
15
10
15
10
12
12
14
13
12
17
13
11
11
14
11
13
12
11
14
10
11
10
9
9
10
9
9
8
11
8
10
12
10
11
9
8
10
11
10
10
9
10
11
10
14
9
9
10
8
10
11
10
9
10
10
9
9
10
12
9
9
10
10
9
8
9
8
11
13
11
11
10
11
13
13
11
8
10
11
9
11
11
13
8
11
8
9
10
12
10
10
12
11
11
8
10
9
12
12
11
9
10
8
9
10
8
18
10
10
10
9
12
10
12
8
12
10
9
10
9
9
11
9
13
10
12
9
26
12
28
62
12
9
9
11
26
25
33
36
22
34
76
46
50
56
14
40
51
51
12
47
47
15
29
55
39
53
50
57
33
35
95
34
42
30
52
73
17
119
80
161
45
33
66
55
46
52
57
47
61
96
47
43
99
35
91
105
40
78
37
55
57
97
59
79
121
65
94
45
54
78
60
45
63
80
41
74
141
75
90
91
20
30
9
16
29
13
10
23
11
8
9
9
10
9
10
22
16
9
15
20
10
11
17
10
10
10
10
9
10
13
8
10
13
14
25
10
9
18
8
10
9
12
16
17
8
10
9
15
9
13
9
9
9
17
10
10
17
17
24
15
9
10
8
10
17
10
11
10
13
13
12
8
10
14
11
10
9
9
11
27
11
10
12
34
10
11
13
11
10
22
10
13
11
18
12
24
12
13
10
10
9
10
10
10
9
15
9
10
10
22
12
10
10
10
11
9
11
12
13
10
8
11
10
9
9
10
10
12
11
10
19
17
26
22
51
33
9
10
15
38
21
71
23
11
30
22
36
55
62
22
57
27
16
33
29
40
14
43
35
61
40
11
33
45
26
18
14
71
35
19
87
18
28
33
42
28
40
42
20
16
12
26
97
29
12
44
16
82
27
29
14
18
53
16
45
32
38
33
29
56
65
65
33
40
53
51
61
12
14
38
11
77
28
62
49
19
35
35
32
44
44
38
30
28
43
41
27
13
36
30
36
13
59
24
37
75
34
36
44
58
75
33
25
32
42
51
49
33
30
40
41
38
28
44
37
31
41
32
33
34
27
31
30
11
30
21
38
54
38
12
28
41
36
34
31
23
31
38
53
33
69
35
30
36
30
44
25
39
38
30
38
29
43
40
44
34
36
31
90
40
40
35
110
49
22
78
33
108
82
40
49
30
51
110
37
57
22
30
36
53
70
41
31
35
40
34
29
64
33
31
130
29
77
46
56
37
50
44
45
43
36
39
29
30
28
32
43
18
47
62
32
34
44
35
17
59
35
18
35
23
36
17
38
44
74
33
45
61
42
17
29
31
44
43
36
36
11
34
40
35
32
31
53
99
76
27
88
58
48
43
88
32
39
101
86
42
81
47
56
41
69
84
55
53
15
40
76
25
50
51
32
45
71
16
40
55
38
18
46
32
138
49
45
50
41
29
44
11
42
54
48
51
42
29
37
47
67
44
37
59
44
59
38
63
38
36
13
22
38
21
36
44
41
23
18
26
44
38
36
12
28
41
56
41
40
16
68
39
60
56
39
13
44
44
36
41
20
22
41
23
50
38
16
19
20
47
64
42
39
47
42
35
51
14
34
21
22
17
24
25
45
46
51
12
22
66
38
111
46
34
24
32
47
44
36
37
48
31
23
37
46
22
45
13
30
19
36
42
41
49
11
65
14
40
43
22
18
32
15
48
16
24
13
21
16
19
21
33
42
28
27
23
11
20
21
23
49
18
40
55
62
79
21
29
19
47
32
23
42
56
26
27
25
66
25
56
44
15
21
26
23
23
30
44
70
76
11
19
26
34
11
59
62
75
56
58
63
