23
14
16
93
16
12
16
17
16
51
39
28
14
20
16
18
21
18
10
20
26
27
39
13
13
10
20
27
13
11
19
16
16
14
50
14
17
32
16
18
18
13
45
17
17
15
19
15
46
18
58
104
30
70
17
23
13
11
25
45
22
21
21
65
70
45
23
56
60
32
19
76
47
26
54
79
38
77
45
137
45
82
39
34
45
33
13
131
27
112
38
238
26
41
83
38
134
45
109
77
63
113
64
183
86
162
24
189
188
13
52
211
99
110
76
13
12
201
58
40
118
88
120
160
46
39
138
61
72
203
119
29
178
30
72
65
141
99
81
130
33
195
28
138
157
161
194
32
162
95
53
16
169
136
112
149
77
70
97
19
188
19
34
185
150
214
33
185
100
204
37
193
279
225
237
333
109
88
30
33
202
169
161
223
156
108
226
73
28
137
12
246
66
15
26
120
109
177
171
30
229
13
116
180
45
155
72
120
80
38
29
159
117
69
75
136
19
72
31
135
16
197
50
44
115
11
109
89
468
12
83
46
49
44
83
16
11
14
59
33
17
40
256
109
168
38
107
121
108
36
92
98
29
162
32
102
70
92
102
99
17
37
14
59
68
66
49
21
44
98
86
15
25
115
104
15
163
20
30
97
79
80
43
121
166
43
47
15
135
48
89
63
72
52
58
28
50
44
47
45
71
12
107
100
33
326
66
12
84
116
109
35
40
98
137
112
126
62
20
52
132
73
134
96
99
120
28
69
102
75
107
58
95
22
91
93
12
17
48
51
51
105
60
18
95
69
110
43
89
32
98
103
132
63
82
99
141
52
126
124
72
76
41
40
103
107
47
111
120
57
82
50
115
69
32
138
96
80
161
108
134
33
12
88
12
120
151
122
255
14
78
25
93
130
142
57
102
332
128
96
107
90
118
67
107
139
91
185
131
150
98
74
132
97
102
117
108
113
14
130
92
149
14
99
46
137
102
294
136
37
118
24
358
20
254
52
122
104
68
96
131
111
54
147
110
102
359
105
27
119
63
352
159
169
183
140
47
226
322
48
291
180
218
71
221
106
128
246
97
99
85
64
51
309
82
68
94
75
210
254
122
60
113
161
43
171
127
117
167
28
114
137
158
36
94
343
98
135
129
31
48
87
58
86
216
106
50
144
104
64
140
38
28
120
13
115
13
115
151
177
44
309
108
145
152
130
274
53
54
188
500
115
76
175
158
500
29
86
45
74
331
186
103
25
99
101
174
53
172
125
90
65
221
219
180
136
157
171
59
131
163
64
17
170
90
150
163
208
137
100
153
115
13
286
55
144
118
196
236
131
104
163
222
80
114
142
236
128
201
56
389
196
123
106
212
201
175
167
316
266
317
328
296
299
264
44
133
271
216
215
114
168
53
70
104
120
234
78
113
17
254
196
197
30
142
179
69
141
204
232
197
10
240
180
106
187
175
157
55
200
256
270
244
21
129
190
139
23
267
285
168
186
206
112
26
108
150
228
140
99
124
200
80
143
199
133
287
111
500
108
235
122
75
247
223
316
123
182
98
500
243
19
242
131
172
297
264
172
351
212
198
94
122
203
174
100
219
232
209
319
121
279
50
88
146
309
167
138
99
106
117
224
121
248
86
233
109
102
41
166
276
167
257
357
97
111
111
99
344
98
206
101
43
49
97
112
256
144
61
107
102
186
88
94
226
86
153
316
66
451
274
320
220
187
260
53
97
196
12
45
316
298
185
234
500
318
340
43
108
137
391
180
131
108
208
108
131
144
96
96
103
167
129
341
31
131
124
337
102
86
135
224
151
133
121
134
221
200
266
193
178
189
245
118
199
115
78
52
287
152
215
155
112
115
235
245
84
108
188
272
207
86
242
47
176
94
350
126
107
236
293
28
68
249
114
121
193
119
133
137
112
111
98
163
231
231
187
172
237
154
109
136
123
283
116
145
100
204
124
106
266
229
414
156
137
275
296
248
170
80
270
138
215
405
103
232
500
74
258
214
212
242
151
303
216
177
195
121
110
97
110
101
118
288
166
136
348
350
104
383
115
436
282
241
67
125
219
198
288
114
166
149
320
197
128
307
196
157
129
35
390
102
95
309
332
107
121
105
90
103
131
81
178
69
147
86
100
146
112
83
133
60
170
45
148
182
155
29
123
235
126
37
201
92
414
92
142
112
170
148
165
207
108
63
54
118
28
103
181
120
153
113
60
110
54
78
102
229
42
111
104
106
121
114
99
175
107
186
180
102
93
99
133
96
88
88
21
138
104
115
