22
10
47
23
27
23
14
14
13
16
20
25
23
17
15
13
21
20
21
13
10
15
17
13
13
22
20
17
16
18
18
13
14
9
25
13
15
10
15
11
14
10
13
35
17
12
9
16
17
12
13
10
10
12
10
17
25
23
34
32
42
54
12
30
11
13
18
15
14
8
16
12
20
13
17
17
14
13
13
21
24
26
238
11
12
16
69
109
18
74
60
18
58
26
60
51
99
11
56
97
45
52
33
87
15
43
50
18
31
23
47
17
18
33
28
45
63
69
52
86
95
107
11
63
131
26
67
69
102
24
53
105
180
108
40
116
162
102
144
119
155
118
101
60
253
217
151
40
69
213
18
140
212
107
148
37
149
194
141
149
99
233
174
131
264
60
53
110
279
124
388
103
134
210
450
360
34
17
169
381
259
49
202
94
289
198
271
226
17
120
183
353
251
94
182
175
27
146
271
86
173
294
290
243
281
69
283
199
287
253
305
78
260
239
181
244
232
129
255
242
214
68
221
406
207
256
240
114
270
500
309
235
41
446
261
371
350
376
318
275
275
415
218
198
294
317
221
66
279
270
263
348
259
297
195
293
288
49
241
279
216
321
303
259
443
317
383
361
304
422
292
282
302
355
229
234
268
335
331
430
323
300
360
43
260
366
302
292
333
269
301
304
192
358
371
273
377
270
337
304
235
284
344
348
342
348
249
253
418
362
406
262
231
74
281
343
383
500
402
275
208
327
246
354
263
297
346
415
379
243
330
332
313
322
340
348
236
182
454
304
266
212
367
382
52
12
381
386
322
254
257
303
102
475
389
241
368
318
341
306
358
291
332
305
304
285
257
458
331
248
409
263
246
344
271
365
210
358
353
252
313
270
212
261
251
440
493
357
342
277
255
199
230
334
283
242
204
408
303
300
208
303
251
178
334
241
307
277
22
303
95
262
304
397
216
423
282
302
307
231
86
269
391
144
267
245
241
258
264
242
243
265
251
311
73
358
383
198
227
336
237
346
38
273
233
217
324
461
301
281
280
135
221
235
304
293
221
115
70
329
43
245
258
205
75
246
259
500
266
364
151
339
194
300
323
292
199
311
249
285
141
254
231
363
249
210
344
333
38
209
278
184
295
205
216
286
300
265
282
172
85
252
208
259
192
262
237
226
36
354
278
292
102
304
225
243
275
38
315
272
177
203
190
258
181
276
198
206
213
253
225
271
285
278
231
251
417
189
261
285
207
182
234
254
296
215
298
76
165
166
104
158
239
223
205
182
225
298
220
182
296
251
215
171
130
243
139
30
41
171
205
151
188
214
252
247
177
233
118
127
143
160
195
229
278
146
115
203
174
188
194
201
227
188
220
217
195
125
267
270
168
205
253
233
197
119
179
213
109
174
213
159
223
280
179
171
117
158
159
133
141
153
25
335
149
104
128
161
201
194
241
100
181
138
170
174
136
241
257
72
195
171
133
192
390
161
213
163
239
160
157
99
144
246
150
154
149
228
214
211
154
274
190
227
123
86
102
218
188
115
133
135
106
127
288
202
167
53
132
146
167
125
112
186
110
221
127
155
151
131
238
114
146
121
107
365
124
162
167
275
241
334
210
226
208
154
157
167
108
127
131
282
181
191
170
252
361
175
192
150
139
120
168
99
124
134
62
128
181
127
225
178
99
164
155
114
136
334
193
111
182
169
168
195
142
96
84
220
163
500
193
122
100
159
209
319
175
169
123
155
139
250
173
66
104
136
108
117
91
245
174
145
204
159
303
125
241
133
68
161
211
235
134
107
105
117
132
146
217
117
130
156
129
216
152
138
119
262
299
122
100
115
203
190
168
258
117
353
203
187
125
125
109
138
195
24
169
113
248
137
135
288
190
159
191
320
185
136
123
113
184
214
190
171
214
153
103
105
174
138
127
203
230
175
229
228
187
147
204
136
151
186
100
199
172
160
282
198
155
109
176
124
242
124
137
112
157
224
102
216
151
111
210
115
125
164
329
198
143
188
147
303
302
130
28
252
199
107
97
110
132
185
134
483
117
81
104
161
121
262
128
166
141
147
112
117
149
164
106
113
269
248
114
161
129
86
105
179
162
221
160
146
106
147
399
69
145
256
102
98
123
210
165
128
162
240
34
138
109
130
267
149
130
151
133
150
312
144
101
70
149
267
137
248
181
112
182
433
152
195
192
167
118
52
123
138
93
145
132
167
204
244
145
211
110
221
204
317
184
42
154
120
187
153
21
126
135
159
107
202
305
101
128
138
134
213
124
137
170
39
