32
38
15
13
15
37
31
8
22
14
33
17
20
17
31
20
25
25
14
28
20
15
14
18
12
28
12
13
15
14
15
23
14
13
16
13
21
12
13
17
12
12
10
26
11
32
15
8
18
19
20
24
17
36
29
15
42
24
87
56
98
26
18
18
16
54
14
29
28
77
23
131
70
39
41
31
25
85
23
24
32
20
58
100
37
82
72
91
77
16
59
54
92
42
90
160
120
13
20
41
46
89
21
132
55
25
47
127
151
131
80
157
39
205
51
33
68
134
152
172
74
50
220
59
71
99
200
12
259
48
121
52
15
170
177
105
101
96
66
79
81
134
117
242
86
210
244
214
163
45
77
109
77
192
164
113
76
257
33
103
92
38
149
203
136
141
237
499
161
288
143
159
116
267
244
104
106
39
289
136
223
337
138
182
251
196
252
216
413
177
227
74
122
206
159
136
445
219
39
114
22
278
228
249
60
213
203
98
97
336
344
28
59
15
168
205
105
169
347
25
47
66
229
228
128
53
314
104
226
77
122
47
136
100
198
255
232
393
238
104
134
273
126
186
101
236
86
71
64
127
263
60
108
297
210
38
225
138
102
169
30
210
79
208
97
177
185
175
166
53
105
176
10
202
26
218
193
18
105
54
51
313
23
310
251
22
86
210
64
198
80
183
127
13
229
54
29
47
15
25
213
110
16
20
52
104
81
63
37
197
33
67
89
236
232
127
123
176
20
36
52
13
85
11
164
134
257
81
65
147
86
66
99
20
198
85
162
26
247
26
208
180
214
151
311
213
125
118
148
182
80
35
11
59
131
164
268
133
69
19
91
286
115
149
148
159
245
241
68
176
274
184
219
173
19
431
140
46
134
355
61
24
98
22
55
166
216
179
146
75
130
153
189
146
223
80
190
113
143
137
234
156
137
438
120
154
213
165
262
166
69
181
80
23
147
152
168
294
58
308
144
208
202
286
74
98
154
110
231
291
32
148
149
123
97
169
100
220
70
112
43
136
224
111
110
230
136
127
288
71
198
179
57
129
70
153
14
149
116
98
106
12
150
60
111
159
68
119
77
153
148
273
133
173
215
110
146
46
115
130
43
228
112
120
26
170
202
141
115
168
98
162
134
284
120
302
123
112
39
113
123
157
132
116
216
43
74
113
113
124
125
118
98
143
137
102
19
270
132
160
156
100
124
16
218
128
97
115
242
169
223
191
104
117
137
180
172
152
158
256
126
208
123
54
182
130
127
150
111
155
49
130
150
330
205
173
109
104
10
118
158
238
146
184
171
245
176
162
144
177
122
47
165
80
221
78
143
138
131
237
256
200
58
160
180
286
159
80
122
21
56
70
256
168
211
129
83
99
149
37
136
58
126
157
129
199
110
223
25
180
121
127
116
188
125
56
120
169
141
103
245
20
113
19
201
221
178
409
104
196
100
133
133
200
172
254
136
500
137
60
171
223
197
90
69
65
180
104
183
59
167
192
124
124
133
97
128
71
165
143
220
165
191
109
178
96
300
37
135
243
136
129
175
179
453
176
122
147
119
165
114
107
250
159
241
136
184
22
191
190
101
253
318
115
102
303
162
168
147
141
223
147
118
154
161
160
164
166
220
500
103
257
212
108
134
208
354
221
333
128
171
325
113
69
270
125
271
40
151
40
98
104
138
188
122
109
321
106
106
127
147
247
96
114
183
198
148
156
86
297
122
156
140
110
105
137
130
412
127
78
105
160
152
147
207
95
284
149
109
163
365
267
242
334
154
116
163
160
107
77
171
190
130
128
377
107
127
155
81
124
101
72
200
111
148
122
101
97
136
97
110
115
130
459
132
229
184
185
232
110
500
204
211
185
101
152
21
195
211
120
118
245
214
376
101
183
145
159
67
249
120
142
181
293
126
147
103
147
500
116
133
102
118
118
131
111
166
138
123
183
93
115
104
177
143
187
211
169
157
129
126
175
127
159
110
163
110
165
124
125
149
176
165
232
161
113
126
169
204
187
182
147
123
132
76
260
229
225
281
337
143
119
70
126
164
247
77
199
178
148
153
62
247
22
171
170
66
144
123
218
296
109
116
11
166
177
266
402
159
135
120
102
157
139
183
198
262
108
134
69
118
93
121
111
144
181
97
197
145
161
105
121
105
175
129
112
160
132
126
39
90
141
133
159
140
83
90
495
113
103
35
500
330
134
290
139
244
267
96
126
120
105
247
162
174
97
410
119
95
162
150
223
222
159
329
148
500
306
110
500
325
149
118
120
239
177
215
11
309
115
