27
22
12
25
23
35
39
18
16
18
62
20
24
26
12
17
15
66
29
28
20
10
13
23
22
15
17
14
12
9
25
18
20
24
30
19
9
12
32
34
14
15
27
16
9
49
12
24
14
15
20
14
23
21
20
8
15
17
17
13
12
45
10
10
14
16
10
10
15
15
21
17
8
13
16
18
7
9
11
9
11
18
14
28
13
17
12
12
12
10
14
16
12
8
15
10
17
23
39
8
8
8
10
17
11
9
8
11
13
10
9
13
7
10
9
20
12
8
9
18
8
11
21
13
21
12
8
8
14
12
11
7
17
11
9
12
8
23
18
8
11
9
11
10
12
18
17
15
9
10
14
16
8
11
13
15
14
15
9
13
19
10
11
9
13
9
16
11
12
15
10
9
16
9
10
9
10
9
13
12
9
8
8
9
8
11
10
13
9
11
10
9
9
9
11
11
9
8
11
10
12
14
8
14
10
13
10
13
7
16
12
8
10
10
9
10
10
8
11
9
14
10
9
11
11
8
9
8
12
8
13
9
13
9
7
17
14
14
8
9
10
12
8
15
7
9
8
13
12
14
9
9
10
10
11
8
7
9
9
11
9
9
9
8
15
11
8
11
7
10
9
8
7
9
8
13
10
8
11
16
14
9
9
13
16
9
22
14
10
9
7
27
31
22
8
9
12
8
96
7
29
25
11
14
20
22
20
13
11
14
12
12
16
10
23
27
20
20
97
21
16
20
12
20
78
19
16
16
19
18
19
23
19
125
95
28
43
52
34
178
63
99
64
9
10
34
82
30
16
88
96
42
26
97
14
14
9
15
11
11
113
72
29
96
90
47
35
106
46
104
110
63
10
91
140
116
211
127
18
210
118
116
82
159
71
128
17
45
79
101
11
14
12
76
105
20
12
17
90
100
69
28
20
13
21
15
11
14
14
14
13
14
10
11
13
12
14
14
14
11
12
11
11
13
10
14
13
13
15
15
11
11
12
13
14
14
10
18
17
13
16
11
15
12
22
12
15
49
13
15
12
17
29
12
13
13
14
12
11
15
12
12
12
9
10
13
11
15
13
34
32
11
12
11
10
11
9
11
11
23
13
12
16
10
90
10
14
110
13
51
13
57
83
11
9
15
27
10
12
13
40
61
25
10
11
12
16
10
13
89
98
33
17
13
13
29
25
30
29
15
65
15
20
15
204
15
20
19
11
18
29
20
17
131
13
18
14
18
17
38
38
16
13
14
13
56
19
39
31
19
17
21
15
11
15
67
11
12
21
71
21
46
12
20
13
81
30
85
24
11
22
16
17
20
27
15
19
17
13
15
18
14
17
18
17
15
15
14
17
22
11
14
20
17
16
12
17
19
17
18
19
18
12
15
17
14
14
18
16
15
13
16
18
18
15
10
15
161
11
18
16
19
13
16
12
20
14
16
11
15
60
15
58
16
16
82
20
40
90
30
176
131
10
25
32
17
46
135
31
17
12
21
35
36
54
33
35
47
41
8
43
187
38
24
15
26
67
21
48
59
11
72
15
101
49
60
26
25
125
16
14
40
72
14
24
12
37
26
71
62
31
63
10
75
74
86
87
78
96
10
83
31
37
18
12
100
12
11
130
78
87
44
18
61
126
159
85
87
19
53
12
228
10
38
67
23
99
60
34
69
25
44
39
10
29
15
29
68
33
27
10
27
44
34
35
26
19
28
13
55
69
17
75
23
43
43
53
26
32
37
107
50
18
25
18
40
36
131
33
43
60
41
46
169
64
48
13
54
81
24
11
23
15
69
162
87
87
212
20
24
86
85
148
17
15
47
47
20
50
55
94
24
20
155
132
59
51
49
126
18
30
192
72
155
33
23
40
63
152
16
22
99
243
70
226
49
183
35
232
211
300
136
247
77
172
80
148
15
73
121
149
126
120
122
135
196
134
121
115
120
159
121
380
20
55
136
147
119
93
135
108
16
12
12
12
13
11
62
13
12
11
14
13
15
12
15
10
9
10
11
11
12
12
10
10
8
10
11
11
11
11
9
9
9
11
9
11
11
10
11
11
11
29
9
12
11
9
9
10
8
11
9
9
10
11
10
10
10
10
9
10
10
11
8
11
10
12
8
10
9
9
9
10
8
11
10
11
11
8
10
10
9
10
10
9
8
9
10
10
10
9
9
10
9
10
10
8
10
10
9
10
11
8
10
11
9
11
10
11
8
8
10
10
8
10
9
11
10
10
9
9
8
8
10
10
9
11
9
8
10
9
10
9
10
9
9
10
11
8
10
