31
21
16
9
26
81
20
23
21
11
17
24
9
16
14
9
19
44
20
40
9
26
21
25
17
12
11
18
21
29
26
20
54
10
17
12
11
19
25
13
15
17
15
11
29
17
31
20
69
28
81
45
21
20
32
33
32
14
15
15
24
22
16
40
28
53
32
29
50
35
19
61
19
10
63
23
14
29
43
71
32
28
15
47
33
64
46
56
21
35
46
51
25
19
40
36
21
25
30
117
73
63
104
25
90
57
46
86
65
105
35
66
64
52
11
41
101
111
162
122
70
59
26
92
163
89
124
218
132
155
54
188
43
46
12
130
167
91
42
135
167
26
63
102
36
128
107
98
167
17
90
142
380
281
21
98
221
129
146
87
34
108
198
46
92
237
64
223
109
196
99
94
225
169
189
65
141
190
67
230
300
110
335
105
220
264
314
179
341
338
246
104
125
121
157
54
21
134
185
150
137
184
204
239
283
126
339
85
208
306
117
316
233
204
188
150
166
158
175
150
174
170
166
160
144
41
146
132
23
12
21
143
118
184
202
206
253
227
225
177
44
269
273
229
256
203
281
267
235
213
190
212
200
235
207
13
162
250
434
423
191
161
215
190
168
22
16
216
298
44
318
318
500
462
32
35
208
184
189
206
167
184
173
179
266
238
256
334
453
500
100
245
462
137
165
18
247
166
339
500
485
125
253
276
251
12
11
28
13
77
296
399
349
499
330
500
186
500
500
500
500
500
500
326
50
36
131
273
262
330
177
227
266
189
23
59
109
15
190
170
66
217
394
143
194
177
150
176
160
172
154
156
112
152
141
161
156
98
171
196
201
168
162
42
157
203
299
184
137
252
263
262
194
210
188
199
195
171
214
180
228
174
204
192
189
174
189
184
164
204
86
102
67
177
181
178
180
167
174
174
162
162
146
147
14
165
221
167
176
134
203
194
196
244
270
199
208
208
238
225
194
189
236
247
194
211
235
208
231
218
201
187
173
101
337
346
500
500
500
500
365
296
96
89
91
82
78
233
151
141
126
133
132
145
160
136
144
21
172
160
174
163
176
185
155
156
187
174
186
172
184
167
174
166
197
145
155
221
184
57
207
201
177
193
229
378
212
329
44
189
180
337
59
16
172
142
179
142
151
166
134
168
157
162
160
160
150
142
158
135
89
333
156
167
209
332
236
249
497
187
34
77
179
213
198
163
157
177
98
151
210
153
128
157
124
124
132
136
123
124
131
129
139
128
73
135
156
136
144
149
144
151
164
148
132
134
141
144
116
391
402
230
165
356
312
344
336
153
239
120
150
118
114
136
107
122
108
126
126
152
169
127
97
108
126
155
129
258
251
120
104
116
112
111
106
103
169
105
122
36
110
105
159
121
155
75
186
167
63
143
25
98
101
103
114
97
104
99
103
106
95
99
107
100
100
102
109
100
114
204
103
112
138
112
130
132
157
170
137
206
167
30
13
36
98
416
178
175
134
132
125
136
134
115
130
140
135
115
150
63
199
191
144
139
204
180
139
269
241
176
208
204
145
152
140
153
134
186
253
268
82
232
207
173
165
139
126
123
148
139
138
156
108
254
235
117
192
235
192
220
77
168
141
307
297
268
189
197
147
163
30
227
34
48
337
310
152
184
225
265
284
387
338
23
408
357
500
177
123
182
144
164
127
129
137
147
153
149
148
151
163
148
154
185
81
23
128
163
249
370
372
318
116
170
240
397
135
195
238
139
161
135
145
153
111
160
182
58
136
62
36
97
103
99
130
140
170
159
132
107
120
123
150
161
156
159
141
172
176
160
162
171
173
143
155
163
146
307
386
187
119
261
444
500
258
327
222
147
75
108
189
151
177
371
500
357
241
277
101
166
349
330
295
247
500
154
178
128
124
126
118
112
111
145
124
118
130
136
117
117
113
133
122
125
47
107
103
233
382
500
500
21
10
20
11
13
31
243
357
326
242
255
237
267
313
233
277
239
224
279
245
248
244
284
200
158
203
21
91
185
185
343
205
211
240
233
206
48
408
116
500
478
184
241
298
202
203
185
143
17
143
168
133
195
192
155
142
178
176
201
146
200
183
145
171
153
140
132
58
19
121
87
181
48
128
138
174
301
219
153
132
121
126
129
115
130
130
115
118
27
115
51
254
500
236
128
133
88
219
198
192
234
260
120
170
224
183
182
161
169
164
196
174
281
183
191
203
189
182
40
82
12
20
369
174
234
188
235
294
234
211
243
205
268
132
86
421
332
231
201
205
197
196
182
243
239
226
241
252
196
