33
16
25
26
34
17
27
16
24
28
23
21
41
19
20
37
10
38
21
22
23
12
25
16
13
15
23
17
31
14
14
10
15
24
38
23
15
20
10
29
15
11
13
29
13
15
38
17
19
12
50
20
15
18
12
11
15
18
12
56
71
36
25
26
74
11
21
95
50
87
67
15
26
30
30
117
51
29
10
42
85
54
76
41
94
27
41
12
47
40
32
67
12
24
45
68
28
37
57
45
50
85
18
32
59
50
30
105
69
49
37
41
38
35
26
32
71
51
95
104
222
96
67
146
53
109
99
110
130
84
54
37
102
68
123
115
156
140
16
88
86
83
205
153
191
149
15
218
14
163
138
227
309
52
302
285
241
290
159
375
314
193
25
101
10
224
23
338
185
310
295
165
52
414
310
272
230
367
247
226
86
259
116
14
148
346
218
325
212
259
216
134
148
215
189
375
269
135
140
276
212
290
366
224
102
228
303
296
383
63
350
245
96
388
139
229
97
46
90
268
197
49
27
285
372
153
139
131
254
208
267
109
329
336
257
29
126
249
391
141
117
315
97
279
34
464
151
337
174
366
278
321
57
223
301
267
154
339
279
323
277
94
212
238
255
224
313
218
315
296
323
278
378
261
280
290
321
500
293
500
101
263
312
195
226
315
172
101
169
324
80
236
239
89
390
72
285
263
393
106
418
500
338
329
161
365
295
397
464
289
242
333
393
169
299
261
384
342
395
354
253
294
89
250
233
22
50
238
312
212
84
318
353
315
246
135
266
231
149
99
67
261
218
214
224
55
190
64
124
317
73
222
287
241
233
206
211
205
450
258
247
199
222
290
302
291
204
214
264
212
294
222
320
222
274
282
323
494
500
257
250
186
234
240
241
488
500
269
201
396
277
227
397
98
94
374
376
281
267
224
387
295
288
356
393
281
249
292
454
242
264
500
219
80
327
500
218
353
18
390
232
500
500
208
16
299
195
375
447
445
326
77
292
33
118
275
315
138
475
460
409
365
16
38
140
500
500
337
500
414
467
387
368
459
285
421
478
247
159
349
485
303
241
474
317
475
446
500
235
191
404
500
74
500
200
361
207
339
11
82
150
222
304
264
44
232
161
246
27
212
359
144
269
176
127
308
489
465
387
308
289
233
500
225
289
412
289
245
493
240
500
282
500
252
409
373
183
286
500
212
256
230
307
434
405
38
500
325
249
344
143
282
469
70
38
59
201
311
13
397
203
248
223
130
251
170
305
487
289
236
191
101
127
287
298
271
258
219
246
57
256
207
217
338
206
259
248
21
232
345
141
344
272
246
254
303
171
192
282
500
500
37
141
454
296
240
331
102
296
122
199
121
495
283
250
172
285
124
93
174
176
120
82
125
166
119
57
159
103
158
127
55
149
186
65
152
63
125
31
24
207
128
130
56
45
153
155
132
160
163
105
132
155
118
113
129
138
185
136
117
66
108
110
132
166
155
109
109
134
121
132
148
126
115
109
122
127
107
140
195
124
115
179
126
172
147
201
139
166
205
157
135
142
177
203
256
128
125
193
159
157
246
137
234
145
206
173
77
136
207
198
147
113
103
126
122
188
314
165
193
154
138
169
140
205
106
42
174
99
88
176
30
318
141
64
17
65
61
140
143
129
88
100
153
129
147
136
111
119
198
363
87
165
77
257
329
166
213
209
169
76
246
156
99
112
139
111
163
150
160
173
151
162
165
157
109
297
164
308
165
354
139
178
122
158
198
100
133
160
143
180
153
186
128
183
236
150
347
169
143
235
79
168
148
68
254
139
202
205
196
170
280
357
184
388
441
124
33
102
32
46
46
156
63
30
24
28
118
13
31
31
36
146
127
119
165
121
118
124
144
137
124
132
135
137
122
46
136
164
126
75
135
133
120
154
132
139
125
119
111
121
124
126
118
131
119
137
126
124
118
113
126
100
110
121
122
110
113
127
114
120
110
119
136
116
129
120
116
122
119
123
117
117
123
124
121
117
140
140
131
137
128
116
144
129
135
114
144
152
132
152
153
117
144
118
131
99
246
162
133
143
145
33
134
120
125
38
409
46
36
46
72
91
140
89
108
143
135
126
230
98
116
144
142
145
128
134
109
134
118
147
125
115
132
126
105
133
146
102
194
158
159
133
140
186
110
116
137
125
131
110
108
139
125
114
266
143
171
148
137
118
204
107
170
480
135
141
99
122
114
126
116
113
135
159
134
132
119
249
157
191
162
152
193
186
225
264
227
149
334
227
37
16
68
77
124
106
147
140
142
