24
15
46
13
15
28
16
27
18
23
25
14
14
16
15
12
35
33
37
19
20
19
18
19
12
16
10
23
10
20
15
24
17
28
13
16
20
22
29
13
11
24
23
25
13
14
30
24
13
20
21
29
61
22
63
52
66
99
18
73
47
21
53
22
15
114
62
21
23
61
13
9
103
37
32
34
65
11
31
89
98
59
36
50
88
22
36
72
14
83
64
90
155
18
51
92
33
132
86
36
48
48
18
18
62
147
113
91
102
167
98
85
148
149
100
148
158
156
118
79
19
24
237
74
217
43
16
171
33
45
153
94
152
112
50
176
32
202
53
91
126
133
23
232
145
142
150
323
11
32
181
160
240
66
115
108
132
46
285
150
183
168
86
98
45
55
125
99
59
51
171
236
68
58
36
132
189
195
236
87
234
20
182
113
84
50
149
186
253
99
46
48
296
92
211
71
64
260
200
69
18
88
191
269
308
107
33
44
94
193
183
163
137
64
174
52
154
60
17
48
65
180
118
175
78
205
63
178
183
172
91
161
55
155
94
197
52
21
114
113
47
155
91
92
152
32
49
96
213
116
20
173
57
188
52
261
132
131
59
30
22
164
40
177
83
49
117
73
101
130
142
20
73
103
148
91
25
131
96
198
99
51
91
33
253
162
189
144
28
70
61
30
99
46
165
136
162
71
133
11
78
108
185
62
65
70
64
158
13
23
39
60
32
69
54
122
72
83
83
57
84
170
35
111
30
76
119
13
173
71
45
172
126
115
40
50
26
156
50
283
111
20
56
135
146
126
161
26
121
90
138
123
113
94
23
13
122
129
103
226
132
13
115
140
146
113
23
114
97
37
106
137
18
36
114
100
219
33
110
287
445
136
105
112
31
110
123
45
54
131
73
206
131
133
146
51
127
124
162
59
39
119
117
94
121
46
40
128
47
122
301
142
123
159
102
376
277
100
124
301
105
50
117
76
196
30
86
116
29
14
109
124
113
67
247
107
100
99
169
95
111
154
102
105
44
143
56
108
187
144
216
190
163
89
82
149
183
158
467
33
203
83
153
139
124
79
120
100
223
107
105
104
118
133
300
73
375
103
206
78
103
164
115
341
60
152
189
129
129
58
47
106
126
83
407
98
39
104
120
117
101
180
80
100
111
399
92
252
79
56
78
140
94
115
46
270
205
184
102
80
99
182
104
113
104
71
100
117
257
114
425
105
159
14
102
323
91
226
240
101
169
116
329
83
264
127
23
42
170
254
52
104
193
44
113
102
198
102
99
162
389
119
314
85
74
79
194
108
160
58
82
196
66
116
122
158
352
185
121
41
156
386
79
177
19
107
183
261
15
59
112
113
139
103
97
106
171
281
53
191
215
37
114
96
141
252
238
222
118
129
106
89
49
429
81
131
114
147
116
159
141
137
212
343
105
145
282
125
106
230
118
332
52
264
106
164
239
127
183
85
78
60
182
12
166
64
124
184
61
124
294
401
219
128
136
124
159
72
389
186
269
370
171
124
52
122
275
182
143
287
109
154
122
96
138
315
124
170
301
142
114
140
167
121
366
18
131
184
102
129
238
130
147
105
146
125
151
51
100
106
115
109
293
133
113
327
134
500
106
171
98
158
139
216
165
174
360
183
327
360
145
133
191
203
107
440
200
148
127
77
148
90
126
157
119
84
129
24
123
112
462
500
34
333
181
18
282
104
33
117
170
106
62
36
98
111
126
183
125
500
108
208
191
185
133
155
227
198
141
387
115
125
178
134
107
153
188
296
470
189
139
132
108
131
164
166
186
153
107
100
500
163
136
300
233
288
471
127
437
500
314
165
112
147
136
108
146
143
76
256
244
303
131
19
145
235
59
500
100
136
500
136
224
149
102
162
285
164
403
175
180
291
196
133
169
127
14
119
54
121
99
415
45
104
38
369
134
500
260
84
125
139
263
103
101
103
185
117
198
132
187
118
173
48
155
106
135
204
134
196
119
108
125
128
118
130
252
143
121
386
220
251
89
96
122
57
99
133
238
315
273
294
368
284
500
312
452
119
80
169
197
130
346
262
287
129
136
123
179
277
101
154
183
395
157
114
49
103
190
131
115
103
28
161
133
101
393
178
60
97
107
125
74
139
109
142
100
122
134
115
189
254
128
378
250
62
383
377
317
189
291
181
222
99
110
400
178
209
299
99
201
317
120
233
125
180
122
100
117
103
202
218
144
220
50
191
60
130
284
122
259
134
119
165
351
61
439
328
64
110
196
152
105
356
500
320
37
161
109
99
