27
19
28
23
20
17
13
10
12
15
34
18
11
37
13
40
26
17
58
17
12
11
18
21
16
21
10
27
20
20
9
18
19
32
34
19
15
36
18
12
8
35
24
13
32
53
12
26
26
53
52
28
29
74
21
11
16
15
100
28
24
78
42
45
27
58
72
16
7
14
73
61
26
31
25
37
50
35
76
80
12
93
15
30
27
13
22
13
35
81
141
24
148
144
159
128
36
23
24
94
44
69
44
137
42
68
287
30
116
47
48
21
168
145
124
63
147
61
123
14
17
20
26
101
30
36
185
10
63
78
142
50
91
96
129
64
150
154
62
150
130
175
103
73
135
91
69
68
126
20
334
72
83
135
55
122
108
225
24
238
64
16
224
68
141
34
178
21
116
25
200
19
18
28
90
193
155
51
184
33
323
145
267
108
40
14
50
148
10
80
193
221
76
183
186
26
144
114
13
48
208
162
152
122
102
185
165
103
184
15
154
14
153
164
49
120
38
96
147
155
144
62
54
16
148
51
12
9
168
121
213
154
130
95
231
53
109
19
66
96
120
107
84
18
184
42
73
224
178
75
107
170
238
177
63
80
97
69
113
85
80
45
32
45
144
132
144
35
12
171
73
132
122
130
33
176
142
130
60
71
55
27
12
18
35
52
62
36
176
29
34
153
196
34
175
29
28
153
40
84
129
131
137
119
30
108
61
242
179
43
182
92
157
38
9
16
148
184
152
60
121
183
153
134
27
10
122
53
125
49
31
49
310
19
21
136
120
106
87
136
77
58
93
124
94
129
116
21
135
60
88
192
166
111
102
173
134
99
242
151
96
127
31
173
193
103
125
143
123
266
60
97
13
325
306
318
121
277
179
321
84
143
168
93
18
68
137
174
94
66
14
94
106
97
94
142
135
202
193
10
13
29
110
167
106
109
115
24
123
308
148
24
171
12
320
148
140
77
104
40
207
43
10
47
115
102
119
158
163
105
244
140
175
138
161
132
183
184
83
177
21
23
123
166
233
171
138
163
161
123
185
76
145
152
125
143
119
209
176
136
412
131
161
130
115
159
135
101
31
44
12
120
174
71
499
76
66
25
99
238
237
53
176
90
68
133
149
79
98
156
174
131
120
132
69
23
218
154
120
163
232
155
158
128
143
137
152
205
137
13
129
249
146
73
16
78
181
83
248
90
250
77
63
115
109
188
152
19
77
49
57
119
158
248
91
499
302
99
24
25
107
58
138
181
131
213
145
113
52
29
147
110
164
258
99
78
415
265
157
302
297
47
14
63
92
87
54
73
63
62
200
71
130
158
129
150
150
220
78
146
175
162
169
179
333
107
101
116
153
129
152
282
128
51
80
33
102
118
100
104
99
113
103
88
108
102
88
84
25
447
133
132
117
162
117
135
186
283
215
142
106
182
185
246
169
64
299
249
155
136
141
239
155
129
171
138
120
107
119
106
89
104
140
235
138
64
94
219
26
210
167
151
150
56
48
98
120
171
52
107
198
44
118
99
73
291
142
169
207
123
263
233
196
127
133
126
121
134
135
131
143
53
19
17
118
128
141
123
151
147
117
162
53
59
114
135
117
128
117
113
118
120
118
117
122
118
129
148
114
177
67
110
96
125
108
13
189
138
135
105
316
137
139
172
80
72
116
24
29
102
143
27
37
122
356
178
381
219
156
297
395
178
124
52
111
304
122
131
115
213
129
217
223
93
30
153
286
317
311
386
130
137
187
278
56
49
101
338
165
105
134
150
374
175
259
122
41
119
104
215
340
202
202
392
98
66
81
75
68
57
53
41
65
132
70
117
185
448
425
33
24
248
48
124
146
123
111
132
212
119
140
125
140
105
151
188
140
112
145
146
123
102
141
122
135
134
136
123
128
113
111
149
150
116
156
190
123
125
134
124
118
196
53
112
110
109
117
138
137
126
122
118
168
40
131
143
122
117
106
131
141
117
120
126
196
177
143
145
60
139
147
129
104
114
118
141
106
109
73
157
133
128
193
122
131
187
157
142
117
113
103
154
109
124
112
23
114
126
134
134
43
128
105
110
120
112
127
120
112
121
27
103
214
105
135
112
122
109
128
177
122
198
165
145
171
56
143
183
140
135
111
119
109
98
81
250
85
100
499
93
95
98
96
112
117
84
104
99
92
79
102
99
104
129
128
347
97
106
104
61
95
99
101
105
106
104
115
94
95
106
109
118
83
93
94
104
113
125
113
126
124
117
129
121
114
57
121
130
136
94
109
99
196
50
53
104
18
148
413
119
