25
10
14
40
30
15
13
10
9
12
64
18
23
13
16
10
11
27
32
24
11
12
15
21
17
16
15
7
24
16
10
37
18
16
16
16
11
17
47
10
10
38
14
19
15
11
27
20
16
10
21
9
18
12
14
11
10
11
16
10
11
11
17
10
20
17
8
22
16
23
29
10
32
14
26
15
121
31
41
26
35
60
31
45
55
15
9
10
16
42
22
13
28
42
37
31
23
24
29
48
25
24
34
37
18
108
84
40
34
80
31
41
12
53
27
77
27
19
83
32
36
41
30
30
34
28
35
151
45
21
40
28
35
34
44
73
72
50
31
65
51
89
108
60
68
72
50
114
100
81
132
126
60
30
78
41
82
112
130
97
66
105
72
150
125
39
109
129
158
98
86
298
117
95
122
186
153
111
199
120
138
25
290
390
48
146
226
219
285
287
77
210
328
307
319
237
24
408
497
163
246
278
132
262
195
308
204
280
268
81
315
317
259
281
59
245
101
19
242
201
362
294
275
273
276
357
14
345
248
303
243
274
355
82
277
310
35
85
302
276
293
294
274
264
208
253
226
243
215
223
272
314
282
131
293
275
258
158
249
72
289
241
100
318
40
304
499
114
252
347
245
289
12
261
80
262
233
250
284
74
205
203
287
228
293
257
212
406
250
238
163
239
279
315
274
253
287
251
248
94
239
253
278
294
293
34
269
349
332
205
386
250
236
277
284
396
229
233
308
283
212
199
251
246
226
208
79
248
150
283
244
11
409
128
253
246
231
228
226
231
231
249
244
231
375
259
80
225
225
252
266
237
220
239
321
316
165
223
321
220
263
271
221
236
215
217
254
228
217
289
300
203
274
201
308
193
252
255
207
333
222
209
269
257
328
192
238
203
216
279
260
322
182
316
282
284
337
264
119
245
206
499
365
226
153
225
249
232
210
499
291
220
59
268
213
208
212
187
192
240
203
184
236
272
237
251
398
287
206
202
254
203
207
269
242
324
239
180
216
479
483
209
236
327
185
204
229
207
275
256
126
225
245
380
237
245
409
254
235
360
351
146
203
185
224
499
499
36
268
185
349
228
193
181
280
299
184
485
268
233
188
215
434
364
220
119
316
226
242
195
243
333
297
185
292
183
265
154
280
215
304
373
164
199
143
336
141
36
149
191
169
185
117
152
206
216
171
271
179
150
499
186
244
210
195
422
308
431
189
181
192
151
192
290
163
143
133
52
181
199
214
191
391
145
130
171
198
223
210
158
220
156
155
200
161
166
180
199
143
364
153
155
264
182
148
370
430
175
224
150
199
123
174
161
148
157
150
158
183
174
252
151
169
150
226
143
157
156
180
196
180
132
218
156
143
141
126
150
160
113
115
163
124
141
140
133
124
160
134
161
152
141
147
190
132
158
174
151
141
122
161
149
126
211
201
145
122
117
152
193
126
144
134
13
170
136
131
128
143
206
150
175
148
158
144
153
129
133
199
188
133
123
163
149
185
213
142
130
359
127
23
152
125
158
130
87
186
116
139
148
123
134
139
153
126
149
128
137
126
135
160
202
137
216
132
162
132
111
166
123
158
136
154
154
131
119
111
135
143
122
118
114
124
202
221
162
116
124
113
155
106
112
123
115
112
120
169
103
124
169
147
147
127
107
187
121
142
109
117
113
80
96
137
143
110
101
235
145
125
134
159
141
131
136
122
345
139
229
99
141
175
153
114
178
173
193
142
136
246
119
119
167
157
196
175
123
139
117
161
175
124
250
187
161
211
101
113
110
159
113
149
111
210
214
103
134
211
117
159
128
167
284
63
102
120
106
168
101
165
238
284
102
141
148
154
272
200
152
159
127
202
139
191
204
218
122
120
126
150
115
264
121
172
121
132
105
149
188
38
217
147
218
150
128
249
44
111
124
170
102
133
136
97
152
236
191
120
117
118
178
126
155
229
125
215
126
112
27
116
123
146
45
171
360
185
121
219
178
204
164
142
317
144
361
236
125
120
262
65
193
99
146
153
247
142
133
121
142
138
128
53
146
104
116
153
117
43
111
70
48
161
134
134
115
148
149
108
95
119
289
162
178
123
132
129
187
151
111
33
159
192
167
276
136
134
252
115
121
152
160
163
169
96
120
186
110
97
120
136
283
12
67
128
144
126
212
155
229
164
232
200
175
112
234
149
259
164
161
286
29
153
379
264
125
499
243
146
107
160
156
122
158
222
148
389
188
254
178
138
189
187
162
295
115
268
344
123
155
185
117
85
17
223
159
159
138
124
332
259
236
