26
13
20
22
14
27
18
17
9
10
28
12
22
14
15
33
21
14
23
36
20
16
10
16
19
20
17
19
34
29
21
14
35
12
14
9
11
16
16
32
10
24
33
17
17
21
14
25
19
42
15
22
22
19
49
48
32
22
16
65
70
10
35
57
15
26
59
15
12
71
40
30
42
16
15
19
44
21
21
46
20
43
16
24
30
23
31
10
75
15
21
34
46
28
40
10
25
27
48
34
26
28
38
35
49
24
34
33
63
19
32
26
43
55
95
83
17
48
25
48
37
36
46
31
60
72
50
68
62
109
58
140
31
26
58
54
49
231
62
213
140
41
336
334
220
78
102
128
127
44
84
127
202
82
31
77
175
44
228
220
22
149
264
161
97
99
12
438
81
76
215
156
187
175
17
304
213
187
175
219
197
218
60
257
102
193
356
61
178
260
275
314
103
285
170
34
196
54
368
230
95
244
300
205
435
98
252
416
255
76
260
218
335
432
390
126
316
115
225
286
315
182
254
163
296
50
284
102
236
208
82
277
240
64
370
236
218
276
410
114
252
238
133
256
285
224
266
65
87
343
227
316
277
318
274
251
209
221
233
235
201
238
210
268
269
204
282
205
292
232
262
203
292
469
239
32
264
315
264
262
265
235
321
334
230
273
259
416
312
335
316
254
282
352
343
266
282
321
317
264
289
322
270
211
239
280
340
323
269
351
270
260
273
88
216
242
266
308
265
270
395
244
274
285
284
321
248
278
290
261
322
279
370
283
254
221
259
228
226
443
499
221
355
237
247
227
226
385
244
319
228
253
291
139
255
237
321
355
323
308
196
317
220
111
247
301
252
260
249
356
279
237
265
264
256
355
251
388
262
231
269
269
222
305
274
244
255
352
333
203
196
318
296
64
245
252
347
284
325
304
269
210
322
226
268
255
352
265
249
122
245
243
300
207
319
288
272
282
256
259
290
220
325
252
303
315
212
193
250
233
220
221
222
328
227
239
355
390
286
213
267
327
213
237
219
216
160
197
238
307
339
209
313
262
224
209
261
274
206
499
378
341
249
299
242
251
214
254
248
250
213
260
263
253
281
152
139
261
270
218
230
258
300
315
221
265
374
260
269
223
315
224
276
51
232
203
275
335
221
287
397
181
252
292
287
223
211
287
255
345
224
255
217
307
238
281
319
245
314
285
290
419
224
261
245
478
320
267
232
294
284
281
227
212
221
234
222
271
340
233
264
277
227
186
214
247
237
266
290
288
231
246
286
207
245
288
364
209
304
271
253
258
237
211
305
206
329
241
213
274
288
201
274
257
202
243
257
197
216
428
238
202
257
184
381
242
187
268
255
200
194
267
196
196
411
227
275
183
317
191
385
266
379
253
181
237
299
189
269
179
248
205
324
227
244
170
175
216
238
205
182
292
219
250
202
223
294
267
327
270
189
271
296
221
289
216
223
236
262
188
220
214
286
184
248
74
124
99
244
204
166
193
185
258
213
152
180
232
25
218
172
213
244
213
183
196
253
234
449
103
239
234
315
316
302
208
294
215
199
353
344
234
231
154
271
257
75
206
24
198
207
176
289
295
301
173
220
202
203
263
209
214
196
285
228
257
190
227
350
195
165
270
222
215
190
85
134
282
306
239
221
200
212
241
159
274
175
287
59
98
213
184
218
41
182
187
164
188
266
308
195
235
278
196
220
223
240
259
227
70
119
184
197
206
164
335
247
192
257
168
233
52
239
209
258
160
205
266
195
232
246
296
265
471
116
210
171
267
52
304
197
218
55
158
451
207
51
231
173
305
306
177
181
218
191
337
212
372
222
385
294
45
227
250
231
292
221
278
27
304
232
195
348
196
231
193
220
265
246
228
212
401
161
169
133
271
262
259
197
157
314
197
245
202
274
289
182
347
220
311
308
184
202
337
213
178
246
248
137
248
250
178
499
210
309
183
186
264
283
246
278
262
314
135
119
114
281
163
182
180
66
147
222
265
195
241
276
156
180
209
333
219
181
294
169
155
297
213
217
198
186
198
188
166
258
196
150
481
323
232
117
204
197
233
161
155
219
270
192
301
490
180
218
122
231
252
357
459
251
288
260
209
194
235
368
185
184
194
247
293
352
202
159
156
284
334
193
251
329
333
331
202
188
236
233
188
257
301
307
310
194
348
177
227
246
225
355
228
237
255
265
227
411
195
244
253
201
214
239
204
208
188
211
207
245
166
252
173
198
251
229
157
264
184
219
177
205
225
212
226
319
146
244
301
145
377
183
223
105
208
