28
25
23
19
20
67
36
22
11
13
18
14
11
28
52
15
17
11
11
19
23
21
35
11
11
16
25
21
24
10
11
10
12
19
35
8
23
14
17
15
14
8
9
12
9
19
14
20
11
12
12
9
18
15
19
11
27
14
14
14
12
14
13
9
14
13
29
10
14
20
11
16
15
50
22
15
10
19
10
9
17
11
14
13
13
9
9
11
9
9
10
11
19
12
10
30
18
12
9
24
13
9
25
16
11
21
16
13
14
18
9
11
14
10
18
10
7
9
12
10
10
17
13
11
16
17
11
8
12
10
11
10
22
12
35
12
8
13
13
10
16
19
9
9
19
25
7
9
11
13
8
16
14
16
11
9
14
20
10
9
9
19
13
16
14
14
10
9
11
14
11
12
9
9
9
9
8
11
10
8
9
11
8
9
8
11
8
7
13
10
13
8
11
7
8
9
12
9
11
17
10
11
11
14
8
10
9
12
10
10
11
10
10
10
10
9
10
11
9
13
13
9
8
9
10
10
7
9
9
9
10
9
9
9
13
8
7
10
9
9
12
12
8
9
12
9
9
9
12
16
11
10
10
10
10
8
10
7
11
10
9
11
8
10
9
18
9
8
10
9
12
7
8
11
9
10
10
11
10
9
10
9
11
8
9
9
9
13
9
8
8
10
9
10
10
11
9
8
11
9
12
10
11
8
9
8
8
9
8
8
10
11
9
9
9
13
9
11
12
8
8
8
10
9
8
8
9
9
11
10
11
8
9
10
9
7
9
12
10
10
9
8
12
10
9
12
10
9
11
7
8
8
9
10
11
8
9
8
9
9
8
14
8
9
10
11
11
9
8
8
9
8
9
10
9
8
8
9
9
11
13
8
10
9
8
10
11
9
8
7
9
10
8
8
8
11
12
8
8
10
10
9
8
9
8
7
9
8
14
9
8
9
8
9
9
10
8
9
9
9
8
8
9
9
8
8
9
9
9
11
10
7
8
9
10
9
9
9
14
8
11
10
9
8
7
8
10
13
9
8
10
8
16
11
10
11
10
8
26
8
8
8
8
8
9
30
12
7
8
9
8
21
8
10
8
7
9
8
37
9
20
10
9
7
8
11
9
9
8
9
12
9
8
10
14
8
8
8
7
9
8
22
9
8
45
11
9
7
9
14
9
16
29
15
43
11
13
10
45
8
10
9
13
11
20
8
21
45
9
15
15
8
8
8
20
40
38
61
66
77
76
122
70
103
129
70
94
96
76
141
74
9
9
8
8
9
9
9
134
52
143
93
38
33
100
42
55
50
119
26
96
56
81
75
23
21
26
26
30
27
20
24
115
86
23
23
25
23
51
32
29
29
23
26
224
211
185
119
113
154
152
134
99
132
161
138
122
111
108
137
138
117
102
119
121
155
85
144
96
100
114
216
135
109
175
118
221
234
117
86
92
101
223
172
190
191
201
92
88
107
97
137
150
119
109
124
146
124
112
146
123
140
198
144
146
149
87
154
168
78
101
223
103
93
111
73
72
66
87
141
109
93
87
100
88
110
106
123
163
95
151
77
137
92
123
86
140
103
141
66
88
77
125
92
87
94
111
106
106
92
104
92
103
30
91
79
84
112
72
52
24
23
31
19
35
25
49
37
16
26
27
7
16
10
10
21
23
8
30
24
11
10
11
13
16
8
9
10
9
9
10
10
8
10
8
9
13
9
10
7
11
11
11
9
12
28
19
10
11
9
8
10
10
48
28
31
28
16
8
8
9
9
11
11
12
8
18
8
9
8
16
9
24
25
14
10
22
11
9
10
16
9
16
9
9
19
38
13
10
11
9
14
9
8
31
10
22
9
11
9
8
8
11
18
8
8
9
11
8
15
10
10
10
11
9
9
9
8
9
10
8
9
12
22
9
18
37
11
23
9
13
9
8
9
28
11
27
39
44
46
10
9
10
10
11
9
22
59
72
31
26
10
28
16
16
38
40
40
20
21
10
14
10
32
21
26
26
24
31
36
61
25
29
60
31
68
41
13
26
32
9
37
17
17
27
74
17
9
20
9
8
10
32
14
13
10
9
9
23
30
35
11
25
16
32
12
37
17
36
16
24
9
10
9
9
11
10
34
9
10
14
75
11
28
12
55
20
43
21
11
27
31
31
15
23
29
15
32
10
17
10
8
11
10
20
16
9
23
15
17
34
10
20
33
32
31
10
8
10
21
10
8
10
13
10
8
14
10
12
24
12
24
9
10
10
9
8
10
15
11
13
12
15
28
11
9
9
19
19
26
