29
26
24
20
21
68
37
23
12
14
19
15
12
29
53
16
18
12
12
20
24
22
36
12
12
17
26
22
25
11
12
11
13
20
36
9
24
15
18
16
15
9
10
13
10
20
15
21
12
13
13
10
19
16
20
12
28
15
15
15
13
15
14
10
15
14
30
11
15
21
12
17
16
51
23
16
11
20
11
10
18
12
15
14
14
10
10
12
10
10
11
12
20
13
11
31
19
13
10
25
14
10
26
17
12
22
17
14
15
19
10
12
15
11
19
11
8
10
13
11
11
18
14
12
17
18
12
9
13
11
12
11
23
13
36
13
9
14
14
11
17
20
10
10
20
26
8
10
12
14
9
17
15
17
12
10
15
21
11
10
10
20
14
17
15
15
11
10
12
15
12
13
10
10
10
10
9
12
11
9
10
12
9
10
9
12
9
8
14
11
14
9
12
8
9
10
13
10
12
18
11
12
12
15
9
11
10
13
11
11
12
11
11
11
11
10
11
12
10
14
14
10
9
10
11
11
8
10
10
10
11
10
10
10
14
9
8
11
10
10
13
13
9
10
13
10
10
10
13
17
12
11
11
11
11
9
11
8
12
11
10
12
9
11
10
19
10
9
11
10
13
8
9
12
10
11
11
12
11
10
11
10
12
9
10
10
10
14
10
9
9
11
10
11
11
12
10
9
12
10
13
11
12
9
10
9
9
10
9
9
11
12
10
10
10
14
10
12
13
9
9
9
11
10
9
9
10
10
12
11
12
9
10
11
10
8
10
13
11
11
10
9
13
11
10
13
11
10
12
8
9
9
10
11
12
9
10
9
10
10
9
15
9
10
11
12
12
10
9
9
10
9
10
11
10
9
9
10
10
12
14
9
11
10
9
11
12
10
9
8
10
11
9
9
9
12
13
9
9
11
11
10
9
10
9
8
10
9
15
10
9
10
9
10
10
11
9
10
10
10
9
9
10
10
9
9
10
10
10
12
11
8
9
10
11
10
10
10
15
9
12
11
10
9
8
9
11
14
10
9
11
9
17
12
11
12
11
9
27
9
9
9
9
9
10
31
13
8
9
10
9
22
9
11
9
8
10
9
38
10
21
11
10
8
9
12
10
10
9
10
13
10
9
11
15
9
9
9
8
10
9
23
10
9
46
12
10
8
10
15
10
17
30
16
44
12
14
11
46
9
11
10
14
12
21
9
22
46
10
16
16
9
9
9
21
41
39
62
67
78
77
123
71
104
130
71
95
97
77
142
75
10
10
9
9
10
10
10
135
53
144
94
39
34
101
43
56
51
120
27
97
57
82
76
24
22
27
27
31
28
21
25
116
87
24
24
26
24
52
33
30
30
24
27
225
212
186
120
114
155
153
135
100
133
162
139
123
112
109
138
139
118
103
120
122
156
86
145
97
101
115
217
136
110
176
119
222
235
118
87
93
102
224
173
191
192
202
93
89
108
98
138
151
120
110
125
147
125
113
147
124
141
199
145
147
150
88
155
169
79
102
224
104
94
112
74
73
67
88
142
110
94
88
101
89
111
107
124
164
96
152
78
138
93
124
87
141
104
142
67
89
78
126
93
88
95
112
107
107
93
105
93
104
31
92
80
85
113
73
53
25
24
32
20
36
26
50
38
17
27
28
8
17
11
11
22
24
9
31
25
12
11
12
14
17
9
10
11
10
10
11
11
9
11
9
10
14
10
11
8
12
12
12
10
13
29
20
11
12
10
9
11
11
49
29
32
29
17
9
9
10
10
12
12
13
9
19
9
10
9
17
10
25
26
15
11
23
12
10
11
17
10
17
10
10
20
39
14
11
12
10
15
10
9
32
11
23
10
12
10
9
9
12
19
9
9
10
12
9
16
11
11
11
12
10
10
10
9
10
11
9
10
13
23
10
19
38
12
24
10
14
10
9
10
29
12
28
40
45
47
11
10
11
11
12
10
23
60
73
32
27
11
29
17
17
39
41
41
21
22
11
15
11
33
22
27
27
25
32
37
62
26
30
61
32
69
42
14
27
33
10
38
18
18
28
75
18
10
21
10
9
11
33
15
14
11
10
10
24
31
36
12
26
17
33
13
38
18
37
17
25
10
11
10
10
12
11
35
10
11
15
76
12
29
13
56
21
44
22
12
28
32
32
16
24
30
16
33
11
18
11
9
12
11
21
17
10
24
16
18
35
11
21
34
33
32
11
9
11
22
11
9
11
14
11
9
15
11
13
25
13
25
10
11
11
10
9
11
16
12
14
13
16
29
12
10
10
20
20
27
