30
24
18
21
17
12
20
13
13
10
27
14
22
16
26
11
12
16
14
20
13
23
11
13
10
18
13
18
26
18
15
17
13
30
42
28
10
14
12
28
32
8
17
13
23
8
33
39
10
32
100
60
144
11
151
63
25
25
62
18
33
85
56
15
101
115
14
26
30
66
55
27
85
96
108
32
42
11
14
20
17
65
73
100
86
23
90
71
68
57
30
106
63
73
78
77
186
20
66
167
47
60
24
147
25
46
25
67
391
80
204
45
98
55
47
121
53
21
53
71
71
38
155
104
38
37
124
136
31
119
202
40
126
53
350
74
59
14
50
65
53
112
61
182
192
51
18
103
21
134
19
96
230
60
150
208
109
49
179
81
61
137
40
22
72
26
145
52
266
227
60
215
38
111
160
69
10
330
120
23
102
56
266
141
64
435
290
23
25
145
19
72
90
39
117
499
46
17
9
9
43
44
204
62
131
196
198
49
39
21
112
123
13
120
108
121
156
28
161
107
97
81
93
75
10
104
28
11
108
11
20
9
101
16
42
62
135
80
84
181
39
66
133
136
125
165
252
60
131
19
131
149
102
26
172
27
43
132
53
185
56
183
214
243
68
12
110
31
107
49
191
80
56
33
43
14
51
38
77
274
137
250
58
16
295
178
121
16
190
150
135
78
172
10
111
66
101
117
27
25
73
233
135
187
117
21
161
193
34
126
8
10
78
113
20
43
30
35
40
98
75
74
34
19
219
63
230
40
40
147
237
154
39
103
286
233
196
17
124
108
113
69
107
20
34
21
86
42
93
31
69
137
116
74
32
96
75
122
91
35
83
148
167
45
150
75
33
53
58
63
123
152
97
104
240
53
113
38
63
108
57
58
77
74
72
134
120
114
161
134
12
19
49
96
28
138
113
225
135
111
125
145
153
35
114
115
94
97
29
35
106
107
97
74
97
178
14
119
103
183
209
101
45
84
78
111
84
160
109
160
29
215
36
97
216
119
81
103
21
113
267
25
152
149
141
125
151
48
62
216
10
13
230
80
173
11
176
114
134
174
61
178
132
120
128
180
24
43
65
183
333
64
154
43
94
35
46
187
62
132
112
108
32
102
119
145
244
127
139
12
200
61
64
15
46
121
123
93
73
211
216
139
117
114
151
27
119
120
110
100
102
32
123
135
72
203
192
249
429
302
120
146
106
111
99
115
41
34
15
43
118
112
113
105
78
136
180
130
106
161
98
19
40
139
20
113
115
102
18
106
110
75
94
19
97
104
42
97
114
164
108
105
116
118
101
80
113
116
98
100
98
69
23
13
29
54
152
99
99
105
11
67
102
107
103
75
103
140
97
66
110
103
106
35
142
149
103
161
100
116
101
114
135
125
12
79
85
10
125
42
51
141
114
129
166
154
62
149
170
150
176
104
137
130
90
31
20
38
205
131
38
112
131
119
104
35
181
39
111
246
47
121
18
131
134
120
134
97
116
53
38
199
134
82
195
139
140
38
158
108
83
153
126
92
110
121
138
96
62
132
98
146
101
50
11
110
172
37
14
98
155
100
170
105
16
126
193
111
137
107
101
113
110
117
146
119
87
123
116
95
113
126
164
138
165
120
100
119
133
127
109
112
109
102
110
113
131
116
119
35
124
107
118
96
125
87
98
141
28
112
87
106
100
110
90
59
81
102
94
71
29
73
71
81
173
179
216
148
203
32
95
109
141
16
15
74
45
49
134
176
160
142
122
102
125
87
106
230
209
194
206
167
147
134
121
147
159
133
112
168
117
126
172
123
157
39
162
70
85
155
161
238
209
272
122
154
105
134
66
38
18
119
132
25
88
122
114
141
84
139
54
156
132
33
32
33
22
65
145
18
25
18
137
39
43
138
224
69
32
133
116
169
342
414
11
101
99
110
99
129
125
29
148
149
105
35
94
99
55
134
126
169
109
126
130
127
129
103
113
111
115
117
103
105
40
89
86
128
80
22
123
105
94
99
113
119
112
120
120
115
101
116
86
128
113
126
128
113
116
120
128
132
68
96
90
111
20
11
17
75
103
128
97
95
104
112
20
38
120
141
138
106
144
13
137
137
157
137
36
136
59
137
116
124
137
126
11
10
142
133
135
128
137
137
31
35
86
77
128
136
135
163
146
149
104
9
8
9
247
351
499
214
135
95
90
98
86
102
19
26
125
134
97
499
179
156
182
170
177
133
117
55
130
70
21
200
52
293
499
332
81
65
407
85
166
121
101
155
183
140
240
161
214
123
154
134
135
209
106
98
