37
16
25
27
29
14
12
33
13
20
18
25
38
12
24
25
34
16
18
12
10
21
19
23
18
19
20
12
20
27
23
16
20
12
26
49
12
16
18
14
19
24
19
10
12
13
15
15
30
27
19
11
18
42
21
13
20
15
15
17
14
14
13
9
10
12
13
18
12
13
10
13
25
32
17
42
51
49
16
59
30
29
26
38
43
46
44
54
55
24
50
38
27
20
50
19
37
31
46
19
131
41
63
77
26
48
50
21
43
62
18
26
48
33
57
41
88
32
21
38
74
43
58
64
122
191
45
29
64
58
68
164
109
38
75
47
89
106
70
107
74
79
39
52
119
86
243
137
140
328
95
140
103
130
129
241
78
77
149
196
35
199
54
106
235
178
127
122
182
114
451
237
249
166
317
368
152
224
196
81
175
201
180
432
372
40
208
248
363
281
474
18
37
30
479
224
171
500
403
152
359
58
299
327
500
306
159
342
407
42
396
298
29
263
290
306
208
42
258
150
404
486
349
364
127
355
140
350
273
341
206
500
308
295
186
305
227
352
286
333
82
493
347
293
371
191
348
377
130
213
68
347
399
338
299
290
93
277
248
418
385
353
404
366
413
317
358
394
373
317
486
308
365
328
35
276
125
409
241
75
295
236
204
500
77
328
345
376
156
49
369
264
239
122
408
74
90
306
254
307
284
384
334
240
378
317
313
316
470
321
386
224
400
234
343
282
287
298
500
280
272
500
23
107
291
328
460
225
500
296
275
124
346
387
280
80
278
334
360
333
302
325
342
257
260
500
435
285
25
340
475
378
283
301
220
245
310
212
337
500
500
478
238
258
257
451
287
358
475
334
257
408
234
297
199
400
248
341
386
337
292
338
444
367
242
257
447
500
431
258
351
331
283
346
383
305
370
327
334
30
315
321
376
282
332
348
228
295
288
298
286
313
368
282
334
449
369
402
256
381
325
257
287
377
256
277
313
471
264
355
266
343
352
491
460
329
327
180
452
422
34
460
361
290
215
353
298
344
433
362
324
354
453
432
367
333
431
295
360
432
394
237
340
275
286
500
500
500
308
268
239
346
344
487
235
363
359
485
325
285
354
403
381
287
337
316
244
345
327
250
318
245
367
262
402
278
243
195
222
338
286
156
311
429
274
322
317
299
103
227
237
345
316
246
219
237
452
259
247
258
283
319
273
240
374
397
265
500
260
300
273
272
241
500
124
253
267
460
338
266
351
280
152
251
230
215
196
272
241
140
298
347
416
500
335
255
331
325
206
378
210
500
256
334
337
438
281
166
299
282
367
328
366
300
324
314
216
327
435
288
216
156
232
257
295
344
266
159
228
382
188
332
269
206
235
355
294
271
296
309
292
243
232
234
290
264
112
215
458
244
296
316
307
176
423
232
271
500
329
422
180
210
247
332
190
244
242
145
302
205
170
190
233
148
159
251
167
240
262
305
285
442
213
386
193
236
171
202
196
345
111
412
500
248
500
323
63
50
30
271
166
263
238
354
343
282
430
348
192
500
291
409
214
12
211
275
203
269
210
424
313
474
236
177
224
338
368
205
170
328
234
172
287
500
218
239
221
101
325
224
172
173
207
231
223
54
187
211
340
175
150
234
257
364
313
169
251
210
153
194
287
166
196
214
21
171
500
153
201
163
218
175
500
160
167
228
211
283
365
283
205
142
311
201
192
427
165
500
111
203
368
165
301
160
229
160
249
43
249
233
170
231
316
153
127
260
176
205
150
174
160
229
256
159
156
181
149
187
151
215
165
217
116
224
250
162
387
143
176
303
178
164
277
200
161
188
263
276
320
125
279
218
215
242
241
120
238
259
159
182
296
354
288
197
186
181
388
158
169
249
281
216
261
241
294
134
118
229
209
171
389
172
87
270
188
241
200
188
188
262
466
169
224
222
243
145
149
175
496
215
202
311
290
369
273
500
323
311
179
369
255
364
146
224
204
441
414
205
342
168
147
164
393
116
232
251
130
217
336
156
169
236
142
145
207
139
210
186
219
215
175
323
154
195
158
138
152
155
171
229
166
142
243
258
152
256
179
500
256
263
195
208
239
188
166
148
134
332
177
188
306
184
240
134
209
314
178
369
221
158
106
210
232
190
278
212
228
136
383
373
347
132
175
250
182
157
329
241
214
458
210
234
146
173
330
371
454
171
179
171
251
219
187
267
240
278
201
177
373
245
165
170
189
215
263
145
181
201
176
341
147
194
283
252
289
36
240
172
138
100
269
54
139
158
152
193
176
265
202
145
