26
14
27
12
13
18
31
18
11
17
24
19
12
19
13
29
22
8
18
12
15
29
10
9
21
11
19
18
17
15
11
8
13
18
13
15
10
12
11
15
11
20
13
42
18
9
19
11
14
13
17
8
35
49
11
12
13
31
16
8
30
36
31
21
15
14
13
33
33
21
16
19
12
23
14
27
12
18
21
10
17
12
20
16
19
23
22
28
21
19
26
33
33
36
40
32
13
10
18
31
43
27
21
25
28
30
39
14
33
120
57
67
59
41
34
27
32
74
47
30
31
17
20
29
87
12
71
30
52
17
17
39
106
19
66
99
109
105
61
33
60
96
19
51
62
147
69
21
40
377
40
65
179
22
36
20
10
11
14
20
54
15
35
82
43
66
159
87
141
133
77
41
15
14
14
111
208
38
97
200
43
31
77
9
158
87
87
79
60
176
110
83
102
42
32
38
179
300
64
205
85
94
189
56
38
87
230
361
250
126
19
55
263
170
102
94
129
61
247
29
203
120
118
16
109
10
12
11
36
165
133
8
19
247
184
117
180
304
499
165
106
94
87
89
265
147
8
26
25
285
216
166
163
242
190
111
95
279
47
17
206
10
253
188
287
227
499
72
301
259
188
207
157
142
46
217
34
13
26
264
139
162
128
182
157
146
152
193
287
413
234
209
150
211
167
168
230
171
143
210
295
167
156
110
194
192
171
13
92
157
233
283
27
10
33
28
19
25
38
68
256
253
173
178
123
165
19
176
154
235
218
192
136
141
151
158
177
175
159
140
9
28
172
179
208
172
139
128
114
132
139
148
136
147
175
499
8
24
10
23
11
277
67
11
288
125
27
32
84
140
107
94
117
98
105
96
137
153
193
178
273
133
122
121
130
117
122
176
146
126
123
166
136
140
158
155
183
183
160
167
17
144
151
162
149
160
217
196
21
232
207
206
318
164
176
238
152
151
158
178
181
191
202
174
172
191
272
144
165
180
174
123
124
152
151
192
186
175
123
182
315
283
253
259
240
246
54
217
257
333
303
286
318
190
191
212
387
11
8
8
8
8
24
15
36
49
221
217
219
222
244
223
173
203
251
289
264
253
314
343
499
300
374
284
499
265
128
113
105
110
99
113
110
12
12
106
130
128
10
8
13
162
135
18
12
10
17
121
162
144
121
124
105
97
101
114
100
99
96
85
94
141
146
128
110
114
126
100
114
125
131
127
165
207
393
164
160
156
136
137
176
165
172
135
150
143
14
117
134
133
145
134
153
140
135
160
79
168
111
111
11
13
15
18
55
232
131
114
116
101
106
96
95
97
96
112
160
109
111
104
104
100
115
112
108
107
118
148
165
160
279
43
225
147
173
186
174
338
298
499
275
356
459
226
308
251
374
295
232
9
19
10
24
36
341
175
129
136
123
118
115
109
103
104
103
99
108
104
102
106
101
103
107
103
17
112
114
110
106
93
108
92
90
83
25
17
18
18
90
108
110
109
114
109
99
107
103
103
101
96
14
95
101
98
101
99
103
97
96
96
97
97
108
96
100
100
96
94
77
84
106
113
108
95
116
128
146
140
113
112
99
14
113
147
120
128
113
106
108
97
103
102
101
108
102
96
96
99
96
112
128
112
104
96
14
13
17
13
10
9
11
14
15
16
126
123
105
99
94
96
99
101
114
109
117
144
147
217
227
274
303
380
373
175
134
61
15
154
114
97
92
96
101
98
93
91
98
90
37
90
133
177
302
440
320
240
269
105
101
100
115
291
23
219
414
499
499
154
108
105
101
109
104
97
96
102
95
101
96
102
100
101
105
104
96
93
103
101
99
99
109
105
112
115
119
111
110
115
106
114
113
115
108
106
109
108
106
104
103
100
98
93
95
98
99
86
93
93
94
89
89
84
92
82
86
90
82
86
83
85
84
78
86
77
90
72
93
86
93
91
91
82
93
88
88
95
90
90
85
83
87
85
84
88
86
77
86
95
36
12
13
9
9
9
10
11
9
9
12
9
10
10
11
12
13
11
14
10
13
11
11
14
13
14
12
12
14
15
13
15
14
16
20
15
90
99
111
112
109
118
118
153
353
367
499
393
287
126
135
134
146
154
163
153
191
220
294
196
137
130
82
211
210
283
172
289
267
278
448
295
390
499
499
391
401
179
28
43
258
219
215
167
170
192
244
321
23
240
233
164
163
184
175
186
187
181
151
165
127
145
146
155
148
131
138
125
115
93
115
114
119
103
102
101
13
16
12
13
12
13
13
13
12
12
13
13
16
15
15
15
