32
13
11
10
11
18
18
25
15
36
28
23
17
24
11
17
14
10
18
32
26
33
17
23
27
12
9
18
14
16
14
42
17
14
18
16
20
35
14
13
25
21
21
10
14
11
101
46
11
12
22
21
17
11
14
25
16
8
15
41
29
23
46
11
35
40
77
16
29
24
17
44
22
41
31
11
76
18
73
26
14
32
20
37
22
46
17
20
61
16
38
48
35
13
20
20
20
15
22
19
23
51
26
53
11
22
56
107
12
16
124
102
24
34
36
25
28
20
25
22
23
13
26
17
13
17
24
29
28
23
22
35
33
62
19
46
14
33
49
41
36
25
34
58
52
128
65
131
118
96
96
150
142
139
206
102
167
182
16
20
45
192
22
164
70
50
22
21
34
21
175
181
72
57
16
97
132
139
84
262
139
141
182
94
18
13
161
156
15
145
414
11
209
137
253
73
234
53
72
69
64
12
261
13
284
139
57
151
139
103
146
106
20
8
18
206
26
8
12
151
85
127
111
148
181
103
85
134
142
30
16
225
71
197
160
151
165
213
28
193
192
80
71
249
12
30
222
146
141
16
284
268
265
35
75
148
179
172
222
207
188
201
47
107
488
151
168
125
127
125
132
121
15
12
11
137
240
118
213
177
163
170
143
203
191
15
169
161
203
188
315
237
204
351
277
176
287
25
115
157
150
134
18
20
167
141
184
174
144
160
262
175
10
33
168
54
282
271
304
269
196
166
269
249
499
113
125
115
135
176
132
159
58
226
314
301
11
223
253
352
470
245
190
251
225
167
126
123
127
140
12
158
168
161
161
159
141
163
157
160
304
31
31
13
93
31
241
218
201
234
317
409
10
11
11
150
265
221
499
198
243
297
274
345
86
499
363
270
282
242
8
177
499
103
19
390
316
228
186
173
11
207
164
212
183
148
174
168
248
63
184
224
297
318
247
103
32
499
241
492
214
191
229
239
214
215
197
167
141
10
50
170
257
332
116
49
221
252
206
197
63
219
205
215
183
296
235
33
145
97
150
235
248
200
184
211
231
415
209
258
258
191
174
171
20
11
147
146
122
97
128
96
116
130
130
113
145
122
124
97
151
134
108
114
117
120
111
13
106
110
108
9
118
176
213
198
208
181
315
206
197
328
157
201
263
233
225
209
161
167
13
154
162
177
249
294
243
220
200
251
169
184
142
146
135
135
145
13
9
164
191
223
334
194
178
234
182
68
37
12
14
145
157
253
184
156
177
158
166
168
132
134
129
115
111
108
105
138
131
146
137
164
152
120
126
171
199
256
232
218
236
198
177
165
167
174
11
192
167
167
177
166
171
499
401
151
142
141
146
145
13
107
345
24
51
166
201
148
169
343
177
161
154
182
232
176
215
226
190
146
130
120
120
61
216
307
238
213
295
289
165
143
137
152
127
132
16
153
334
27
24
10
241
156
135
136
129
121
77
152
167
174
172
143
152
133
154
137
140
130
122
140
128
129
121
12
28
24
156
196
221
217
151
201
188
139
123
162
140
124
119
121
116
105
101
110
114
103
96
92
101
108
140
112
119
23
23
358
347
115
103
121
113
101
103
157
135
146
140
143
175
157
144
135
138
153
134
142
149
143
208
208
301
243
150
281
248
304
414
499
30
31
10
24
33
36
187
184
202
168
150
14
137
140
141
133
141
148
132
132
132
120
117
156
171
160
129
139
136
127
96
88
189
234
375
133
112
109
115
115
107
107
105
96
106
95
87
124
104
96
104
100
96
89
95
98
93
99
91
93
99
95
100
89
101
105
105
10
274
311
470
29
362
204
197
195
212
238
228
212
169
206
337
313
392
205
373
10
10
130
330
249
251
199
184
173
169
301
187
273
264
168
239
324
340
35
11
34
173
126
115
113
110
97
104
100
96
96
94
93
84
103
107
78
99
102
149
282
152
145
68
56
270
499
195
115
83
114
110
106
94
98
92
24
103
135
116
116
108
102
105
101
103
103
89
102
83
107
102
98
96
95
87
90
93
95
93
92
97
89
89
30
86
82
93
104
113
113
91
108
132
128
126
121
118
135
147
279
209
143
109
141
142
143
146
169
274
10
10
310
499
190
304
499
337
277
229
270
330
25
27
195
205
197
217
178
160
191
186
487
455
491
207
148
170
136
132
115
11
31
51
11
42
31
134
137
117
116
109
113
102
100
96
106
102
94
80
127
88
14
16
16
17
14
13
11
13
12
11
13
13
11
12
12
15
13
12
15
14
14
13
15
13
12
14
12
14
12
11
14
