27
15
28
13
14
19
32
19
12
18
25
20
13
20
14
30
23
9
19
13
16
30
11
10
22
12
20
19
18
16
12
9
14
19
14
16
11
13
12
16
12
21
14
43
19
10
20
12
15
14
18
9
36
50
12
13
14
32
17
9
31
37
32
22
16
15
14
34
34
22
17
20
13
24
15
28
13
19
22
11
18
13
21
17
20
24
23
29
22
20
27
34
34
37
41
33
14
11
19
32
44
28
22
26
29
31
40
15
34
121
58
68
60
42
35
28
33
75
48
31
32
18
21
30
88
13
72
31
53
18
18
40
107
20
67
100
110
106
62
34
61
97
20
52
63
148
70
22
41
378
41
66
180
23
37
21
11
12
15
21
55
16
36
83
44
67
160
88
142
134
78
42
16
15
15
112
209
39
98
201
44
32
78
10
159
88
88
80
61
177
111
84
103
43
33
39
180
301
65
206
86
95
190
57
39
88
231
362
251
127
20
56
264
171
103
95
130
62
248
30
204
121
119
17
110
11
13
12
37
166
134
9
20
248
185
118
181
305
500
166
107
95
88
90
266
148
9
27
26
286
217
167
164
243
191
112
96
280
48
18
207
11
254
189
288
228
500
73
302
260
189
208
158
143
47
218
35
14
27
265
140
163
129
183
158
147
153
194
288
414
235
210
151
212
168
169
231
172
144
211
296
168
157
111
195
193
172
14
93
158
234
284
28
11
34
29
20
26
39
69
257
254
174
179
124
166
20
177
155
236
219
193
137
142
152
159
178
176
160
141
10
29
173
180
209
173
140
129
115
133
140
149
137
148
176
500
9
25
11
24
12
278
68
12
289
126
28
33
85
141
108
95
118
99
106
97
138
154
194
179
274
134
123
122
131
118
123
177
147
127
124
167
137
141
159
156
184
184
161
168
18
145
152
163
150
161
218
197
22
233
208
207
319
165
177
239
153
152
159
179
182
192
203
175
173
192
273
145
166
181
175
124
125
153
152
193
187
176
124
183
316
284
254
260
241
247
55
218
258
334
304
287
319
191
192
213
388
12
9
9
9
9
25
16
37
50
222
218
220
223
245
224
174
204
252
290
265
254
315
344
500
301
375
285
500
266
129
114
106
111
100
114
111
13
13
107
131
129
11
9
14
163
136
19
13
11
18
122
163
145
122
125
106
98
102
115
101
100
97
86
95
142
147
129
111
115
127
101
115
126
132
128
166
208
394
165
161
157
137
138
177
166
173
136
151
144
15
118
135
134
146
135
154
141
136
161
80
169
112
112
12
14
16
19
56
233
132
115
117
102
107
97
96
98
97
113
161
110
112
105
105
101
116
113
109
108
119
149
166
161
280
44
226
148
174
187
175
339
299
500
276
357
460
227
309
252
375
296
233
10
20
11
25
37
342
176
130
137
124
119
116
110
104
105
104
100
109
105
103
107
102
104
108
104
18
113
115
111
107
94
109
93
91
84
26
18
19
19
91
109
111
110
115
110
100
108
104
104
102
97
15
96
102
99
102
100
104
98
97
97
98
98
109
97
101
101
97
95
78
85
107
114
109
96
117
129
147
141
114
113
100
15
114
148
121
129
114
107
109
98
104
103
102
109
103
97
97
100
97
113
129
113
105
97
15
14
18
14
11
10
12
15
16
17
127
124
106
100
95
97
100
102
115
110
118
145
148
218
228
275
304
381
374
176
135
62
16
155
115
98
93
97
102
99
94
92
99
91
38
91
134
178
303
441
321
241
270
106
102
101
116
292
24
220
415
500
500
155
109
106
102
110
105
98
97
103
96
102
97
103
101
102
106
105
97
94
104
102
100
100
110
106
113
116
120
112
111
116
107
115
114
116
109
107
110
109
107
105
104
101
99
94
96
99
100
87
94
94
95
90
90
85
93
83
87
91
83
87
84
86
85
79
87
78
91
73
94
87
94
92
92
83
94
89
89
96
91
91
86
84
88
86
85
89
87
78
87
96
37
13
14
10
10
10
11
12
10
10
13
10
11
11
12
13
14
12
15
11
14
12
12
15
14
15
13
13
15
16
14
16
15
17
21
16
91
100
112
113
110
119
119
154
354
368
500
394
288
127
136
135
147
155
164
154
192
221
295
197
138
131
83
212
211
284
173
290
268
279
449
296
391
500
500
392
402
180
29
44
259
220
216
168
171
193
245
322
24
241
234
165
164
185
176
187
188
182
152
166
128
146
147
156
149
132
139
126
116
94
116
115
120
104
103
102
14
17
13
14
13
14
14
14
13
13
14
14
17
16
16
16
