29
23
19
40
20
14
80
22
19
23
8
18
12
12
22
32
15
23
13
13
18
25
10
22
22
12
16
12
36
14
19
11
41
20
17
25
13
21
10
15
11
31
51
43
24
22
16
18
10
10
19
22
12
12
39
13
11
10
14
27
19
12
23
24
21
14
9
108
14
119
21
21
35
32
19
13
23
35
19
40
13
58
93
10
41
46
36
27
13
46
38
34
149
11
60
71
13
92
34
39
36
28
27
16
14
80
28
61
42
61
56
34
27
18
71
123
38
66
65
24
19
162
83
185
107
20
53
113
74
40
143
25
499
61
10
12
9
22
11
17
99
220
116
35
385
21
41
80
21
18
86
499
27
95
34
145
175
74
171
14
447
51
36
15
78
29
363
43
277
52
32
114
13
13
79
134
254
113
86
63
127
404
17
11
140
41
136
203
202
187
281
499
156
147
8
16
13
28
58
236
237
205
253
70
137
16
76
162
104
155
228
13
191
167
282
88
64
105
203
174
437
207
187
38
184
149
236
485
15
443
38
8
233
82
46
74
147
161
295
162
142
110
55
235
219
124
22
184
499
16
175
54
237
191
134
209
72
206
286
236
10
9
10
330
38
20
499
391
212
33
247
499
159
26
14
10
43
499
499
335
109
257
117
111
133
189
184
184
180
164
236
225
197
178
155
199
193
194
230
169
144
144
129
171
217
243
30
63
61
167
499
168
57
11
9
9
499
342
113
476
366
161
11
12
253
173
15
143
239
304
240
204
40
357
136
151
142
17
173
180
184
214
154
202
192
188
276
166
146
123
102
81
117
172
204
352
138
10
187
89
177
12
12
229
268
381
499
233
137
128
137
139
161
174
177
15
158
148
166
214
240
11
321
186
452
499
354
499
12
41
42
165
227
499
499
499
499
111
169
165
176
129
126
131
10
9
11
191
499
98
499
163
31
23
85
499
214
175
499
148
138
125
151
135
134
103
24
12
11
12
10
12
10
11
13
13
13
12
15
16
20
16
15
20
19
20
17
19
19
16
21
68
178
156
136
125
147
133
130
122
118
110
108
113
114
113
117
116
124
121
137
134
134
103
99
101
30
96
9
103
112
59
88
113
139
129
131
137
135
136
130
127
112
113
111
113
115
97
104
93
104
125
125
113
121
120
125
126
141
139
157
157
156
149
143
136
123
132
122
12
118
12
146
181
190
183
173
172
160
159
148
164
175
154
10
172
179
182
165
383
186
134
181
198
166
11
131
50
83
300
188
161
155
156
153
12
194
193
50
98
33
87
244
144
143
116
114
110
108
118
108
113
112
123
119
117
116
116
111
108
11
108
116
112
99
98
101
98
95
96
97
92
96
11
92
92
92
96
25
97
107
105
122
499
169
231
499
399
311
185
300
164
150
499
499
168
138
142
121
159
499
499
499
499
499
499
149
101
107
122
120
109
24
10
8
11
12
34
72
76
98
499
499
499
81
96
118
129
123
124
129
113
113
108
105
102
98
99
23
22
22
25
22
20
98
111
153
173
284
23
11
434
139
161
133
137
145
139
124
134
156
208
181
211
242
295
194
124
156
198
181
279
241
402
363
124
116
19
11
9
36
13
9
9
39
39
69
499
499
499
499
499
135
120
115
102
116
121
128
137
136
135
158
179
159
180
386
162
136
227
169
122
133
237
203
170
135
188
58
43
289
499
218
11
270
278
499
381
356
300
499
499
499
10
499
165
499
499
181
184
282
140
133
122
108
118
121
155
155
127
121
120
113
101
102
107
106
108
105
105
95
97
24
15
105
120
132
145
126
128
131
113
127
111
108
120
11
119
103
122
115
119
117
108
108
96
74
57
36
39
64
70
85
114
117
122
15
216
134
232
199
132
139
180
154
140
110
148
122
85
98
124
135
132
177
162
98
104
159
189
158
466
142
125
161
136
108
122
100
109
113
162
295
206
320
121
147
137
115
120
108
121
123
149
139
149
167
201
248
219
189
219
99
101
22
9
110
259
224
278
499
123
116
120
127
113
22
22
19
19
19
16
14
17
16
14
19
15
14
18
13
16
11
14
12
13
15
16
12
14
13
17
14
12
17
19
13
16
14
17
12
14
16
14
13
14
15
15
16
17
14
16
17
19
18
16
17
17
14
20
22
14
19
25
21
21
56
9
155
145
192
295
142
434
156
166
233
401
239
499
499
136
169
151
165
135
136
250
367
285
228
238
147
165
192
228
135
126
57
113
12
11
151
151
257
126
178
121
133
121
143
145
118
154
137
235
140
133
167
233
