25
11
19
15
30
39
13
19
11
23
12
21
14
11
11
22
22
28
33
19
14
46
28
13
14
21
18
10
17
33
19
14
17
13
17
23
12
10
19
14
12
15
17
15
13
13
17
14
17
26
22
14
13
20
23
30
20
12
10
17
12
9
17
12
9
9
13
15
14
13
28
20
29
8
15
25
38
11
11
9
8
13
18
22
8
18
15
17
15
15
13
12
14
20
10
12
13
14
9
14
9
9
8
19
10
23
21
11
9
8
20
9
11
8
11
8
10
10
12
28
13
8
9
11
11
9
9
14
9
9
15
15
10
9
7
13
13
12
11
8
9
10
10
10
8
9
10
16
11
14
12
8
12
15
9
8
12
11
9
12
19
11
10
9
8
12
19
9
8
13
11
16
12
12
8
12
12
11
9
18
12
10
14
13
9
9
15
15
13
26
22
10
44
9
29
19
10
23
16
9
21
8
13
14
11
10
9
12
10
9
15
11
10
12
12
11
11
8
8
10
9
7
9
11
9
9
11
11
8
11
13
8
8
9
9
9
8
24
8
34
10
13
9
10
8
9
10
21
9
27
9
25
9
11
17
21
9
10
18
8
30
10
10
9
7
25
9
11
10
10
11
20
14
10
57
66
51
71
50
10
40
55
59
25
73
9
47
48
9
51
60
61
39
68
57
75
62
68
10
65
52
10
57
54
18
60
20
14
17
27
30
12
43
53
11
10
15
56
51
8
15
53
62
55
60
56
49
11
13
22
51
58
66
69
10
70
14
72
9
72
10
49
24
81
59
62
16
18
65
51
37
11
23
16
60
54
18
10
46
71
19
24
56
46
78
8
20
58
20
22
105
48
154
92
92
102
70
46
51
89
10
49
85
35
44
32
46
11
52
82
13
39
36
43
37
75
82
88
38
42
57
9
9
11
11
8
10
10
13
9
10
16
12
9
11
8
11
11
8
8
9
9
9
7
9
9
9
11
9
11
10
8
9
11
9
9
9
8
9
10
10
9
11
8
9
7
8
10
9
11
9
10
9
8
8
8
9
9
9
9
7
9
8
7
7
10
8
8
9
9
7
9
10
9
11
8
11
7
9
10
9
9
8
11
8
9
8
9
8
9
9
8
10
9
10
7
9
9
9
7
8
9
9
10
8
9
9
10
8
13
9
11
9
9
9
9
8
8
10
9
8
9
9
10
7
9
8
7
8
9
9
8
8
8
7
9
10
8
11
9
9
9
8
11
9
9
8
8
7
7
7
8
8
7
9
8
8
9
7
9
9
10
7
7
9
7
9
7
8
9
9
8
9
8
9
8
9
9
7
8
10
9
8
9
9
9
8
7
7
9
9
9
9
8
7
9
7
9
8
8
9
9
8
8
9
7
8
10
10
8
9
8
9
8
9
7
8
10
7
9
9
9
9
8
10
8
8
8
8
8
11
9
8
9
9
10
8
7
9
8
8
8
8
9
8
8
9
9
9
7
9
9
7
9
10
11
8
9
8
9
8
8
11
9
8
8
9
8
9
9
10
9
8
8
9
8
8
8
7
8
9
8
9
9
8
7
8
11
9
9
9
9
9
8
9
8
10
7
8
9
9
7
9
7
8
8
8
10
9
8
8
9
7
8
8
9
9
9
9
9
9
7
10
9
8
8
8
10
8
9
9
8
9
9
9
10
8
9
9
9
8
9
7
10
9
8
8
9
8
9
9
9
8
9
8
8
9
9
9
7
8
7
9
11
9
8
7
7
8
8
7
8
9
9
9
9
9
8
9
10
9
8
8
8
8
10
8
8
8
8
9
9
9
7
8
8
8
8
7
7
9
8
8
8
7
9
7
9
9
9
7
8
8
9
9
9
9
7
8
8
9
9
8
10
8
7
9
9
9
11
8
9
9
9
9
9
8
9
9
9
9
9
8
10
9
7
7
9
8
9
8
9
8
7
9
9
8
9
8
8
9
8
9
9
8
8
9
9
8
7
8
8
9
8
8
11
9
9
7
9
7
10
8
9
8
9
9
9
8
7
10
8
8
8
7
8
9
11
7
8
9
8
8
9
10
8
9
7
8
9
7
8
9
8
9
9
7
8
9
9
9
10
9
9
8
9
7
8
9
8
8
8
8
7
8
7
8
11
8
9
8
8
9
8
8
8
8
7
8
9
9
7
9
8
9
8
8
8
9
8
7
8
8
9
8
9
9
9
9
9
8
8
9
7
9
9
8
9
8
8
9
7
8
8
8
9
9
8
9
9
8
8
9
8
9
9
9
7
8
9
