24
15
13
21
22
31
19
34
62
15
23
29
18
9
25
12
30
12
15
11
19
18
17
19
21
18
13
10
14
18
11
10
22
15
11
17
13
19
13
17
10
10
21
10
21
14
11
13
16
36
17
19
20
13
33
12
17
13
17
11
18
11
11
20
15
8
18
17
30
22
14
18
16
15
14
96
26
22
23
25
19
43
26
10
22
29
30
11
22
25
31
22
12
13
17
23
47
9
9
7
17
43
30
37
29
46
42
21
33
33
44
25
28
59
39
29
50
55
41
73
31
59
16
15
36
44
21
56
106
37
68
37
44
44
67
80
87
98
32
111
132
83
56
23
23
39
98
84
46
120
164
122
98
103
192
40
11
163
23
223
50
56
147
102
37
93
247
87
109
106
124
64
157
200
123
101
51
175
219
237
103
132
499
37
201
47
9
43
22
35
157
100
139
131
151
265
123
134
19
143
34
11
13
139
32
128
113
112
207
183
134
90
16
164
222
125
14
42
120
90
97
84
16
229
8
218
387
499
189
85
162
114
23
9
12
12
12
13
13
9
9
12
10
18
17
29
161
116
151
227
187
235
341
317
223
178
125
13
146
117
289
240
272
183
108
125
156
117
14
11
9
33
234
28
38
150
100
100
45
57
105
131
135
278
401
324
499
230
98
13
105
17
128
161
157
168
17
166
181
383
360
27
349
179
261
241
28
55
499
30
65
38
114
14
23
58
499
115
9
11
38
206
262
499
53
11
12
407
12
309
367
122
228
499
155
143
126
146
209
111
18
136
179
223
241
174
159
223
206
10
31
337
240
186
165
117
499
181
152
149
130
126
121
121
111
116
111
24
10
10
120
152
146
278
234
394
109
9
10
116
163
329
192
118
149
95
81
65
60
79
150
167
141
127
132
185
288
449
129
88
19
147
229
149
133
13
12
12
137
66
142
129
116
118
132
198
101
14
102
113
93
73
91
116
122
108
98
97
95
9
98
101
81
98
82
56
88
138
131
100
118
165
263
475
338
180
125
14
78
122
129
149
169
38
175
191
255
10
355
186
223
252
249
278
77
214
27
164
145
120
122
20
102
113
114
12
130
137
142
137
151
176
189
147
132
117
118
113
115
141
141
138
122
154
178
199
124
122
100
138
209
149
168
143
143
100
59
53
115
99
217
200
298
405
161
10
10
499
499
499
153
11
499
107
102
95
121
95
96
20
12
11
15
18
19
17
14
15
17
17
22
97
121
135
230
260
169
465
116
10
11
12
99
79
92
101
124
268
224
499
179
141
136
134
134
173
166
245
499
10
499
484
27
13
387
126
137
128
121
124
127
121
122
119
117
128
125
119
123
115
109
95
113
103
139
144
194
220
172
229
142
125
123
164
134
157
145
132
136
128
126
141
163
136
132
156
178
178
125
132
155
196
155
149
131
129
131
158
180
127
158
141
123
219
252
499
8
28
499
53
302
132
119
127
141
159
158
135
134
126
152
128
149
154
146
113
118
122
11
12
10
154
202
179
158
236
182
168
191
466
10
202
499
12
107
101
14
106
101
101
104
109
105
106
116
105
115
108
107
101
10
9
75
259
361
499
244
9
9
109
186
123
126
111
118
252
230
87
13
129
141
141
169
180
141
247
128
135
117
104
19
9
9
19
28
108
137
113
112
110
116
123
114
121
127
119
108
11
122
148
116
109
129
122
121
139
132
134
131
118
129
132
153
143
144
152
122
132
14
10
10
11
11
16
17
16
13
18
20
20
22
113
178
133
137
163
258
143
121
109
115
108
114
132
123
138
124
111
114
109
110
135
135
112
101
111
12
120
135
130
142
161
200
295
230
262
183
14
499
103
108
117
11
10
124
126
152
148
141
166
133
135
170
145
154
118
123
119
128
71
142
148
165
149
192
206
189
185
257
216
174
197
186
237
212
181
163
214
233
172
200
171
161
131
152
168
156
153
179
166
177
197
16
10
191
282
182
160
212
148
131
133
218
184
156
186
165
168
148
190
119
132
224
167
194
449
317
202
222
202
150
153
131
138
124
133
268
155
126
133
118
123
116
14
11
11
13
10
10
11
12
12
14
11
14
12
15
19
124
218
124
127
11
11
10
10
10
167
15
145
132
124
117
114
109
102
106
113
11
11
9
9
122
128
130
118
130
120
111
114
105
106
99
101
96
11
9
9
8
93
109
107
104
100
109
118
118
123
128
134
124
125
119
118
116
120
115
132
117
107
106
105
109
104
104
103
102
106
107
104
98
108
96
101
101
99
102
101
99
101
