31
23
18
29
21
22
20
12
14
14
20
21
37
27
12
40
24
12
19
14
25
10
24
10
20
32
12
13
13
18
18
37
12
16
25
22
38
17
9
15
27
17
22
24
15
13
18
19
37
15
21
15
16
15
10
16
25
21
17
17
50
62
20
24
20
18
10
33
16
42
10
20
20
53
16
16
9
12
14
17
35
38
75
23
16
15
21
13
42
32
37
23
36
35
38
20
13
52
107
23
17
75
39
23
34
29
47
44
26
24
45
50
20
14
151
32
29
34
26
24
23
24
20
22
21
17
29
33
46
28
32
47
54
23
51
49
54
52
53
22
152
35
88
17
49
46
62
42
38
30
77
23
45
17
61
34
23
86
45
132
63
37
231
91
77
115
158
140
124
86
178
20
191
87
200
56
153
58
53
21
138
107
72
231
437
345
101
218
31
17
28
62
78
155
128
90
107
90
151
270
213
197
139
199
70
42
123
14
21
193
135
295
282
310
18
15
372
170
203
124
119
163
33
500
500
433
336
240
453
297
77
253
72
299
56
346
167
256
163
68
58
11
12
42
158
165
97
195
36
22
22
142
27
180
129
100
109
109
134
136
201
198
148
133
66
89
18
160
251
168
202
241
104
196
268
399
62
19
19
21
28
21
22
18
21
23
20
25
24
28
28
33
77
164
112
145
108
129
15
154
260
184
222
195
169
336
28
191
227
191
206
212
500
100
33
388
260
500
28
18
14
450
133
285
241
500
47
317
30
63
500
281
500
500
207
159
129
500
500
169
130
246
500
112
11
172
215
178
172
181
218
273
48
18
13
215
460
40
43
10
30
69
195
180
198
500
500
500
336
13
24
500
133
125
149
182
134
155
149
158
127
119
144
147
151
106
181
12
12
23
14
17
15
16
21
164
208
500
500
11
21
30
279
350
11
486
500
85
500
60
33
12
500
130
138
132
210
500
500
116
500
157
13
251
286
179
178
189
186
173
157
149
20
13
183
255
201
240
197
168
148
122
121
127
132
140
129
116
115
120
119
132
24
15
14
162
291
389
241
233
143
174
238
376
322
500
106
12
11
56
12
204
404
21
279
500
117
500
272
78
229
275
190
236
194
120
124
133
128
193
11
11
11
13
15
12
12
12
13
12
11
11
13
12
14
15
14
15
15
17
14
20
21
14
19
108
220
176
137
146
157
119
117
493
183
127
113
96
65
90
85
86
87
105
109
128
106
96
98
113
99
86
119
111
93
102
100
90
98
90
95
119
126
131
113
121
133
98
103
130
121
123
102
130
123
143
136
110
119
108
106
115
129
122
96
100
104
103
96
87
104
116
100
16
85
122
144
148
134
121
122
124
127
129
125
139
132
135
12
254
309
253
500
280
250
241
293
160
99
141
158
155
124
115
123
130
114
150
139
122
141
60
149
185
128
123
135
119
140
130
158
126
147
126
162
150
118
20
16
13
16
15
16
157
358
188
155
132
130
117
189
500
206
275
28
47
299
143
128
133
119
121
116
111
121
118
109
117
116
106
121
112
103
111
105
113
115
111
114
126
151
8
10
13
500
124
162
116
117
103
13
13
12
11
11
12
12
10
12
12
14
11
11
17
13
16
14
16
18
15
11
13
15
10
15
11
13
12
11
11
13
13
13
14
12
13
13
15
14
14
13
15
16
13
15
15
12
17
13
14
20
13
114
403
418
158
346
200
140
265
500
127
177
169
150
196
281
500
154
120
126
139
199
216
254
500
146
155
131
149
154
162
151
156
155
160
192
201
182
143
161
132
137
138
150
232
172
145
137
135
9
11
141
201
185
168
289
500
454
447
11
500
364
171
180
198
500
170
108
125
220
117
48
91
145
500
110
98
99
99
44
99
102
98
102
113
116
363
261
211
193
24
16
21
21
23
73
276
500
165
133
102
168
194
237
185
212
387
220
245
12
12
12
12
12
14
10
9
11
12
11
10
12
11
12
12
13
11
14
14
11
11
13
13
12
12
13
14
10
10
12
11
12
11
10
12
11
13
13
13
11
10
13
11
10
12
10
13
12
13
10
10
12
12
10
10
10
11
11
9
10
11
9
11
11
11
9
10
12
13
11
11
10
11
11
11
11
11
11
11
9
11
10
12
10
11
12
13
13
13
11
11
13
13
13
14
10
12
13
14
14
14
12
14
12
12
12
15
13
14
12
12
14
15
13
12
14
15
14
13
16
14
17
15
15
15
16
15
14
16
16
16
20
18
17
16
22
21
70
500
208
500
500
219
281
500
139
131
147
147
