30
15
13
15
22
21
13
11
16
10
13
45
26
14
17
12
22
16
15
32
31
11
13
10
16
19
19
15
12
13
15
10
19
21
12
14
19
12
14
14
16
20
24
22
25
18
42
22
24
29
40
11
9
16
25
25
13
15
9
28
11
13
7
18
9
25
26
13
10
28
16
20
29
16
15
50
56
41
67
30
20
20
11
10
29
18
9
31
51
11
11
12
81
32
9
75
44
18
40
72
46
37
29
26
26
39
15
42
39
81
32
26
26
21
13
18
30
26
27
88
45
52
56
19
66
45
107
33
95
64
87
36
117
38
44
130
57
13
20
54
211
80
55
51
42
88
114
63
69
92
87
29
33
64
125
49
152
98
32
57
51
63
33
97
91
198
81
71
142
258
79
165
171
82
499
53
63
15
67
18
205
46
34
139
258
381
220
416
20
17
140
36
244
191
28
181
133
112
250
135
149
197
100
232
482
50
14
95
72
225
54
159
396
378
182
15
207
499
499
157
12
499
142
18
11
25
25
43
52
92
308
193
499
499
20
499
28
499
40
13
86
13
499
75
144
205
101
96
97
22
16
13
13
29
15
13
16
16
24
22
25
81
400
337
381
50
148
158
165
140
134
158
313
182
209
10
142
355
279
358
153
214
172
87
186
199
135
279
193
149
166
151
15
186
145
16
13
12
17
123
154
132
11
131
131
117
119
127
105
101
61
83
293
119
96
162
228
26
267
60
331
100
344
180
172
199
153
169
145
124
167
217
297
143
15
159
9
351
162
155
157
144
125
11
14
10
12
8
31
28
247
269
181
167
200
224
209
173
96
68
174
221
164
174
176
170
204
233
394
167
243
98
15
11
11
15
10
34
21
72
31
183
238
156
161
244
499
286
499
499
180
11
165
181
160
169
337
259
301
11
179
242
206
491
435
215
238
32
174
139
134
117
120
141
136
147
159
145
137
123
118
102
98
101
134
139
145
132
168
151
210
195
254
25
153
238
236
149
178
135
189
157
187
192
143
353
41
203
183
151
143
141
220
151
104
212
157
194
205
210
279
219
142
309
14
11
12
10
15
12
13
15
11
15
12
15
16
62
11
147
293
409
245
283
189
128
110
112
122
110
19
124
114
117
111
109
112
108
113
24
114
113
133
177
244
153
127
131
127
126
112
109
118
103
106
98
10
8
8
12
108
112
99
107
98
106
117
115
118
111
103
108
113
24
11
112
122
114
137
148
151
148
146
164
104
31
140
127
151
126
119
92
105
141
142
138
123
126
130
125
122
131
135
131
121
126
106
116
116
116
129
121
105
122
126
131
120
126
13
166
176
160
129
149
133
118
166
133
143
128
130
139
219
154
149
106
113
107
103
97
107
94
108
96
120
106
106
100
90
91
107
13
19
9
23
44
145
211
154
125
158
148
149
143
153
155
135
27
173
145
111
115
118
122
128
142
133
116
142
113
124
122
111
99
105
108
104
97
108
107
117
122
116
107
110
109
111
111
17
11
9
9
10
10
10
10
13
13
16
13
18
14
16
153
196
268
280
250
265
328
69
17
28
179
230
273
468
230
499
187
238
214
155
168
11
172
230
424
309
108
35
255
135
150
149
145
149
255
248
14
244
499
26
10
127
9
11
11
118
134
147
140
179
187
175
186
200
186
189
159
203
153
198
177
499
28
9
9
11
119
191
21
51
499
499
99
149
137
144
133
375
110
97
90
98
89
33
93
108
98
97
103
97
98
91
95
95
28
87
10
11
91
95
94
30
96
96
100
107
98
101
95
89
11
10
41
96
132
153
121
137
125
130
133
128
131
125
107
115
106
96
97
92
98
97
92
97
95
89
96
97
86
94
10
9
10
92
97
97
100
106
98
100
98
94
100
23
30
25
13
20
103
87
162
66
61
9
14
153
80
123
139
185
168
170
499
389
158
125
104
106
105
112
100
100
106
98
97
103
93
13
12
11
96
104
107
109
109
108
64
37
137
124
129
140
126
118
124
125
138
134
132
133
124
120
125
122
109
109
110
113
93
9
10
108
113
103
115
109
121
150
131
137
136
130
142
122
118
13
13
119
112
116
152
189
228
246
141
132
144
104
162
190
170
191
173
241
160
190
202
117
121
115
87
95
104
107
136
125
133
151
144
164
168
168
286
334
156
171
181
224
377
105
314
171
141
120
90
186
153
123
132
92
114
10
9
10
24
11
12
121
148
157
135
167
161
136
122
117
104
115
116
99
99
105
86
98
88
94
90
96
86
96
113
36
25
18
10
10
211
