24
16
27
12
22
19
29
17
13
16
34
21
14
13
19
17
16
11
12
41
59
12
18
19
18
19
13
11
18
11
20
31
16
24
18
20
18
39
23
13
14
13
21
21
12
12
17
14
17
21
11
15
13
22
17
16
44
13
14
17
11
13
11
21
17
15
20
12
15
33
22
10
15
37
14
13
26
50
30
36
62
61
17
49
82
38
19
14
10
30
17
29
23
35
30
19
54
15
18
45
12
74
74
21
14
29
16
24
56
22
46
37
30
48
33
49
54
37
74
60
42
19
26
37
99
55
25
73
91
32
18
26
40
54
36
106
20
33
26
18
27
28
21
22
36
18
22
21
82
37
325
140
201
150
175
80
182
205
75
27
49
24
23
24
67
114
309
9
81
18
20
66
81
15
179
51
68
52
24
36
106
150
212
206
136
139
224
271
269
112
195
164
37
19
20
17
65
247
202
344
264
35
267
82
47
387
199
170
138
148
152
38
223
194
233
438
406
216
189
201
122
79
243
197
336
12
188
224
252
192
19
15
10
11
27
26
27
46
28
468
161
288
179
152
23
167
484
330
15
21
500
194
159
235
279
57
122
33
23
242
378
210
205
148
298
303
54
500
378
345
259
33
115
235
179
180
154
132
134
139
164
183
170
140
159
183
61
12
24
246
318
140
155
164
89
222
262
309
85
134
473
324
184
18
15
20
66
203
109
122
301
297
302
423
240
394
106
201
208
296
208
221
138
192
174
257
444
99
208
185
190
295
354
453
489
162
15
13
79
220
226
194
199
178
84
191
164
188
140
142
13
179
190
144
150
180
217
293
246
213
159
13
35
55
141
150
35
188
143
24
186
186
174
209
211
300
214
170
186
242
373
452
259
32
80
333
443
79
348
221
194
185
201
69
210
291
425
408
500
486
500
500
134
211
294
280
217
174
238
500
500
30
211
10
15
29
271
13
12
11
12
12
14
12
12
12
13
14
11
12
12
17
14
20
17
12
17
18
21
29
21
18
31
22
21
59
55
500
186
159
174
139
141
122
109
117
107
129
109
109
24
18
17
20
46
140
139
137
132
129
127
117
134
128
130
124
120
109
109
113
18
14
98
108
106
101
23
103
95
86
19
90
111
78
111
110
115
103
106
114
114
118
108
110
102
110
110
99
92
98
110
94
100
94
102
106
106
104
109
98
112
102
98
95
29
98
133
500
149
35
111
132
121
109
102
82
102
95
87
122
150
156
98
96
86
96
95
92
106
94
91
101
90
103
112
113
92
90
95
105
99
88
95
101
91
85
92
135
93
97
104
76
354
201
117
107
100
101
97
103
102
98
99
120
104
97
108
101
102
128
115
131
126
153
93
100
141
115
109
102
114
107
107
105
99
113
121
122
146
48
10
48
15
21
139
111
126
123
105
126
118
118
126
155
206
226
24
148
188
167
166
500
336
196
169
193
178
168
189
130
141
134
127
128
129
171
348
311
242
229
266
303
227
196
117
117
89
105
156
137
142
125
117
126
107
111
22
106
108
116
108
121
119
117
109
113
105
116
128
118
114
116
110
111
113
119
85
11
11
9
51
55
19
12
204
134
193
158
122
121
114
138
110
111
105
110
118
105
101
104
105
104
112
107
15
11
102
119
128
128
121
119
114
124
115
107
106
123
108
147
202
125
133
12
177
109
115
122
120
123
101
133
119
113
111
136
126
157
332
98
113
135
96
122
101
104
114
269
193
285
85
212
42
357
107
119
130
155
123
126
121
117
118
123
130
132
131
144
130
215
143
134
168
171
156
152
140
338
176
181
36
15
10
9
8
17
128
192
123
256
142
216
156
225
136
135
147
140
168
148
132
140
146
119
140
126
118
118
125
128
118
130
136
306
229
137
254
150
175
153
309
211
138
132
136
142
153
148
182
177
186
370
16
15
16
17
13
17
13
22
22
18
37
10
9
12
28
32
500
294
297
305
323
500
271
232
191
281
427
187
210
259
305
280
178
154
146
164
261
203
293
202
201
217
243
148
164
358
154
176
153
165
134
93
14
9
10
137
127
137
157
157
195
235
158
118
118
134
169
142
125
128
134
184
394
183
152
123
142
142
185
234
154
125
125
137
167
183
226
212
191
35
13
152
139
284
179
159
151
137
224
142
163
130
142
147
135
120
125
140
147
127
131
124
138
133
128
122
128
131
122
136
126
139
129
121
132
127
140
137
119
127
125
111
119
123
115
117
122
117
116
111
115
105
112
113
112
115
125
112
113
114
106
116
113
110
114
105
110
17
