33
20
43
18
26
14
9
9
34
20
17
10
17
45
20
40
21
14
17
36
25
15
28
13
12
28
14
14
19
18
23
13
12
13
25
26
13
14
14
16
23
51
29
14
51
15
17
11
14
14
15
18
13
19
14
12
35
24
15
71
31
68
23
25
10
25
12
12
28
20
16
21
17
21
39
52
31
54
80
22
18
38
38
21
108
16
133
21
141
15
132
17
92
19
11
10
8
15
14
14
19
36
18
34
42
19
27
148
42
65
37
22
46
81
17
23
79
14
43
17
28
22
81
31
28
29
21
53
44
25
177
119
124
100
86
106
109
45
27
106
44
161
169
75
46
197
82
22
330
10
18
11
39
53
176
106
28
234
98
67
158
20
67
52
107
157
59
87
61
185
381
13
13
29
80
265
78
77
20
16
63
166
169
34
102
335
203
133
55
118
102
27
29
109
20
80
28
99
30
55
61
141
112
123
15
123
74
129
195
116
188
86
15
26
15
27
42
87
244
68
54
128
150
130
19
161
10
16
9
15
11
52
158
14
12
162
134
51
13
21
16
13
172
136
30
29
24
353
25
173
88
481
20
39
14
41
375
53
136
253
213
13
10
463
500
40
90
150
155
68
34
354
356
429
12
11
15
13
13
14
60
46
420
262
12
16
15
19
43
64
23
14
98
122
500
57
182
112
23
11
36
13
32
32
41
137
94
14
95
54
99
103
103
26
94
14
13
78
74
106
29
55
178
128
129
185
83
95
102
88
127
91
101
77
122
13
129
102
131
110
106
166
11
14
232
170
387
17
14
10
11
78
17
63
160
122
138
14
133
129
105
100
108
16
13
10
9
10
11
70
167
17
17
452
36
312
32
109
177
308
11
42
138
500
35
24
37
383
10
46
84
95
97
12
97
95
16
78
101
124
125
37
137
208
112
11
167
102
104
132
110
110
187
12
38
15
163
250
17
44
249
30
69
266
117
38
98
38
23
17
20
14
103
113
104
106
104
98
72
22
97
104
94
16
94
15
88
130
15
60
47
44
145
208
123
126
13
179
180
116
141
12
225
13
26
201
27
139
11
130
148
109
13
20
112
108
137
131
151
173
12
229
136
124
132
116
106
98
111
108
109
120
52
21
17
60
145
220
12
202
28
14
248
351
281
167
138
9
155
175
132
33
15
31
18
228
143
224
257
156
118
124
20
16
19
12
64
33
37
187
166
183
86
23
110
71
120
181
61
306
77
29
13
93
139
160
238
151
169
156
38
35
279
342
123
224
186
260
29
106
31
88
336
179
145
72
388
336
129
278
150
125
97
16
16
131
107
164
27
16
10
19
92
45
178
114
110
96
191
139
74
50
81
278
115
56
28
90
81
27
104
117
111
107
117
116
151
112
16
16
16
15
13
16
34
86
14
12
101
119
93
27
96
244
68
24
18
16
66
302
187
149
114
100
182
254
114
11
12
30
11
12
14
42
41
100
40
36
43
141
238
109
114
117
109
226
111
134
32
29
34
32
43
151
146
153
50
158
237
17
16
107
68
77
127
118
115
101
234
126
110
105
112
27
124
56
14
73
176
162
11
229
125
26
12
41
13
13
85
28
16
14
57
19
10
12
48
46
24
33
36
159
122
125
222
131
110
115
133
103
25
46
68
106
30
96
82
109
124
115
106
102
113
112
113
20
126
135
139
130
124
27
33
13
28
38
80
123
181
157
126
116
113
117
106
105
104
102
236
227
22
34
16
203
136
128
383
426
14
18
20
18
15
13
14
16
16
21
82
93
204
134
46
46
83
63
44
59
32
34
89
85
108
105
108
250
13
15
17
20
20
93
110
93
72
28
45
87
94
62
74
12
13
60
11
21
56
40
59
76
118
57
49
92
32
38
53
97
103
90
112
18
102
157
13
239
10
52
48
140
125
100
123
225
59
121
80
48
33
70
135
90
131
148
192
16
48
80
49
246
35
73
277
21
42
237
29
23
137
110
98
98
99
108
105
101
95
104
99
107
101
12
101
113
198
151
115
83
85
85
95
74
31
58
57
105
77
67
66
59
70
26
10
112
100
42
136
86
106
154
210
34
20
12
12
66
190
101
108
99
120
111
158
159
24
174
14
131
137
112
107
118
22
101
164
121
194
11
13
14
491
132
28
183
500
27
12
119
127
123
171
176
305
12
13
138
151
188
42
62
46
158
323
100
104
121
22
368
113
102
39
68
109
50
131
102
261
182
58
102
140
178
98
25
33
18
32
145
159
111
110
96
98
26
29
17
18
15
17
16
