24
13
33
25
21
20
14
31
29
19
24
12
12
34
12
9
16
61
40
16
18
15
18
14
32
12
13
24
11
19
10
14
14
15
19
15
42
14
27
11
20
16
10
11
16
20
11
11
18
14
76
16
9
13
19
12
13
14
15
25
19
14
16
15
10
31
20
38
31
52
9
18
28
30
70
23
30
21
20
12
17
12
57
13
15
47
29
33
20
34
45
42
21
37
69
35
32
32
12
64
17
33
24
26
11
48
62
19
25
16
17
25
12
14
43
23
27
36
63
19
50
28
32
90
37
14
35
110
38
70
66
43
67
83
43
84
30
39
88
94
78
65
13
47
87
37
165
89
16
11
66
131
148
59
87
102
130
26
22
29
90
13
16
95
145
214
134
57
43
21
40
66
135
167
140
197
280
108
72
35
11
51
148
203
132
126
138
60
161
153
184
110
89
115
205
64
17
36
10
232
196
77
256
189
117
263
181
14
23
217
234
204
15
28
217
38
259
66
42
150
114
24
17
17
14
198
258
236
315
280
18
149
222
152
209
86
219
18
12
10
17
335
296
178
163
172
321
499
499
499
499
8
10
148
39
45
8
33
176
238
10
12
11
8
95
342
343
16
499
188
88
11
16
188
123
31
143
129
140
127
160
155
134
104
197
499
119
125
190
208
183
98
215
107
112
75
185
53
306
161
230
101
144
60
10
13
186
190
194
221
104
56
299
262
499
499
327
148
152
157
169
241
34
204
196
121
133
144
167
168
121
133
117
11
120
132
109
98
110
155
141
15
15
120
101
100
123
120
133
318
153
149
160
154
261
191
198
108
185
353
230
153
129
130
134
169
252
171
88
15
11
219
10
11
10
15
11
18
13
15
11
15
15
14
19
19
27
26
23
20
24
27
21
28
107
13
245
259
235
257
192
164
20
242
130
169
225
391
240
178
152
153
167
142
115
138
133
219
169
91
140
9
10
181
243
131
196
38
233
356
163
161
155
14
180
181
193
97
147
146
117
115
124
121
112
114
115
135
125
137
155
140
143
146
160
162
125
157
164
155
165
156
51
11
47
8
55
51
32
86
11
30
227
165
126
150
121
132
123
122
107
106
121
109
109
103
97
90
92
85
146
362
178
31
26
184
203
499
156
111
115
114
114
133
185
75
13
283
202
175
165
142
142
129
135
110
109
162
118
132
132
9
138
140
244
224
241
242
210
151
124
131
499
490
152
113
27
212
495
337
272
161
167
165
159
162
155
160
167
165
194
197
169
151
143
142
147
138
132
117
118
126
54
16
40
15
15
16
17
15
11
17
11
12
52
144
152
196
201
171
197
317
290
225
234
176
177
165
110
267
163
182
165
134
131
135
140
117
112
115
118
106
111
110
95
102
97
106
96
96
33
90
100
104
96
93
93
106
98
105
106
102
109
103
96
17
83
81
91
91
109
130
115
125
16
12
20
22
17
11
14
17
108
127
145
143
152
155
148
147
168
151
149
122
183
236
185
96
94
166
144
165
148
164
222
236
138
244
229
129
150
126
176
237
282
182
176
344
260
221
229
201
200
242
155
130
108
11
111
26
18
17
97
163
117
120
136
141
210
173
115
141
149
215
164
174
156
162
181
237
134
14
144
268
167
130
107
108
110
129
143
125
128
107
103
108
111
115
130
131
177
119
8
12
181
224
185
247
215
162
128
106
91
14
13
12
9
91
114
122
126
151
153
204
331
197
183
260
173
455
240
201
472
379
349
235
184
135
172
192
174
142
256
392
322
224
164
120
121
122
127
129
122
111
13
116
119
131
134
146
322
180
159
180
234
294
167
143
136
171
158
201
225
429
423
499
158
265
258
173
140
128
137
205
499
135
9
10
58
153
166
174
145
151
181
209
295
325
452
282
229
376
139
64
43
31
216
168
200
155
158
252
169
201
258
214
224
327
343
244
269
376
353
274
289
332
246
244
193
210
223
97
41
178
161
148
118
127
137
125
116
104
28
101
126
116
124
118
132
170
148
147
149
146
138
184
183
165
162
124
120
126
147
234
183
172
133
171
219
209
167
177
10
246
499
103
26
101
103
92
105
102
113
118
110
117
109
135
132
399
227
152
135
120
128
127
113
116
137
316
149
105
99
105
105
113
160
115
167
210
125
178
267
144
123
123
120
113
151
156
166
129
142
247
249
181
182
182
176
247
273
250
356
224
196
168
177
287
223
147
9
154
149
211
259
205
139
165
109
78
92
76
38
81
167
180
221
155
154
307
273
188
144
187
249
160
137
131
137
166
