29
48
15
15
21
13
16
10
11
16
19
38
17
31
16
25
22
15
45
31
9
20
22
15
14
16
10
21
90
12
16
19
18
20
17
10
19
11
61
38
16
20
20
47
16
13
27
33
20
28
53
23
20
55
29
39
95
22
13
24
57
26
109
37
44
79
77
48
17
48
16
30
52
30
32
41
60
37
23
41
20
27
105
17
21
43
40
49
38
36
36
79
47
43
132
33
12
14
121
33
119
27
28
115
67
49
27
27
28
36
37
14
60
28
18
48
59
39
32
17
73
25
13
61
20
25
35
39
51
73
115
12
104
21
27
241
196
131
15
17
14
11
17
16
9
16
12
31
71
94
98
14
22
94
47
114
115
138
73
136
109
17
13
21
99
20
24
31
46
32
78
144
130
109
19
173
182
144
58
96
76
43
50
54
24
18
28
28
35
77
63
104
17
18
130
155
20
23
97
128
142
202
98
207
123
142
131
34
65
74
64
146
185
23
16
83
96
29
65
77
75
129
102
57
87
130
35
96
36
14
93
151
144
13
207
138
231
66
44
155
177
129
153
95
141
149
499
11
128
12
27
242
196
213
119
12
13
12
10
26
15
25
54
163
145
119
105
10
12
134
87
86
265
10
22
121
100
145
134
170
10
155
126
107
126
12
11
8
13
149
18
118
116
133
75
135
130
125
109
126
114
17
17
16
106
104
111
9
106
103
104
24
17
116
134
85
116
141
45
28
48
29
34
45
134
109
115
109
91
106
77
15
14
22
9
13
16
14
18
18
88
146
360
146
14
110
243
47
153
26
11
24
120
157
107
103
110
108
10
11
12
146
442
90
14
115
176
34
95
100
108
10
124
11
306
95
13
124
124
33
12
9
30
36
173
89
85
120
96
82
95
115
109
16
90
87
80
20
135
153
168
109
95
159
134
151
66
160
400
30
117
28
11
11
29
35
12
31
12
74
135
74
15
88
133
58
208
261
12
159
255
25
452
10
9
14
41
10
25
87
107
124
281
129
23
131
153
106
118
113
19
9
160
14
14
45
135
134
106
195
30
15
15
43
155
40
10
86
142
185
182
36
12
129
147
165
185
222
124
43
32
9
33
13
15
199
438
129
13
63
119
129
187
91
36
11
26
10
32
34
499
115
130
499
11
11
11
150
25
33
40
49
366
127
29
314
153
35
38
31
39
39
39
119
499
17
284
28
146
33
28
228
16
25
222
84
158
200
134
499
86
58
25
139
37
219
67
74
35
165
193
130
118
105
86
26
14
21
16
12
11
11
10
9
51
89
117
112
125
72
68
83
107
102
71
78
105
100
10
166
84
114
123
89
169
36
11
36
276
145
166
17
8
110
93
89
30
14
17
15
100
158
196
132
10
8
11
11
181
140
110
187
69
69
156
119
107
101
12
34
357
97
10
237
8
499
24
23
20
27
33
362
12
28
108
128
121
94
66
33
41
170
329
27
9
8
8
10
64
128
123
48
125
29
141
139
206
209
169
12
34
93
105
60
70
60
56
106
150
56
15
26
55
79
85
99
17
96
124
33
10
10
29
75
34
57
78
127
499
137
163
157
10
34
10
26
11
23
10
139
20
53
73
21
136
291
109
101
107
105
103
101
121
21
499
16
90
154
114
118
167
254
95
8
9
21
15
25
17
19
17
13
15
11
16
14
15
19
12
14
12
16
16
12
14
12
11
16
13
18
85
88
81
105
108
124
66
71
171
46
60
10
27
11
18
23
74
59
74
77
66
111
65
18
27
69
51
58
63
499
204
33
159
118
85
300
50
29
40
12
11
12
34
435
27
11
40
32
267
121
341
104
117
104
79
151
50
127
111
123
127
114
177
71
104
157
124
51
121
34
85
27
208
28
124
131
112
193
10
12
17
12
11
13
14
12
10
23
70
89
72
46
17
21
19
20
19
17
15
17
20
19
18
17
17
15
17
19
17
15
18
19
22
20
65
159
78
134
344
131
81
76
66
30
241
88
94
105
97
103
104
18
14
13
17
15
22
17
95
20
100
23
11
102
111
106
100
112
113
116
70
107
129
95
89
101
86
60
101
36
8
12
17
21
22
17
24
20
18
22
15
17
17
17
13
21
17
20
20
16
19
19
19
20
22
21
20
18
17
17
15
16
19
20
10
23
20
86
79
111
95
112
101
11
97
92
116
119
108
49
137
9
44
10
12
136
146
123
120
108
101
12
9
9
120
121
118
116
9
10
12
121
122
114
92
115
113
10
18
114
124
128
122
94
139
146
26
151
27
72
