35
18
70
15
18
13
12
27
19
14
13
13
16
15
34
12
13
16
10
15
64
19
17
19
16
21
9
18
18
18
20
12
14
11
11
13
17
46
12
29
12
12
17
17
14
8
32
10
17
15
12
35
18
9
11
14
48
47
75
91
38
24
11
35
11
12
20
13
15
18
15
37
14
15
43
44
23
12
16
11
30
17
22
28
28
34
21
34
12
11
13
24
22
16
21
34
54
23
84
21
49
20
12
19
27
35
24
32
20
61
31
33
24
21
76
31
12
13
47
96
11
21
91
9
17
31
25
16
20
74
17
14
112
43
22
29
27
25
11
42
34
30
150
22
74
61
122
22
84
81
54
80
21
155
88
150
31
115
92
133
94
181
122
131
87
265
86
145
27
292
57
75
93
14
20
15
68
52
77
33
94
109
309
203
161
193
221
302
114
74
120
71
50
10
292
138
143
167
127
126
18
283
178
103
71
69
236
213
122
15
143
131
169
91
38
111
230
241
199
329
152
25
94
139
208
212
107
23
136
148
276
149
77
133
259
248
35
499
223
172
263
13
234
499
135
55
208
271
499
44
7
11
499
210
160
499
240
139
499
41
143
148
25
95
280
292
117
10
143
140
116
114
93
10
13
115
17
15
15
137
149
166
119
123
325
149
119
103
103
99
43
144
152
138
118
113
120
106
106
21
103
101
112
112
132
138
152
127
144
166
176
149
156
45
19
14
153
194
353
234
196
116
231
202
174
132
107
126
18
16
11
133
97
12
226
288
319
227
208
157
107
21
48
91
162
139
144
159
129
114
104
121
20
104
110
114
104
124
124
112
107
96
95
112
112
137
151
443
363
251
204
44
170
175
156
52
218
17
147
86
189
481
377
22
331
376
174
104
104
115
131
170
181
196
133
130
499
130
32
24
30
406
329
499
316
189
153
172
143
163
169
186
42
180
283
307
499
14
265
351
383
285
258
22
28
184
446
235
346
23
140
142
133
133
122
131
138
137
118
128
120
137
120
119
24
140
162
206
170
145
121
90
118
109
131
139
109
30
218
9
54
145
229
196
155
444
235
180
109
192
242
193
136
143
161
197
11
54
174
184
173
180
218
198
229
168
125
109
111
107
104
96
99
96
86
69
46
37
45
59
164
111
121
134
142
156
226
74
54
56
45
74
122
137
117
126
120
136
163
172
236
92
247
476
107
499
84
98
93
94
107
99
104
98
76
83
84
99
138
126
127
14
13
96
91
127
270
42
78
169
346
186
85
499
164
182
160
152
147
141
137
164
131
116
129
164
260
186
221
256
457
299
168
143
145
154
146
142
125
138
128
155
134
125
119
10
10
426
189
176
159
174
173
169
177
171
191
155
202
165
149
141
133
189
157
133
179
160
135
123
9
143
177
172
137
10
133
154
226
178
248
283
250
246
262
197
228
149
160
138
141
135
8
230
376
171
150
127
124
111
117
107
91
88
166
242
103
10
499
99
12
106
98
104
109
123
158
219
357
10
202
150
269
137
122
116
135
113
111
105
111
103
98
10
139
166
193
157
142
135
133
131
126
88
187
167
225
294
313
154
106
110
102
148
160
154
124
139
141
153
154
165
169
165
335
343
470
266
164
184
228
244
323
281
175
199
22
156
9
23
426
262
499
41
194
222
244
184
12
198
246
347
218
203
167
149
12
201
198
230
225
220
499
257
233
175
37
19
11
9
196
499
164
137
126
112
121
129
130
118
110
120
125
127
111
108
112
127
118
112
117
115
120
115
117
161
132
127
118
123
124
108
98
108
103
106
105
113
96
108
114
122
10
8
9
292
53
10
285
170
178
159
171
145
143
157
120
118
8
9
236
239
296
225
235
267
168
172
155
166
167
150
156
159
150
146
133
162
10
250
228
499
118
94
94
98
11
9
11
148
210
175
131
135
136
148
12
175
220
177
193
118
142
177
163
174
204
169
174
231
260
234
344
264
494
14
226
215
293
233
437
367
433
395
328
499
119
125
22
108
125
130
128
131
122
131
125
130
129
127
135
125
118
127
120
122
134
129
125
124
129
124
120
112
109
104
132
147
132
148
139
116
121
119
111
112
125
109
98
104
116
117
114
108
110
114
17
111
127
124
140
121
121
10
138
240
192
290
165
157
169
183
421
188
15
157
425
171
148
169
194
172
205
182
78
21
11
10
188
187
312
202
270
169
173
454
137
168
166
187
170
157
176
148
156
161
179
224
197
149
170
28
106
195
199
156
198
128
193
394
317
304
374
48
26
156
144
126
113
122
