25
16
14
22
23
32
20
35
63
16
24
30
19
10
26
13
31
13
16
12
20
19
18
20
22
19
14
11
15
19
12
11
23
16
12
18
14
20
14
18
11
11
22
11
22
15
12
14
17
37
18
20
21
14
34
13
18
14
18
12
19
12
12
21
16
9
19
18
31
23
15
19
17
16
15
97
27
23
24
26
20
44
27
11
23
30
31
12
23
26
32
23
13
14
18
24
48
10
10
8
18
44
31
38
30
47
43
22
34
34
45
26
29
60
40
30
51
56
42
74
32
60
17
16
37
45
22
57
107
38
69
38
45
45
68
81
88
99
33
112
133
84
57
24
24
40
99
85
47
121
165
123
99
104
193
41
12
164
24
224
51
57
148
103
38
94
248
88
110
107
125
65
158
201
124
102
52
176
220
238
104
133
500
38
202
48
10
44
23
36
158
101
140
132
152
266
124
135
20
144
35
12
14
140
33
129
114
113
208
184
135
91
17
165
223
126
15
43
121
91
98
85
17
230
9
219
388
500
190
86
163
115
24
10
13
13
13
14
14
10
10
13
11
19
18
30
162
117
152
228
188
236
342
318
224
179
126
14
147
118
290
241
273
184
109
126
157
118
15
12
10
34
235
29
39
151
101
101
46
58
106
132
136
279
402
325
500
231
99
14
106
18
129
162
158
169
18
167
182
384
361
28
350
180
262
242
29
56
500
31
66
39
115
15
24
59
500
116
10
12
39
207
263
500
54
12
13
408
13
310
368
123
229
500
156
144
127
147
210
112
19
137
180
224
242
175
160
224
207
11
32
338
241
187
166
118
500
182
153
150
131
127
122
122
112
117
112
25
11
11
121
153
147
279
235
395
110
10
11
117
164
330
193
119
150
96
82
66
61
80
151
168
142
128
133
186
289
450
130
89
20
148
230
150
134
14
13
13
138
67
143
130
117
119
133
199
102
15
103
114
94
74
92
117
123
109
99
98
96
10
99
102
82
99
83
57
89
139
132
101
119
166
264
476
339
181
126
15
79
123
130
150
170
39
176
192
256
11
356
187
224
253
250
279
78
215
28
165
146
121
123
21
103
114
115
13
131
138
143
138
152
177
190
148
133
118
119
114
116
142
142
139
123
155
179
200
125
123
101
139
210
150
169
144
144
101
60
54
116
100
218
201
299
406
162
11
11
500
500
500
154
12
500
108
103
96
122
96
97
21
13
12
16
19
20
18
15
16
18
18
23
98
122
136
231
261
170
466
117
11
12
13
100
80
93
102
125
269
225
500
180
142
137
135
135
174
167
246
500
11
500
485
28
14
388
127
138
129
122
125
128
122
123
120
118
129
126
120
124
116
110
96
114
104
140
145
195
221
173
230
143
126
124
165
135
158
146
133
137
129
127
142
164
137
133
157
179
179
126
133
156
197
156
150
132
130
132
159
181
128
159
142
124
220
253
500
9
29
500
54
303
133
120
128
142
160
159
136
135
127
153
129
150
155
147
114
119
123
12
13
11
155
203
180
159
237
183
169
192
467
11
203
500
13
108
102
15
107
102
102
105
110
106
107
117
106
116
109
108
102
11
10
76
260
362
500
245
10
10
110
187
124
127
112
119
253
231
88
14
130
142
142
170
181
142
248
129
136
118
105
20
10
10
20
29
109
138
114
113
111
117
124
115
122
128
120
109
12
123
149
117
110
130
123
122
140
133
135
132
119
130
133
154
144
145
153
123
133
15
11
11
12
12
17
18
17
14
19
21
21
23
114
179
134
138
164
259
144
122
110
116
109
115
133
124
139
125
112
115
110
111
136
136
113
102
112
13
121
136
131
143
162
201
296
231
263
184
15
500
104
109
118
12
11
125
127
153
149
142
167
134
136
171
146
155
119
124
120
129
72
143
149
166
150
193
207
190
186
258
217
175
198
187
238
213
182
164
215
234
173
201
172
162
132
153
169
157
154
180
167
178
198
17
11
192
283
183
161
213
149
132
134
219
185
157
187
166
169
149
191
120
133
225
168
195
450
318
203
223
203
151
154
132
139
125
134
269
156
127
134
119
124
117
15
12
12
14
11
11
12
13
13
15
12
15
13
16
20
125
219
125
128
12
12
11
11
11
168
16
146
133
125
118
115
110
103
107
114
12
12
10
10
123
129
131
119
131
121
112
115
106
107
100
102
97
12
10
10
9
94
110
108
105
101
110
119
119
124
129
135
125
126
120
119
117
121
116
133
118
108
107
106
110
105
105
104
103
107
108
105
99
109
97
102
102
100
103
102
100
102
