33
14
12
11
12
19
19
26
16
37
29
24
18
25
12
18
15
11
19
33
27
34
18
24
28
13
10
19
15
17
15
43
18
15
19
17
21
36
15
14
26
22
22
11
15
12
102
47
12
13
23
22
18
12
15
26
17
9
16
42
30
24
47
12
36
41
78
17
30
25
18
45
23
42
32
12
77
19
74
27
15
33
21
38
23
47
18
21
62
17
39
49
36
14
21
21
21
16
23
20
24
52
27
54
12
23
57
108
13
17
125
103
25
35
37
26
29
21
26
23
24
14
27
18
14
18
25
30
29
24
23
36
34
63
20
47
15
34
50
42
37
26
35
59
53
129
66
132
119
97
97
151
143
140
207
103
168
183
17
21
46
193
23
165
71
51
23
22
35
22
176
182
73
58
17
98
133
140
85
263
140
142
183
95
19
14
162
157
16
146
415
12
210
138
254
74
235
54
73
70
65
13
262
14
285
140
58
152
140
104
147
107
21
9
19
207
27
9
13
152
86
128
112
149
182
104
86
135
143
31
17
226
72
198
161
152
166
214
29
194
193
81
72
250
13
31
223
147
142
17
285
269
266
36
76
149
180
173
223
208
189
202
48
108
489
152
169
126
128
126
133
122
16
13
12
138
241
119
214
178
164
171
144
204
192
16
170
162
204
189
316
238
205
352
278
177
288
26
116
158
151
135
19
21
168
142
185
175
145
161
263
176
11
34
169
55
283
272
305
270
197
167
270
250
500
114
126
116
136
177
133
160
59
227
315
302
12
224
254
353
471
246
191
252
226
168
127
124
128
141
13
159
169
162
162
160
142
164
158
161
305
32
32
14
94
32
242
219
202
235
318
410
11
12
12
151
266
222
500
199
244
298
275
346
87
500
364
271
283
243
9
178
500
104
20
391
317
229
187
174
12
208
165
213
184
149
175
169
249
64
185
225
298
319
248
104
33
500
242
493
215
192
230
240
215
216
198
168
142
11
51
171
258
333
117
50
222
253
207
198
64
220
206
216
184
297
236
34
146
98
151
236
249
201
185
212
232
416
210
259
259
192
175
172
21
12
148
147
123
98
129
97
117
131
131
114
146
123
125
98
152
135
109
115
118
121
112
14
107
111
109
10
119
177
214
199
209
182
316
207
198
329
158
202
264
234
226
210
162
168
14
155
163
178
250
295
244
221
201
252
170
185
143
147
136
136
146
14
10
165
192
224
335
195
179
235
183
69
38
13
15
146
158
254
185
157
178
159
167
169
133
135
130
116
112
109
106
139
132
147
138
165
153
121
127
172
200
257
233
219
237
199
178
166
168
175
12
193
168
168
178
167
172
500
402
152
143
142
147
146
14
108
346
25
52
167
202
149
170
344
178
162
155
183
233
177
216
227
191
147
131
121
121
62
217
308
239
214
296
290
166
144
138
153
128
133
17
154
335
28
25
11
242
157
136
137
130
122
78
153
168
175
173
144
153
134
155
138
141
131
123
141
129
130
122
13
29
25
157
197
222
218
152
202
189
140
124
163
141
125
120
122
117
106
102
111
115
104
97
93
102
109
141
113
120
24
24
359
348
116
104
122
114
102
104
158
136
147
141
144
176
158
145
136
139
154
135
143
150
144
209
209
302
244
151
282
249
305
415
500
31
32
11
25
34
37
188
185
203
169
151
15
138
141
142
134
142
149
133
133
133
121
118
157
172
161
130
140
137
128
97
89
190
235
376
134
113
110
116
116
108
108
106
97
107
96
88
125
105
97
105
101
97
90
96
99
94
100
92
94
100
96
101
90
102
106
106
11
275
312
471
30
363
205
198
196
213
239
229
213
170
207
338
314
393
206
374
11
11
131
331
250
252
200
185
174
170
302
188
274
265
169
240
325
341
36
12
35
174
127
116
114
111
98
105
101
97
97
95
94
85
104
108
79
100
103
150
283
153
146
69
57
271
500
196
116
84
115
111
107
95
99
93
25
104
136
117
117
109
103
106
102
104
104
90
103
84
108
103
99
97
96
88
91
94
96
94
93
98
90
90
31
87
83
94
105
114
114
92
109
133
129
127
122
119
136
148
280
210
144
110
142
143
144
147
170
275
11
11
311
500
191
305
500
338
278
230
271
331
26
28
196
206
198
218
179
161
192
187
488
456
492
208
149
171
137
133
116
12
32
52
12
43
32
135
138
118
117
110
114
103
101
97
107
103
95
81
128
89
15
17
17
18
15
14
12
14
13
12
14
14
12
13
13
16
14
13
16
15
15
14
16
14
13
15
13
15
13
12
15
