26
14
53
19
39
29
53
11
18
22
15
17
20
40
13
11
35
18
10
19
18
10
20
26
16
13
40
14
18
21
12
17
24
14
9
14
15
36
16
10
13
13
17
24
24
15
9
13
43
15
19
11
9
20
18
14
11
19
11
9
11
12
9
16
21
22
13
15
8
23
9
16
15
16
18
14
16
14
24
30
32
15
8
10
16
20
11
10
24
9
20
8
17
9
11
10
18
8
33
12
34
53
12
18
11
13
10
15
10
22
18
13
9
22
12
19
9
11
9
11
8
11
10
13
12
10
12
10
15
10
11
11
10
10
10
11
13
21
14
7
9
10
10
15
11
9
13
15
12
13
22
10
15
8
16
17
28
13
12
10
8
17
12
12
8
10
9
12
13
9
17
17
9
19
7
11
11
10
12
9
9
12
11
8
12
12
21
10
9
14
8
7
7
13
9
9
9
11
10
10
9
13
16
10
9
11
10
12
8
9
9
9
8
11
9
11
12
12
9
8
8
14
12
11
11
7
18
9
9
7
9
14
9
11
18
13
9
8
9
11
8
8
8
10
10
13
10
9
7
8
31
9
9
7
12
10
9
8
11
8
8
11
8
11
12
9
11
9
10
9
8
9
9
9
10
11
9
16
9
10
8
10
9
8
10
10
10
8
9
9
9
8
11
8
8
12
8
11
8
10
13
9
12
9
7
8
9
11
13
10
9
11
10
11
8
8
9
9
15
11
9
11
12
9
11
11
8
8
11
9
9
8
8
7
8
10
10
7
10
11
10
10
8
13
8
10
9
8
12
10
10
9
7
10
11
17
9
9
9
9
12
9
9
11
9
9
11
8
9
8
9
12
8
8
8
9
8
8
7
8
8
7
10
7
10
8
9
8
9
9
8
8
10
10
8
8
8
9
12
9
10
8
10
9
9
8
10
9
9
7
8
8
10
8
8
9
10
9
8
7
8
11
10
10
8
11
7
8
8
8
19
10
7
9
8
11
7
11
9
10
10
10
12
11
9
8
8
12
9
8
8
9
9
8
9
8
7
8
9
9
8
8
10
9
8
8
7
9
9
9
7
8
9
9
9
9
9
8
9
7
10
9
7
10
10
8
9
9
7
10
7
8
9
11
9
9
8
9
8
7
10
9
8
8
8
9
8
11
8
9
8
9
8
9
8
8
9
8
8
9
9
9
8
11
8
9
7
9
8
9
12
9
8
9
8
9
9
8
9
11
9
7
8
9
9
8
8
8
9
8
9
8
8
9
9
8
9
10
8
9
8
8
10
8
8
8
8
10
7
10
8
8
9
8
7
8
8
8
8
8
9
11
10
8
10
13
9
9
9
8
8
9
8
8
10
8
8
9
8
8
9
10
7
10
9
8
8
8
9
8
9
8
8
9
9
11
8
8
8
7
9
8
9
8
8
8
8
8
8
9
9
8
7
9
9
8
9
9
9
8
10
9
9
7
8
8
7
8
7
8
9
8
8
9
8
9
8
8
9
9
9
10
9
9
8
9
9
9
8
9
8
8
7
8
11
8
9
8
8
8
9
7
8
10
7
8
9
50
12
27
24
13
26
21
25
25
24
9
22
21
27
9
9
23
23
20
26
26
25
24
20
21
23
23
22
10
23
24
22
24
24
24
12
20
27
25
23
26
20
24
26
26
21
24
24
26
24
22
22
24
26
25
23
12
26
24
23
24
24
26
22
13
9
23
27
26
22
24
24
26
23
21
23
26
25
9
9
8
12
8
10
69
24
135
81
128
23
154
49
76
68
56
42
38
83
23
38
52
41
43
65
43
42
55
63
43
36
38
63
42
54
36
39
143
70
41
62
58
39
31
67
41
54
38
39
70
60
12
53
58
79
74
71
54
37
37
50
48
55
37
13
106
40
34
36
41
45
38
38
35
39
48
12
35
66
46
10
22
38
12
37
38
11
39
16
17
37
42
13
14
21
9
9
44
9
30
19
31
36
35
35
14
25
32
26
11
12
10
21
15
30
41
11
10
44
24
10
39
33
10
22
24
23
14
37
42
11
10
33
15
26
29
12
36
40
11
34
10
28
37
12
10
9
36
46
23
81
32
11
37
21
37
9
28
30
8
28
29
35
11
25
34
10
25
45
18
37
37
27
23
38
35
30
11
22
21
27
28
26
13
31
31
11
19
11
14
10
33
11
10
34
10
22
11
33
33
38
34
23
33
40
9
27
53
22
33
57
34
25
14
11
33
37
42
40
51
31
50
31
27
27
24
126
28
35
41
24
37
38
33
