23
15
26
11
21
18
28
16
12
15
33
20
13
12
18
16
15
10
11
40
58
11
17
18
17
18
12
10
17
10
19
30
15
23
17
19
17
38
22
12
13
12
20
20
11
11
16
13
16
20
10
14
12
21
16
15
43
12
13
16
10
12
10
20
16
14
19
11
14
32
21
9
14
36
13
12
25
49
29
35
61
60
16
48
81
37
18
13
9
29
16
28
22
34
29
18
53
14
17
44
11
73
73
20
13
28
15
23
55
21
45
36
29
47
32
48
53
36
73
59
41
18
25
36
98
54
24
72
90
31
17
25
39
53
35
105
19
32
25
17
26
27
20
21
35
17
21
20
81
36
324
139
200
149
174
79
181
204
74
26
48
23
22
23
66
113
308
8
80
17
19
65
80
14
178
50
67
51
23
35
105
149
211
205
135
138
223
270
268
111
194
163
36
18
19
16
64
246
201
343
263
34
266
81
46
386
198
169
137
147
151
37
222
193
232
437
405
215
188
200
121
78
242
196
335
11
187
223
251
191
18
14
9
10
26
25
26
45
27
467
160
287
178
151
22
166
483
329
14
20
499
193
158
234
278
56
121
32
22
241
377
209
204
147
297
302
53
499
377
344
258
32
114
234
178
179
153
131
133
138
163
182
169
139
158
182
60
11
23
245
317
139
154
163
88
221
261
308
84
133
472
323
183
17
14
19
65
202
108
121
300
296
301
422
239
393
105
200
207
295
207
220
137
191
173
256
443
98
207
184
189
294
353
452
488
161
14
12
78
219
225
193
198
177
83
190
163
187
139
141
12
178
189
143
149
179
216
292
245
212
158
12
34
54
140
149
34
187
142
23
185
185
173
208
210
299
213
169
185
241
372
451
258
31
79
332
442
78
347
220
193
184
200
68
209
290
424
407
499
485
499
499
133
210
293
279
216
173
237
499
499
29
210
9
14
28
270
12
11
10
11
11
13
11
11
11
12
13
10
11
11
16
13
19
16
11
16
17
20
28
20
17
30
21
20
58
54
499
185
158
173
138
140
121
108
116
106
128
108
108
23
17
16
19
45
139
138
136
131
128
126
116
133
127
129
123
119
108
108
112
17
13
97
107
105
100
22
102
94
85
18
89
110
77
110
109
114
102
105
113
113
117
107
109
101
109
109
98
91
97
109
93
99
93
101
105
105
103
108
97
111
101
97
94
28
97
132
499
148
34
110
131
120
108
101
81
101
94
86
121
149
155
97
95
85
95
94
91
105
93
90
100
89
102
111
112
91
89
94
104
98
87
94
100
90
84
91
134
92
96
103
75
353
200
116
106
99
100
96
102
101
97
98
119
103
96
107
100
101
127
114
130
125
152
92
99
140
114
108
101
113
106
106
104
98
112
120
121
145
47
9
47
14
20
138
110
125
122
104
125
117
117
125
154
205
225
23
147
187
166
165
499
335
195
168
192
177
167
188
129
140
133
126
127
128
170
347
310
241
228
265
302
226
195
116
116
88
104
155
136
141
124
116
125
106
110
21
105
107
115
107
120
118
116
108
112
104
115
127
117
113
115
109
110
112
118
84
10
10
8
50
54
18
11
203
133
192
157
121
120
113
137
109
110
104
109
117
104
100
103
104
103
111
106
14
10
101
118
127
127
120
118
113
123
114
106
105
122
107
146
201
124
132
11
176
108
114
121
119
122
100
132
118
112
110
135
125
156
331
97
112
134
95
121
100
103
113
268
192
284
84
211
41
356
106
118
129
154
122
125
120
116
117
122
129
131
130
143
129
214
142
133
167
170
155
151
139
337
175
180
35
14
9
8
7
16
127
191
122
255
141
215
155
224
135
134
146
139
167
147
131
139
145
118
139
125
117
117
124
127
117
129
135
305
228
136
253
149
174
152
308
210
137
131
135
141
152
147
181
176
185
369
15
14
15
16
12
16
12
21
21
17
36
9
8
11
27
31
499
293
296
304
322
499
270
231
190
280
426
186
209
258
304
279
177
153
145
163
260
202
292
201
200
216
242
147
163
357
153
175
152
164
133
92
13
8
9
136
126
136
156
156
194
234
157
117
117
133
168
141
124
127
133
183
393
182
151
122
141
141
184
233
153
124
124
136
166
182
225
211
190
34
12
151
138
283
178
158
150
136
223
141
162
129
141
146
134
119
124
139
146
126
130
123
137
132
127
121
127
130
121
135
125
138
128
120
131
126
139
136
118
126
124
110
118
122
114
116
121
116
115
110
114
104
111
112
111
114
124
111
112
113
105
115
112
109
113
104
109
16
