23
11
20
30
15
29
16
29
12
23
36
15
14
21
9
20
9
18
32
40
34
17
18
11
9
25
18
11
17
57
19
14
20
20
18
26
16
13
52
44
17
43
42
12
9
21
22
28
20
15
17
15
19
16
11
16
18
15
23
10
55
20
19
37
39
25
25
18
18
21
71
117
38
69
8
33
15
17
39
29
9
16
17
10
15
35
34
52
33
25
28
14
74
17
21
41
20
27
90
51
14
52
57
20
62
46
25
152
13
24
8
21
74
64
69
35
26
53
125
59
32
28
33
19
33
49
11
13
10
12
45
26
11
157
82
49
140
132
117
15
171
201
120
162
144
29
76
95
54
18
12
62
87
42
26
60
28
118
152
75
56
27
16
14
26
42
281
127
212
19
12
35
101
88
56
178
21
337
51
101
91
258
106
124
99
218
13
39
195
197
18
156
164
16
272
99
19
17
56
180
190
157
21
143
145
111
140
204
188
12
11
25
42
164
21
173
220
31
185
150
109
121
50
15
69
151
137
122
95
127
115
49
147
158
159
138
121
112
107
127
32
85
24
133
39
116
142
155
101
204
35
14
193
196
105
146
145
201
29
36
264
261
26
144
112
135
113
134
89
110
118
95
17
111
76
101
122
117
109
126
113
128
148
165
136
128
138
131
141
130
124
106
499
47
27
10
344
177
150
50
184
176
78
167
207
195
187
262
182
95
175
171
185
47
159
69
145
272
84
27
198
172
182
75
149
146
152
74
16
20
35
126
75
140
180
215
150
151
166
206
348
196
214
216
188
422
199
150
142
129
115
143
135
120
121
19
100
105
374
164
177
172
68
98
199
34
33
10
9
195
133
161
135
106
143
147
142
221
340
147
140
120
139
246
361
226
219
176
124
115
89
12
9
11
245
15
72
267
382
121
127
130
109
112
117
129
130
14
12
9
10
84
214
219
134
13
19
22
159
208
208
192
230
161
228
313
246
313
186
210
139
127
124
122
134
158
162
155
206
171
174
154
132
112
120
110
101
119
128
136
137
121
130
136
124
99
81
11
198
178
213
216
132
157
166
302
120
158
135
139
132
112
158
129
118
135
124
123
124
132
144
136
14
9
141
91
58
12
68
15
13
245
92
136
140
143
108
126
125
188
362
276
221
262
170
210
209
228
205
201
205
216
192
171
10
9
12
14
291
154
163
156
231
179
200
176
299
265
258
125
17
161
499
155
184
122
179
121
128
9
199
117
112
114
113
119
110
16
124
132
223
106
69
50
68
173
170
162
167
189
147
136
134
135
127
141
173
154
147
92
151
89
65
76
71
109
134
157
163
175
164
154
48
24
26
134
219
12
12
19
121
220
136
161
136
113
154
134
116
142
149
140
131
126
124
123
119
111
14
135
123
138
144
154
137
157
148
145
144
152
167
146
147
171
159
146
139
135
141
150
143
125
153
152
164
148
159
9
230
183
244
74
46
22
53
58
142
130
123
130
132
124
128
114
123
92
145
138
136
158
156
156
76
54
141
138
77
159
167
149
29
179
27
12
46
55
185
135
111
10
121
182
163
211
265
151
256
250
358
453
171
18
161
237
312
172
8
147
285
209
248
151
180
174
326
59
278
145
9
223
349
198
175
159
164
188
187
78
101
153
143
148
171
186
137
143
136
153
118
129
129
130
213
417
151
141
163
151
155
246
258
190
170
145
141
196
161
198
208
163
54
40
150
126
142
117
109
113
121
116
117
12
122
138
167
171
211
281
178
154
155
142
127
148
177
190
136
132
131
168
142
108
200
172
184
170
164
159
156
211
200
185
310
166
135
168
163
142
120
11
163
149
121
118
118
112
102
11
10
10
9
132
207
165
170
166
156
15
16
13
104
123
126
155
122
10
110
188
279
185
204
266
305
144
144
157
172
182
170
152
143
138
137
141
156
183
141
140
166
174
161
10
9
9
21
280
175
164
242
280
354
193
241
161
204
247
171
144
10
10
321
127
126
128
123
111
93
82
98
85
104
60
50
272
121
15
14
15
14
19
13
15
15
15
14
20
17
109
136
157
203
246
210
119
267
209
227
258
429
37
90
23
253
155
193
173
143
153
140
126
142
125
119
125
113
115
111
108
128
71
94
149
142
136
120
138
121
123
125
121
164
260
130
164
163
157
136
152
165
106
35
12
194
119
121
147
144
142
151
134
167
206
369
255
262
234
107
11
9
9
138
115
115
118
129
123
131
121
129
145
145
146
154
129
143
14
163
189
202
169
156
139
9
9
294
216
165
163
168
166
