24
17
17
20
18
16
33
40
13
14
22
48
18
15
10
11
31
12
13
12
16
9
9
21
19
17
13
16
17
12
11
20
12
19
37
21
16
12
41
14
9
14
28
13
27
7
12
11
18
11
16
8
12
11
37
11
10
13
13
20
17
16
16
13
10
10
15
17
24
12
11
24
12
11
10
13
13
18
13
13
20
11
11
9
10
8
14
14
14
11
10
12
10
9
13
11
11
37
17
16
23
14
9
9
18
13
12
12
10
10
17
10
13
10
44
12
9
9
13
11
9
14
10
12
8
16
12
8
14
21
15
8
15
11
12
11
8
15
19
15
14
8
9
9
11
10
9
8
12
9
9
8
8
16
15
9
11
11
36
9
8
12
15
25
10
10
10
10
10
10
12
12
21
10
9
15
22
9
11
21
9
12
12
10
11
12
13
9
15
10
9
10
9
8
12
10
9
12
9
9
14
8
11
8
9
8
10
10
9
10
9
9
9
7
9
9
9
12
8
9
8
9
9
10
11
16
15
16
11
8
13
11
9
9
8
10
11
10
8
7
7
10
11
13
12
9
13
13
8
8
13
52
10
10
10
10
11
10
9
12
9
9
12
10
12
8
8
21
13
9
7
10
11
9
10
8
7
11
22
11
9
13
9
7
10
9
9
10
13
8
8
13
8
10
13
9
11
7
13
9
11
9
10
9
15
22
8
11
9
12
7
13
8
9
9
9
10
23
9
11
8
36
34
39
36
39
29
39
41
34
48
30
28
30
18
14
48
39
27
30
25
15
14
45
26
17
14
35
11
52
25
23
8
34
20
35
14
22
18
14
18
13
16
18
20
12
18
31
14
17
12
9
50
15
19
20
18
13
12
13
17
11
28
20
23
25
20
22
13
19
15
11
18
13
26
19
17
15
24
17
20
11
31
12
16
17
16
7
17
8
12
11
23
20
18
23
15
20
15
21
12
8
16
14
13
9
21
10
20
28
8
8
16
8
8
16
13
22
7
12
7
14
7
10
17
11
16
21
23
14
10
21
11
15
24
8
13
13
15
13
7
14
12
12
9
12
25
17
8
23
8
22
18
21
9
10
11
22
17
19
15
9
12
20
7
12
17
16
13
17
21
9
13
11
18
9
10
13
22
10
7
13
11
16
10
23
11
21
9
8
8
17
9
17
13
30
11
7
11
16
12
13
8
11
9
8
7
17
8
8
12
30
69
32
26
11
16
30
10
10
12
16
11
11
19
14
16
14
16
16
16
14
14
19
30
11
9
15
18
9
17
29
42
11
17
21
26
64
61
21
41
22
12
30
17
20
21
17
47
36
25
17
21
32
47
37
26
24
33
48
74
55
10
29
27
8
8
7
8
25
9
9
8
9
23
8
9
9
11
8
9
9
8
8
9
9
9
8
8
8
8
8
9
7
9
9
9
8
8
8
9
8
8
9
7
10
9
9
8
9
8
8
8
12
10
9
8
8
9
9
7
7
8
9
8
8
10
9
8
8
10
8
9
9
11
9
8
8
9
7
7
9
10
8
11
9
8
9
8
8
8
9
8
8
9
9
9
8
8
7
9
7
9
8
8
9
8
7
9
7
8
8
8
9
7
7
8
8
8
8
8
8
9
8
9
9
11
9
9
8
9
9
8
9
8
9
9
9
7
8
9
8
7
8
9
9
10
8
9
9
9
8
8
8
8
8
9
9
9
7
8
9
9
8
8
8
8
8
10
9
8
9
7
8
9
9
9
8
8
9
8
9
8
7
7
8
9
8
8
8
8
9
8
8
9
7
8
8
8
8
11
9
9
9
8
10
9
10
9
9
8
8
8
9
8
8
9
9
9
9
10
9
7
9
8
9
8
7
9
9
9
9
8
8
8
7
7
10
9
8
8
9
8
7
7
9
8
8
9
7
8
8
9
9
9
9
9
8
9
9
8
9
8
8
9
9
9
9
7
8
8
9
9
9
10
9
7
9
9
9
8
9
8
8
8
9
9
8
9
9
7
8
10
7
9
9
7
8
8
8
8
9
7
9
8
9
8
11
9
9
9
8
9
9
9
8
9
8
9
8
9
8
9
9
9
8
9
8
8
8
8
9
7
9
9
8
7
8
8
8
8
10
9
9
9
8
8
9
8
7
8
9
9
9
9
7
8
8
7
9
7
10
9
10
9
7
8
8
9
8
9
10
7
9
11
8
9
10
9
9
8
8
8
8
9
10
9
8
9
10
9
8
8
8
9
8
7
9
9
8
9
7
7
9
9
8
10
9
8
9
