27
15
54
20
40
30
54
12
19
23
16
18
21
41
14
12
36
19
11
20
19
11
21
27
17
14
41
15
19
22
13
18
25
15
10
15
16
37
17
11
14
14
18
25
25
16
10
14
44
16
20
12
10
21
19
15
12
20
12
10
12
13
10
17
22
23
14
16
9
24
10
17
16
17
19
15
17
15
25
31
33
16
9
11
17
21
12
11
25
10
21
9
18
10
12
11
19
9
34
13
35
54
13
19
12
14
11
16
11
23
19
14
10
23
13
20
10
12
10
12
9
12
11
14
13
11
13
11
16
11
12
12
11
11
11
12
14
22
15
8
10
11
11
16
12
10
14
16
13
14
23
11
16
9
17
18
29
14
13
11
9
18
13
13
9
11
10
13
14
10
18
18
10
20
8
12
12
11
13
10
10
13
12
9
13
13
22
11
10
15
9
8
8
14
10
10
10
12
11
11
10
14
17
11
10
12
11
13
9
10
10
10
9
12
10
12
13
13
10
9
9
15
13
12
12
8
19
10
10
8
10
15
10
12
19
14
10
9
10
12
9
9
9
11
11
14
11
10
8
9
32
10
10
8
13
11
10
9
12
9
9
12
9
12
13
10
12
10
11
10
9
10
10
10
11
12
10
17
10
11
9
11
10
9
11
11
11
9
10
10
10
9
12
9
9
13
9
12
9
11
14
10
13
10
8
9
10
12
14
11
10
12
11
12
9
9
10
10
16
12
10
12
13
10
12
12
9
9
12
10
10
9
9
8
9
11
11
8
11
12
11
11
9
14
9
11
10
9
13
11
11
10
8
11
12
18
10
10
10
10
13
10
10
12
10
10
12
9
10
9
10
13
9
9
9
10
9
9
8
9
9
8
11
8
11
9
10
9
10
10
9
9
11
11
9
9
9
10
13
10
11
9
11
10
10
9
11
10
10
8
9
9
11
9
9
10
11
10
9
8
9
12
11
11
9
12
8
9
9
9
20
11
8
10
9
12
8
12
10
11
11
11
13
12
10
9
9
13
10
9
9
10
10
9
10
9
8
9
10
10
9
9
11
10
9
9
8
10
10
10
8
9
10
10
10
10
10
9
10
8
11
10
8
11
11
9
10
10
8
11
8
9
10
12
10
10
9
10
9
8
11
10
9
9
9
10
9
12
9
10
9
10
9
10
9
9
10
9
9
10
10
10
9
12
9
10
8
10
9
10
13
10
9
10
9
10
10
9
10
12
10
8
9
10
10
9
9
9
10
9
10
9
9
10
10
9
10
11
9
10
9
9
11
9
9
9
9
11
8
11
9
9
10
9
8
9
9
9
9
9
10
12
11
9
11
14
10
10
10
9
9
10
9
9
11
9
9
10
9
9
10
11
8
11
10
9
9
9
10
9
10
9
9
10
10
12
9
9
9
8
10
9
10
9
9
9
9
9
9
10
10
9
8
10
10
9
10
10
10
9
11
10
10
8
9
9
8
9
8
9
10
9
9
10
9
10
9
9
10
10
10
11
10
10
9
10
10
10
9
10
9
9
8
9
12
9
10
9
9
9
10
8
9
11
8
9
10
51
13
28
25
14
27
22
26
26
25
10
23
22
28
10
10
24
24
21
27
27
26
25
21
22
24
24
23
11
24
25
23
25
25
25
13
21
28
26
24
27
21
25
27
27
22
25
25
27
25
23
23
25
27
26
24
13
27
25
24
25
25
27
23
14
10
24
28
27
23
25
25
27
24
22
24
27
26
10
10
9
13
9
11
70
25
136
82
129
24
155
50
77
69
57
43
39
84
24
39
53
42
44
66
44
43
56
64
44
37
39
64
43
55
37
40
144
71
42
63
59
40
32
68
42
55
39
40
71
61
13
54
59
80
75
72
55
38
38
51
49
56
38
14
107
41
35
37
42
46
39
39
36
40
49
13
36
67
47
11
23
39
13
38
39
12
40
17
18
38
43
14
15
22
10
10
45
10
31
20
32
37
36
36
15
26
33
27
12
13
11
22
16
31
42
12
11
45
25
11
40
34
11
23
25
24
15
38
43
12
11
34
16
27
30
13
37
41
12
35
11
29
38
13
11
10
37
47
24
82
33
12
38
22
38
10
29
31
9
29
30
36
12
26
35
11
26
46
19
38
38
28
24
39
36
31
12
23
22
28
29
27
14
32
32
12
20
12
15
11
34
12
11
35
11
23
12
34
34
39
35
24
34
41
10
28
54
23
34
58
35
26
15
12
34
38
43
41
52
32
51
32
28
28
25
127
29
36
42
25
38
39
34
