26
16
26
17
20
13
15
12
14
16
15
24
27
15
48
20
12
48
53
10
17
21
15
14
23
24
12
13
13
13
14
47
14
29
24
10
12
10
16
14
21
13
20
13
11
25
11
16
24
17
13
17
10
17
17
19
46
109
39
31
51
10
93
35
35
16
68
38
44
36
44
22
13
31
26
13
31
10
23
130
65
22
12
65
8
11
12
38
65
19
19
18
47
14
67
21
41
42
51
31
24
96
57
32
36
36
38
43
38
15
20
19
42
9
13
20
23
37
18
38
21
222
53
28
69
34
64
177
17
27
41
33
105
283
245
23
11
74
62
21
28
26
32
21
17
22
23
19
22
42
143
14
10
30
123
28
165
135
30
15
43
102
64
69
58
101
75
186
129
171
43
32
165
105
75
25
204
168
251
51
267
23
112
217
79
190
248
29
186
154
54
8
444
233
143
115
164
12
199
337
10
33
149
281
334
257
182
44
370
367
100
193
237
20
220
391
24
15
11
37
82
235
119
499
255
270
13
11
36
415
327
160
210
37
17
143
253
260
75
96
271
499
255
89
461
141
151
104
68
17
314
499
375
297
198
499
67
14
34
83
16
388
234
260
499
427
499
127
209
14
202
499
257
354
219
349
55
30
158
157
175
174
217
192
163
169
173
313
32
179
154
10
12
228
418
298
45
281
188
378
157
199
165
169
187
71
10
9
8
259
297
173
248
214
187
154
139
148
116
22
136
113
106
107
98
91
98
99
101
35
13
28
168
416
170
128
8
10
264
188
260
197
136
138
182
191
209
120
103
109
112
19
114
91
68
81
147
99
260
327
232
322
123
121
95
109
95
12
115
152
54
151
161
133
137
103
137
242
99
18
27
185
121
118
127
122
131
146
141
136
11
130
126
128
115
145
234
158
134
116
127
128
126
115
123
136
129
117
143
215
166
151
138
130
129
118
137
158
100
26
9
9
32
161
225
168
127
11
12
139
127
141
131
116
122
126
120
111
129
130
123
115
120
11
8
10
9
9
12
214
259
491
13
149
340
130
122
114
125
113
113
108
112
105
114
116
121
10
10
7
9
30
181
311
150
120
131
18
13
183
186
218
163
139
107
107
439
105
241
499
214
172
14
11
191
254
166
177
275
353
208
499
398
334
140
166
171
163
151
189
177
128
208
147
150
172
197
195
126
407
499
116
94
60
109
120
131
154
194
197
252
129
158
11
12
184
266
120
135
181
364
198
265
280
23
154
165
163
181
162
213
298
203
261
195
204
202
216
161
42
203
165
162
137
225
169
257
183
202
186
248
169
225
36
196
174
221
193
232
210
369
189
252
123
147
201
307
14
125
141
181
468
25
180
312
214
36
10
9
164
223
282
293
327
333
173
180
189
219
205
191
314
163
144
137
214
150
150
135
117
126
143
144
124
237
9
499
241
20
12
14
62
150
144
152
146
158
499
31
15
121
129
135
136
149
154
134
139
148
140
120
115
112
53
141
125
162
122
115
136
126
159
142
250
218
176
155
447
165
120
210
499
67
125
241
171
499
322
251
499
95
17
469
288
499
193
215
224
499
34
131
318
175
13
15
15
95
96
106
127
225
300
499
215
499
499
499
499
499
96
499
499
189
109
142
151
30
15
116
499
276
118
93
499
127
97
82
125
499
180
119
24
19
112
101
81
112
109
80
104
106
82
98
108
110
106
101
117
139
154
131
118
125
113
100
100
95
13
17
102
101
134
128
130
130
121
125
133
136
170
176
181
228
137
98
95
100
116
119
108
145
123
143
133
123
133
112
109
133
131
111
125
119
167
352
16
8
300
240
214
260
258
194
210
198
186
158
176
142
187
182
10
11
8
183
141
143
112
124
146
164
197
166
188
242
230
200
198
214
486
187
9
192
240
289
301
44
174
232
260
202
182
188
181
216
151
250
212
331
224
165
177
214
213
160
149
260
118
172
134
136
201
286
440
215
165
235
235
185
183
233
248
361
467
274
193
228
214
159
314
244
259
219
167
213
235
191
224
288
240
228
346
422
250
236
198
186
251
210
205
83
48
22
34
24
309
135
164
177
165
168
177
179
185
170
176
334
189
210
167
193
175
203
164
176
192
239
214
201
219
286
258
174
190
21
240
237
300
223
284
441
222
184
182
208
171
150
141
260
197
196
171
163
158
10
182
224
150
140
152
155
174
169
267
165
233
203
180
174
266
107
102
141
191
137
157
159
160
47
11
22
24
51
10
10
9
8
11
21
51
17
9
103
144
193
188
186
194
191
176
