30
49
16
16
22
14
17
11
12
17
20
39
18
32
17
26
23
16
46
32
10
21
23
16
15
17
11
22
91
13
17
20
19
21
18
11
20
12
62
39
17
21
21
48
17
14
28
34
21
29
54
24
21
56
30
40
96
23
14
25
58
27
110
38
45
80
78
49
18
49
17
31
53
31
33
42
61
38
24
42
21
28
106
18
22
44
41
50
39
37
37
80
48
44
133
34
13
15
122
34
120
28
29
116
68
50
28
28
29
37
38
15
61
29
19
49
60
40
33
18
74
26
14
62
21
26
36
40
52
74
116
13
105
22
28
242
197
132
16
18
15
12
18
17
10
17
13
32
72
95
99
15
23
95
48
115
116
139
74
137
110
18
14
22
100
21
25
32
47
33
79
145
131
110
20
174
183
145
59
97
77
44
51
55
25
19
29
29
36
78
64
105
18
19
131
156
21
24
98
129
143
203
99
208
124
143
132
35
66
75
65
147
186
24
17
84
97
30
66
78
76
130
103
58
88
131
36
97
37
15
94
152
145
14
208
139
232
67
45
156
178
130
154
96
142
150
500
12
129
13
28
243
197
214
120
13
14
13
11
27
16
26
55
164
146
120
106
11
13
135
88
87
266
11
23
122
101
146
135
171
11
156
127
108
127
13
12
9
14
150
19
119
117
134
76
136
131
126
110
127
115
18
18
17
107
105
112
10
107
104
105
25
18
117
135
86
117
142
46
29
49
30
35
46
135
110
116
110
92
107
78
16
15
23
10
14
17
15
19
19
89
147
361
147
15
111
244
48
154
27
12
25
121
158
108
104
111
109
11
12
13
147
443
91
15
116
177
35
96
101
109
11
125
12
307
96
14
125
125
34
13
10
31
37
174
90
86
121
97
83
96
116
110
17
91
88
81
21
136
154
169
110
96
160
135
152
67
161
401
31
118
29
12
12
30
36
13
32
13
75
136
75
16
89
134
59
209
262
13
160
256
26
453
11
10
15
42
11
26
88
108
125
282
130
24
132
154
107
119
114
20
10
161
15
15
46
136
135
107
196
31
16
16
44
156
41
11
87
143
186
183
37
13
130
148
166
186
223
125
44
33
10
34
14
16
200
439
130
14
64
120
130
188
92
37
12
27
11
33
35
500
116
131
500
12
12
12
151
26
34
41
50
367
128
30
315
154
36
39
32
40
40
40
120
500
18
285
29
147
34
29
229
17
26
223
85
159
201
135
500
87
59
26
140
38
220
68
75
36
166
194
131
119
106
87
27
15
22
17
13
12
12
11
10
52
90
118
113
126
73
69
84
108
103
72
79
106
101
11
167
85
115
124
90
170
37
12
37
277
146
167
18
9
111
94
90
31
15
18
16
101
159
197
133
11
9
12
12
182
141
111
188
70
70
157
120
108
102
13
35
358
98
11
238
9
500
25
24
21
28
34
363
13
29
109
129
122
95
67
34
42
171
330
28
10
9
9
11
65
129
124
49
126
30
142
140
207
210
170
13
35
94
106
61
71
61
57
107
151
57
16
27
56
80
86
100
18
97
125
34
11
11
30
76
35
58
79
128
500
138
164
158
11
35
11
27
12
24
11
140
21
54
74
22
137
292
110
102
108
106
104
102
122
22
500
17
91
155
115
119
168
255
96
9
10
22
16
26
18
20
18
14
16
12
17
15
16
20
13
15
13
17
17
13
15
13
12
17
14
19
86
89
82
106
109
125
67
72
172
47
61
11
28
12
19
24
75
60
75
78
67
112
66
19
28
70
52
59
64
500
205
34
160
119
86
301
51
30
41
13
12
13
35
436
28
12
41
33
268
122
342
105
118
105
80
152
51
128
112
124
128
115
178
72
105
158
125
52
122
35
86
28
209
29
125
132
113
194
11
13
18
13
12
14
15
13
11
24
71
90
73
47
18
22
20
21
20
18
16
18
21
20
19
18
18
16
18
20
18
16
19
20
23
21
66
160
79
135
345
132
82
77
67
31
242
89
95
106
98
104
105
19
15
14
18
16
23
18
96
21
101
24
12
103
112
107
101
113
114
117
71
108
130
96
90
102
87
61
102
37
9
13
18
22
23
18
25
21
19
23
16
18
18
18
14
22
18
21
21
17
20
20
20
21
23
22
21
19
18
18
16
17
20
21
11
24
21
87
80
112
96
113
102
12
98
93
117
120
109
50
138
10
45
11
13
137
147
124
121
109
102
13
10
10
121
122
119
117
10
11
13
122
123
115
93
116
114
11
19
115
125
129
123
95
140
147
27
152
28
73
