30
23
29
11
15
20
16
62
14
20
18
22
16
11
65
21
43
14
10
23
26
13
9
16
11
15
14
18
22
30
15
14
21
29
20
14
13
24
17
9
15
20
10
12
23
17
10
12
13
16
28
29
15
14
13
14
13
9
11
11
14
18
8
10
15
9
23
14
12
16
12
16
17
28
11
8
14
17
13
8
15
22
22
15
9
9
12
13
10
10
19
8
12
17
18
14
9
12
11
15
12
9
17
7
15
13
17
22
14
15
21
13
10
9
9
16
9
9
7
12
13
13
17
9
20
15
22
12
11
12
10
10
14
9
14
13
11
17
13
13
11
14
18
14
21
35
28
20
25
24
25
40
31
33
37
30
15
72
29
28
26
25
24
30
82
52
47
33
123
33
35
54
89
59
53
32
75
40
37
115
103
31
19
82
25
46
30
47
59
45
44
28
27
118
81
58
42
146
41
33
89
74
52
27
45
70
53
53
99
17
190
61
117
49
49
146
45
60
101
78
57
93
75
36
106
179
72
50
60
57
9
23
156
15
61
13
9
49
23
80
26
51
57
9
59
116
10
10
13
9
9
9
10
8
8
8
12
9
9
10
18
16
9
9
40
11
9
9
8
7
10
8
7
11
9
9
11
9
12
8
9
12
9
10
9
7
9
13
11
8
9
11
10
11
9
9
11
13
8
9
8
7
8
10
15
10
9
8
10
11
11
8
9
12
9
12
9
8
10
11
8
7
10
8
8
9
10
9
13
11
9
8
8
8
8
9
11
9
11
9
10
7
11
10
9
9
9
8
8
12
8
10
12
10
8
12
13
9
9
10
8
9
9
8
8
8
10
9
7
11
9
9
10
9
7
11
9
9
8
8
9
9
8
8
9
7
9
9
9
9
9
8
9
9
8
8
8
8
9
8
9
10
10
7
8
10
9
8
9
8
8
9
7
8
9
11
14
87
9
9
11
7
9
8
8
16
11
9
9
10
9
10
13
9
9
9
9
9
9
9
7
9
7
8
10
11
9
10
9
9
9
8
9
10
11
9
9
8
8
11
10
8
10
12
9
8
9
9
10
9
9
8
7
10
9
9
9
8
11
7
8
9
8
9
8
8
9
9
9
11
9
9
9
8
9
8
11
11
9
8
9
8
8
8
9
9
8
9
8
9
10
8
7
9
8
10
7
9
9
9
9
11
8
9
9
8
7
8
9
10
11
9
9
9
9
8
8
8
10
10
9
9
9
10
9
9
8
10
9
12
7
8
8
7
9
7
7
9
7
8
9
8
8
7
8
8
8
8
9
9
9
8
10
8
8
9
9
9
9
9
8
7
9
8
9
9
8
8
8
9
8
10
11
8
8
9
9
9
7
8
8
9
11
9
8
8
10
8
9
9
8
9
9
9
8
11
9
8
8
9
7
8
7
9
9
9
9
8
10
8
9
9
9
9
9
8
8
8
8
8
7
9
9
8
7
8
10
9
9
8
9
8
9
9
8
8
9
8
9
8
9
8
9
8
9
8
9
8
8
9
9
9
9
9
8
10
9
8
7
7
8
10
12
9
9
8
10
8
9
9
8
8
9
10
9
8
9
8
8
9
9
8
9
9
8
9
12
9
11
10
9
8
7
8
8
9
8
8
8
8
9
9
8
9
8
9
11
7
7
8
9
11
8
9
10
9
8
8
8
10
8
8
7
7
9
8
8
9
9
8
8
9
9
7
8
9
9
8
8
9
9
9
9
9
8
24
9
9
9
8
9
9
8
8
8
8
10
9
8
9
9
17
8
8
9
10
8
8
9
10
11
10
10
9
8
8
9
8
9
8
8
9
8
9
9
8
8
8
8
9
10
9
9
8
8
8
9
9
9
11
8
8
9
8
9
9
9
9
9
9
9
8
9
9
9
8
9
9
9
9
8
8
7
9
9
9
9
8
12
10
9
9
9
10
9
9
9
8
10
9
9
8
9
9
10
24
9
8
10
9
8
8
9
9
9
8
10
10
8
10
9
8
25
10
9
10
9
8
9
9
9
9
9
10
9
10
9
9
9
9
9
9
24
10
10
24
9
9
9
10
25
10
8
9
10
10
25
10
11
79
27
33
10
26
22
11
10
35
10
10
37
81
25
47
19
79
20
21
23
22
63
23
26
29
89
89
35
52
65
202
80
89
102
144
72
128
63
128
93
63
193
67
58
217
39
151
111
48
36
40
23
11
66
47
73
17
73
7
9
75
9
287
8
79
113
22
9
61
27
9
50
32
9
73
84
76
72
40
85
13
