32
19
42
17
25
13
8
8
33
19
16
9
16
44
19
39
20
13
16
35
24
14
27
12
11
27
13
13
18
17
22
12
11
12
24
25
12
13
13
15
22
50
28
13
50
14
16
10
13
13
14
17
12
18
13
11
34
23
14
70
30
67
22
24
9
24
11
11
27
19
15
20
16
20
38
51
30
53
79
21
17
37
37
20
107
15
132
20
140
14
131
16
91
18
10
9
7
14
13
13
18
35
17
33
41
18
26
147
41
64
36
21
45
80
16
22
78
13
42
16
27
21
80
30
27
28
20
52
43
24
176
118
123
99
85
105
108
44
26
105
43
160
168
74
45
196
81
21
329
9
17
10
38
52
175
105
27
233
97
66
157
19
66
51
106
156
58
86
60
184
380
12
12
28
79
264
77
76
19
15
62
165
168
33
101
334
202
132
54
117
101
26
28
108
19
79
27
98
29
54
60
140
111
122
14
122
73
128
194
115
187
85
14
25
14
26
41
86
243
67
53
127
149
129
18
160
9
15
8
14
10
51
157
13
11
161
133
50
12
20
15
12
171
135
29
28
23
352
24
172
87
480
19
38
13
40
374
52
135
252
212
12
9
462
499
39
89
149
154
67
33
353
355
428
11
10
14
12
12
13
59
45
419
261
11
15
14
18
42
63
22
13
97
121
499
56
181
111
22
10
35
12
31
31
40
136
93
13
94
53
98
102
102
25
93
13
12
77
73
105
28
54
177
127
128
184
82
94
101
87
126
90
100
76
121
12
128
101
130
109
105
165
10
13
231
169
386
16
13
9
10
77
16
62
159
121
137
13
132
128
104
99
107
15
12
9
8
9
10
69
166
16
16
451
35
311
31
108
176
307
10
41
137
499
34
23
36
382
9
45
83
94
96
11
96
94
15
77
100
123
124
36
136
207
111
10
166
101
103
131
109
109
186
11
37
14
162
249
16
43
248
29
68
265
116
37
97
37
22
16
19
13
102
112
103
105
103
97
71
21
96
103
93
15
93
14
87
129
14
59
46
43
144
207
122
125
12
178
179
115
140
11
224
12
25
200
26
138
10
129
147
108
12
19
111
107
136
130
150
172
11
228
135
123
131
115
105
97
110
107
108
119
51
20
16
59
144
219
11
201
27
13
247
350
280
166
137
8
154
174
131
32
14
30
17
227
142
223
256
155
117
123
19
15
18
11
63
32
36
186
165
182
85
22
109
70
119
180
60
305
76
28
12
92
138
159
237
150
168
155
37
34
278
341
122
223
185
259
28
105
30
87
335
178
144
71
387
335
128
277
149
124
96
15
15
130
106
163
26
15
9
18
91
44
177
113
109
95
190
138
73
49
80
277
114
55
27
89
80
26
103
116
110
106
116
115
150
111
15
15
15
14
12
15
33
85
13
11
100
118
92
26
95
243
67
23
17
15
65
301
186
148
113
99
181
253
113
10
11
29
10
11
13
41
40
99
39
35
42
140
237
108
113
116
108
225
110
133
31
28
33
31
42
150
145
152
49
157
236
16
15
106
67
76
126
117
114
100
233
125
109
104
111
26
123
55
13
72
175
161
10
228
124
25
11
40
12
12
84
27
15
13
56
18
9
11
47
45
23
32
35
158
121
124
221
130
109
114
132
102
24
45
67
105
29
95
81
108
123
114
105
101
112
111
112
19
125
134
138
129
123
26
32
12
27
37
79
122
180
156
125
115
112
116
105
104
103
101
235
226
21
33
15
202
135
127
382
425
13
17
19
17
14
12
13
15
15
20
81
92
203
133
45
45
82
62
43
58
31
33
88
84
107
104
107
249
12
14
16
19
19
92
109
92
71
27
44
86
93
61
73
11
12
59
10
20
55
39
58
75
117
56
48
91
31
37
52
96
102
89
111
17
101
156
12
238
9
51
47
139
124
99
122
224
58
120
79
47
32
69
134
89
130
147
191
15
47
79
48
245
34
72
276
20
41
236
28
22
136
109
97
97
98
107
104
100
94
103
98
106
100
11
100
112
197
150
114
82
84
84
94
73
30
57
56
104
76
66
65
58
69
25
9
111
99
41
135
85
105
153
209
33
19
11
11
65
189
100
107
98
119
110
157
158
23
173
13
130
136
111
106
117
21
100
163
120
193
10
12
13
490
131
27
182
499
26
11
118
126
122
170
175
304
11
12
137
150
187
41
61
45
157
322
99
103
120
21
367
112
101
38
67
108
49
130
101
260
181
57
101
139
177
97
24
32
17
31
144
158
110
109
95
97
25
28
16
17
14
16
15
