40
14
16
24
14
33
17
10
11
40
28
13
38
22
17
44
18
14
16
9
16
17
12
21
30
24
18
11
26
10
37
9
29
26
23
10
18
25
9
24
32
21
15
36
13
21
15
55
23
26
16
87
12
17
20
20
18
22
24
11
19
15
77
42
12
12
50
29
28
36
39
57
12
17
9
29
20
10
24
76
68
17
44
21
75
18
18
64
35
29
19
34
43
62
82
17
28
85
106
53
27
111
53
35
70
12
26
112
10
52
17
40
38
54
21
116
23
74
15
84
73
92
101
48
79
12
80
91
68
160
64
134
67
238
21
21
85
37
58
17
91
106
17
14
53
72
85
258
34
103
21
98
101
13
147
17
121
32
182
50
42
53
209
26
125
95
117
68
84
169
138
17
74
31
85
12
20
90
40
13
63
409
39
138
12
109
45
283
46
36
345
69
157
245
252
95
22
170
10
14
176
113
147
211
11
26
266
30
247
64
211
25
51
22
188
112
11
27
154
161
44
160
13
14
15
18
27
116
120
70
16
9
13
15
260
173
21
73
41
202
36
169
45
462
499
93
160
33
333
12
25
81
15
170
15
10
8
34
499
471
41
29
11
87
53
499
346
29
499
499
263
12
12
62
252
171
499
286
40
9
16
13
12
10
10
60
57
480
137
61
73
80
111
106
46
17
15
28
22
16
91
282
66
16
201
239
160
178
12
94
13
17
122
14
92
132
217
164
135
133
42
142
64
34
12
78
24
12
195
33
106
122
16
69
13
204
104
12
80
73
130
41
36
198
135
499
131
85
26
134
16
195
13
30
25
29
499
499
233
18
97
45
25
28
69
20
209
30
36
250
169
336
133
54
197
204
172
11
285
14
153
171
108
104
101
107
111
16
144
201
107
326
110
76
310
29
11
168
13
118
17
135
97
93
17
85
147
319
23
14
98
13
117
499
499
499
499
37
499
148
204
121
105
144
22
90
19
11
10
12
16
19
136
499
106
90
17
10
119
156
275
10
54
167
67
27
133
162
170
23
11
29
12
99
131
163
189
37
338
47
39
10
499
168
112
99
25
104
66
134
13
99
108
137
163
275
144
119
14
12
16
139
109
97
96
127
11
154
49
20
28
131
78
68
30
120
99
211
108
101
13
105
279
31
18
16
12
11
17
10
15
14
17
90
45
268
164
142
324
28
27
53
16
48
499
395
70
499
117
25
9
9
30
15
219
499
136
126
131
70
27
56
73
102
42
55
35
499
188
170
8
29
287
499
12
158
196
12
123
170
115
65
139
100
87
35
280
346
121
114
417
78
499
133
203
13
10
16
14
67
499
383
276
65
87
59
181
10
11
17
10
13
11
10
11
10
10
10
14
9
15
11
19
97
499
34
38
77
16
44
74
61
149
139
147
12
28
499
140
141
97
114
168
208
32
14
22
15
27
117
62
10
121
129
499
24
126
114
10
91
293
499
61
28
10
10
11
30
25
499
344
480
50
200
218
67
109
53
103
374
95
10
52
102
91
87
20
25
15
451
94
102
104
392
127
442
188
148
174
499
120
95
36
37
14
169
68
398
9
65
32
21
27
27
85
11
163
154
77
11
31
108
100
99
96
96
96
95
12
97
113
96
152
198
14
390
326
235
29
44
218
456
11
12
16
51
29
499
156
151
499
343
32
191
172
166
129
157
149
154
20
40
12
14
14
12
12
11
10
14
19
22
102
39
28
65
145
172
187
12
12
24
72
103
155
212
157
64
17
23
148
25
38
53
46
129
149
117
101
141
11
192
56
154
130
12
159
33
12
143
9
8
95
265
170
55
101
198
26
15
15
16
19
18
88
108
98
97
100
92
123
244
499
104
51
71
21
110
37
134
261
220
112
115
128
120
125
123
169
11
99
24
12
30
14
15
40
208
184
149
98
13
96
10
35
9
9
107
248
379
101
31
10
10
27
15
10
10
19
22
12
15
85
100
117
25
103
93
90
95
24
20
16
24
15
18
20
17
17
17
17
19
22
20
85
94
93
120
80
116
115
135
116
107
109
104
41
129
124
52
323
277
140
146
10
28
49
27
499
22
12
100
86
112
71
27
10
11
11
12
41
12
59
34
15
149
499
10
131
102
113
101
104
128
98
156
129
120
120
115
135
21
27
39
35
31
18
147
120
159
93
36
31
46
129
226
20
28
103
159
197
13
37
10
123
181
33
33
139
143
499
174
105
42
58
110
137
84
201
62
499
40
30
25
24
108
177
39
30
16
10
15
14
9
22
134
120
446
15
381
