32
21
25
17
20
34
10
16
15
43
11
13
35
15
22
39
9
38
20
12
11
17
29
23
12
14
10
15
34
15
17
11
20
26
59
21
31
28
23
12
9
33
14
17
13
10
15
11
22
9
9
31
28
18
10
14
25
30
46
23
19
20
12
30
62
9
14
19
37
17
15
20
17
16
19
60
56
46
69
53
19
42
43
39
35
13
34
29
36
25
31
102
19
10
47
20
23
64
30
64
10
62
67
100
23
16
41
49
107
22
39
51
80
56
35
51
25
62
37
14
20
38
33
57
39
31
88
53
47
53
133
12
46
21
23
18
40
28
141
138
54
100
123
168
226
358
22
54
142
114
80
121
241
86
30
19
71
281
69
182
195
264
91
22
9
194
22
216
197
33
79
326
238
27
208
28
149
22
60
16
180
106
176
27
33
103
179
104
13
120
193
158
137
67
80
52
232
118
211
12
383
20
202
140
72
222
76
124
198
499
189
134
13
331
22
251
186
36
499
69
499
184
245
12
445
392
235
108
143
19
13
137
37
30
11
256
244
87
137
188
9
15
145
210
365
499
28
251
28
188
142
318
244
138
20
13
142
499
46
118
21
499
94
499
33
46
223
169
12
203
245
202
14
15
13
203
268
196
363
215
51
260
232
499
499
28
215
205
499
499
90
13
13
10
55
420
374
146
107
123
119
161
154
158
154
132
130
334
166
137
41
10
33
8
214
133
129
149
267
383
240
205
56
14
10
31
147
47
118
212
10
12
314
195
142
181
204
190
179
180
232
280
269
395
245
311
383
248
53
13
11
27
43
41
58
233
26
131
176
170
220
184
151
129
141
396
170
163
155
146
167
482
333
283
192
499
50
404
499
81
11
499
30
499
43
499
189
499
499
128
134
238
12
124
160
203
236
499
499
343
11
11
49
23
33
499
463
110
118
113
121
318
248
151
200
420
12
16
60
111
372
369
499
499
140
499
499
69
76
27
84
11
147
156
131
140
117
101
113
113
119
114
120
106
19
17
21
16
14
14
11
16
16
14
16
19
27
125
224
316
448
11
219
275
419
320
267
244
132
132
140
13
117
129
125
125
127
139
141
141
142
11
124
13
12
110
123
124
127
133
118
118
12
10
12
114
12
12
119
120
114
117
126
115
121
117
129
94
136
150
155
176
155
155
129
125
147
132
115
116
129
152
119
120
126
127
130
122
154
69
129
135
141
133
124
139
120
114
121
111
121
125
119
128
124
150
133
167
130
100
139
185
233
458
292
499
162
177
143
150
144
150
176
216
395
121
134
113
107
40
19
24
132
499
114
102
95
100
111
124
141
102
116
102
111
104
103
96
109
97
93
91
16
12
12
8
12
10
12
14
11
11
12
15
14
12
13
15
12
15
19
391
218
127
93
137
374
137
119
121
105
115
106
113
115
138
110
103
138
137
499
13
17
108
158
148
241
499
140
142
132
132
115
84
13
12
13
31
21
13
96
160
423
187
162
154
174
155
131
125
116
109
98
93
104
12
14
96
100
100
97
94
97
92
94
101
96
96
102
116
105
119
107
94
98
96
107
102
105
33
107
143
101
94
47
187
148
129
172
157
189
172
149
154
206
149
128
124
130
426
18
38
192
225
161
166
275
499
225
499
379
151
113
12
13
10
13
11
14
11
12
13
12
11
10
12
12
10
10
14
14
12
13
11
12
12
13
12
10
13
16
16
14
21
22
23
15
16
16
17
20
23
19
22
25
64
13
34
52
499
499
499
499
499
499
499
109
32
99
321
499
98
43
11
12
111
464
122
119
124
184
383
147
106
89
88
85
93
89
89
88
87
94
89
91
10
11
12
96
90
133
159
287
137
132
230
118
111
98
105
112
103
113
111
100
112
108
97
93
26
106
51
34
142
141
90
119
111
143
185
283
157
411
248
166
192
245
166
182
185
169
177
230
195
120
99
104
119
137
147
223
300
143
148
187
218
154
161
77
133
447
225
224
216
288
168
148
150
190
499
10
9
12
12
12
13
13
12
16
15
19
104
169
287
227
394
124
104
109
193
170
270
361
145
117
127
114
113
119
117
127
121
106
8
10
122
123
11
125
140
143
140
149
132
135
128
136
11
131
132
136
148
137
29
32
29
38
138
125
136
125
122
116
109
113
12
109
109
117
111
115
52
129
166
141
131
151
152
142
144
160
150
164
131
123
113
116
119
116
127
115
98
101
100
98
104
95
12
50
110
104
122
133
159
171
185
151
136
122
127
108
112
108
120
117
104
97
90
114
107
