34
18
17
35
14
11
10
16
11
17
12
20
19
24
59
20
32
11
38
14
11
17
17
17
21
54
15
18
22
21
20
15
21
15
25
18
16
24
15
20
10
16
17
15
35
26
28
18
18
15
10
17
9
13
9
20
9
14
13
9
17
9
20
20
33
40
17
21
15
32
25
12
18
10
18
15
24
14
24
16
59
66
139
14
14
16
36
21
10
13
11
35
10
18
9
40
37
64
45
26
48
47
32
33
31
60
14
12
18
23
32
27
21
25
79
37
37
44
73
19
15
31
92
39
59
44
44
25
28
53
37
33
58
15
28
34
30
34
40
25
40
76
39
82
90
110
61
43
23
23
16
15
15
19
10
15
14
35
17
37
35
69
76
44
75
120
275
52
138
169
372
14
198
176
64
211
126
128
100
58
209
177
115
177
20
160
145
273
75
216
24
9
263
175
12
62
130
427
45
18
10
169
139
63
11
10
59
128
292
84
166
36
178
174
195
318
338
160
10
35
234
209
128
135
97
13
13
25
51
110
348
39
162
129
82
161
153
158
13
82
332
37
220
195
10
185
162
173
163
31
15
37
32
499
268
139
16
57
26
16
312
363
43
169
221
295
38
163
57
24
16
143
157
117
148
144
105
132
157
203
102
16
391
214
156
250
74
39
194
296
200
164
262
256
34
33
396
363
35
56
499
309
181
162
214
277
499
231
26
203
191
199
254
139
133
129
200
311
244
10
30
42
32
66
234
111
189
176
184
173
13
201
158
117
152
194
238
323
425
48
247
52
190
194
133
235
150
194
162
138
120
145
143
158
405
262
169
188
238
13
127
133
153
174
152
147
194
77
52
20
46
229
175
256
360
190
499
473
499
499
46
31
29
272
220
179
134
137
148
148
146
160
185
187
153
144
136
124
159
153
362
499
102
7
16
14
34
56
184
175
33
155
213
193
200
151
205
158
154
141
150
169
153
74
13
64
11
57
123
185
202
207
200
184
198
203
188
229
392
180
150
163
156
145
34
55
107
144
143
134
162
278
224
248
340
30
258
167
164
305
296
182
162
12
145
133
157
168
154
160
131
25
12
12
128
157
151
158
235
222
238
227
197
220
279
236
256
251
224
198
10
187
183
164
140
135
129
121
126
117
18
120
184
175
182
169
187
209
144
88
123
214
216
407
457
268
101
16
13
72
151
499
100
103
102
109
118
163
192
160
152
159
148
144
133
111
120
133
130
154
151
146
113
117
101
9
10
8
10
10
12
12
11
32
42
11
31
499
106
499
450
387
200
206
225
200
11
219
499
194
129
161
246
20
9
10
57
63
44
173
499
320
192
152
187
206
264
233
205
182
257
281
332
197
149
166
139
198
193
171
175
160
135
149
198
22
10
15
12
87
13
499
139
142
292
215
242
203
499
499
74
499
499
97
11
9
14
24
54
15
27
13
499
107
100
105
107
113
105
106
103
102
102
102
103
113
103
107
104
108
106
116
114
124
136
169
159
134
141
149
147
142
117
171
193
152
162
199
156
184
167
135
204
217
155
143
295
499
499
499
164
166
167
211
177
143
173
151
154
160
168
173
284
199
148
130
168
198
213
196
179
165
191
170
143
132
126
135
115
88
59
14
114
102
114
280
206
309
248
213
24
176
273
306
248
338
499
499
219
161
169
226
285
10
14
12
120
193
341
325
289
452
327
369
305
268
243
208
205
256
499
149
227
239
499
167
129
139
15
11
8
8
13
320
367
174
147
143
160
207
263
272
60
197
196
172
150
210
205
148
142
139
193
239
232
187
161
12
145
200
228
486
235
344
364
234
175
155
196
182
466
196
170
172
227
499
160
21
9
205
190
152
146
169
141
151
154
176
137
157
136
128
130
124
110
123
116
119
132
120
117
129
119
119
116
116
128
136
137
125
123
112
124
112
12
9
10
13
14
12
13
12
17
14
16
18
20
123
206
290
147
112
10
237
276
428
345
436
395
205
121
14
8
12
69
190
351
134
106
110
129
169
121
98
108
138
122
142
128
213
492
181
168
142
117
116
120
118
112
117
115
94
112
124
10
10
9
164
358
293
499
237
119
377
137
13
113
143
136
145
134
122
154
148
173
180
147
143
154
175
213
204
168
142
128
133
110
13
16
10
9
7
8
10
13
12
16
11
11
10
10
11
15
14
16
13
13
14
13
18
17
18
126
152
182
368
194
294
197
499
197
155
223
260
496
170
120
146
216
499
108
211
499
209
139
126
12
153
174
137
143
121
163
151
163
163
347
40
9
9
