33
9
19
20
16
24
15
14
24
11
26
18
9
13
15
19
13
18
18
32
14
60
20
17
22
21
14
20
10
19
18
68
17
12
10
23
13
18
20
27
22
19
10
17
15
38
22
14
13
13
16
15
27
17
15
12
24
9
11
14
16
10
13
12
9
26
13
25
14
18
10
14
14
9
10
11
12
13
13
9
9
16
12
10
26
10
10
8
8
9
9
12
13
11
9
13
16
23
12
10
18
8
19
9
11
20
16
15
27
33
16
10
13
15
11
13
8
16
8
10
14
17
33
18
10
28
24
15
15
35
40
38
52
74
34
41
160
106
134
66
29
142
314
67
28
49
31
90
15
40
28
37
25
52
29
31
52
35
63
13
38
18
37
24
52
41
39
44
79
33
120
197
282
131
14
152
27
125
52
47
13
62
36
103
32
167
81
146
81
40
83
30
118
311
36
101
44
113
62
31
51
47
28
49
103
75
36
58
48
44
38
171
81
36
51
97
50
30
33
30
34
48
87
38
43
34
22
60
111
47
86
39
43
194
76
10
20
18
20
35
31
10
25
20
16
22
19
17
30
15
17
23
72
29
31
22
20
16
38
15
19
20
14
37
29
13
20
22
21
11
25
24
13
23
25
34
22
69
70
32
18
14
16
15
16
21
21
33
18
24
14
28
20
25
19
22
20
31
19
17
17
15
22
28
41
20
44
19
17
12
26
21
20
24
44
42
46
32
26
62
19
23
49
33
16
29
31
22
19
13
42
35
24
60
26
16
20
42
20
23
22
31
60
31
20
30
27
45
46
19
46
31
27
28
18
29
10
31
36
24
16
24
29
28
62
32
23
26
55
31
37
31
32
23
51
55
16
44
31
29
63
31
33
56
24
48
43
78
17
32
34
15
30
20
30
18
54
43
24
39
18
32
17
38
34
38
26
18
21
42
19
30
13
38
26
44
16
25
32
72
23
29
22
50
33
20
15
16
29
24
44
30
30
17
28
36
28
23
44
23
25
22
40
53
27
62
45
35
22
30
22
40
25
24
27
21
24
25
19
30
29
19
47
22
26
38
33
29
30
49
53
43
46
31
24
15
38
25
32
39
20
14
16
19
19
22
14
23
69
23
26
27
27
17
27
43
28
47
22
22
39
18
24
12
27
32
22
25
53
27
37
21
27
35
16
20
28
40
13
25
32
21
24
25
33
28
27
31
40
44
30
21
45
29
21
28
22
26
29
29
29
32
19
30
29
18
29
21
33
33
23
26
76
20
42
37
30
66
74
71
20
32
22
36
10
23
20
37
73
28
35
69
33
27
36
44
20
17
32
23
76
38
17
49
125
28
16
23
62
24
26
28
74
59
81
22
18
19
32
39
25
44
20
55
78
15
58
13
35
21
19
28
40
98
24
27
39
23
35
19
51
24
22
60
22
62
27
11
21
50
45
19
87
71
88
23
39
23
26
51
49
31
34
22
21
19
25
24
22
35
17
18
16
32
66
20
23
22
28
27
22
23
26
31
24
24
19
25
25
39
13
30
28
26
17
25
24
27
24
29
27
87
43
16
25
61
28
28
23
23
14
19
28
41
22
21
24
33
22
62
26
21
23
67
22
41
20
79
28
18
42
26
28
21
20
74
30
22
11
25
22
23
34
22
20
24
21
31
26
23
25
19
16
22
24
25
19
32
24
19
15
54
10
26
19
21
34
11
34
34
37
53
11
26
21
86
49
58
21
22
39
71
17
21
24
22
17
21
19
24
29
24
22
24
23
29
24
20
22
25
28
23
20
19
10
30
21
25
20
40
25
21
20
69
17
35
22
19
26
18
20
24
14
19
25
24
24
16
24
22
61
19
24
105
26
24
24
22
23
18
14
36
24
20
25
26
24
64
9
23
26
21
16
18
14
32
45
58
52
10
20
27
25
18
44
24
20
20
10
17
17
12
44
20
23
29
18
19
20
69
22
25
13
25
15
24
21
16
25
25
10
25
47
26
16
28
68
35
12
37
25
22
45
25
26
31
51
24
23
65
21
26
10
27
21
11
38
11
105
25
19
28
17
76
21
77
67
18
22
25
18
45
33
25
24
13
24
45
58
17
25
25
22
26
30
42
48
41
22
23
53
37
37
15
27
17
33
56
34
35
44
49
55
22
51
9
20
41
53
65
28
18
21
62
38
9
22
18
41
12
23
11
50
51
49
41
12
22
14
11
71
25
41
51
9
39
51
22
19
16
25
18
17
27
26
69
18
39
20
31
15
16
30
24
28
52
15
27
21
29
