37
17
23
19
24
22
14
11
11
19
15
24
12
13
21
11
11
20
12
21
25
22
14
11
11
18
14
12
15
13
20
17
11
13
15
24
16
10
16
14
59
27
9
18
16
23
16
14
12
34
26
47
19
21
25
34
24
12
21
12
16
12
10
19
11
14
13
11
8
13
35
14
28
14
19
23
36
32
32
52
26
50
13
30
8
15
18
9
15
8
16
11
12
13
16
24
16
17
12
52
38
70
49
29
81
48
77
66
31
24
22
58
27
17
29
20
29
36
31
13
21
36
62
21
25
95
43
105
87
89
85
47
49
38
24
74
38
41
77
42
121
60
21
17
124
79
71
156
76
138
117
120
127
182
21
82
96
107
25
121
227
174
34
28
100
121
14
87
25
203
160
49
171
26
64
102
101
223
228
142
173
97
152
118
91
19
17
35
173
136
128
20
115
151
276
179
147
32
24
113
259
142
51
20
83
170
191
25
67
164
145
12
168
184
154
33
122
144
147
218
35
155
85
203
197
20
264
33
398
15
11
12
15
481
261
300
246
363
137
105
191
281
174
132
163
15
35
27
30
41
77
47
452
165
121
355
179
127
17
134
138
154
130
149
128
125
131
19
149
207
210
177
167
160
55
83
239
224
57
104
13
38
17
221
450
43
311
242
262
171
213
162
150
11
12
16
13
127
414
167
131
17
148
144
143
143
55
118
127
139
131
149
124
133
123
167
276
294
199
141
113
15
122
24
15
18
74
133
110
94
27
81
76
107
156
186
152
196
148
124
140
148
127
199
390
28
416
111
104
124
105
124
102
120
162
181
178
188
145
126
124
150
155
124
116
102
110
114
116
12
11
105
84
92
110
123
203
256
242
232
471
207
15
154
229
227
185
316
283
127
149
159
499
215
155
143
13
13
14
115
142
146
174
199
162
165
147
199
13
105
110
105
115
115
116
100
103
108
123
124
119
108
103
104
101
31
108
114
114
162
176
137
111
124
128
131
116
95
100
131
131
100
91
82
11
114
199
123
130
114
118
113
144
312
155
131
137
143
158
222
188
125
127
137
152
184
8
11
10
427
306
104
109
150
108
101
21
10
11
298
28
140
499
147
157
140
119
17
14
134
162
154
125
114
136
124
125
114
142
155
153
126
135
127
111
17
117
138
176
261
131
227
130
109
103
121
178
133
139
499
152
114
121
122
113
29
14
19
28
28
27
359
241
313
202
294
262
341
163
11
322
296
499
499
499
142
10
66
111
123
112
124
101
103
103
103
94
96
104
14
19
14
18
16
11
13
14
12
17
15
16
74
138
131
154
171
182
207
193
237
281
459
238
277
145
142
152
154
154
137
131
129
145
138
179
144
113
67
111
339
184
183
256
142
212
229
183
316
114
121
137
142
139
143
131
147
168
179
176
168
133
142
135
152
140
168
181
165
133
159
129
110
131
129
125
125
155
139
132
131
121
176
137
117
124
9
9
213
264
183
231
196
229
203
165
223
361
132
133
142
160
159
162
175
229
115
118
123
144
499
183
125
134
125
139
125
162
207
198
171
257
160
134
191
164
139
129
12
153
247
278
143
138
133
140
126
145
139
138
138
171
177
153
187
249
116
174
179
184
150
162
153
181
170
218
230
213
170
116
141
146
210
137
199
250
124
194
137
129
109
100
90
10
110
155
169
161
155
152
122
158
499
9
228
235
415
8
22
189
180
160
258
166
147
154
164
150
132
147
155
172
158
153
154
168
144
133
130
177
152
135
118
98
97
93
93
104
120
112
102
99
101
105
135
168
155
121
113
106
173
172
117
145
117
109
129
118
117
110
107
117
112
114
104
104
117
107
107
108
112
102
14
100
125
108
133
122
128
146
181
151
126
122
127
117
129
120
114
109
113
106
97
106
110
104
102
11
116
116
115
111
21
132
180
160
130
133
144
129
132
143
141
136
130
136
128
122
114
107
103
111
107
112
110
104
105
101
102
100
7
8
159
240
182
133
107
116
113
111
120
121
111
117
107
109
103
102
106
102
102
104
93
97
13
10
103
100
103
103
99
96
100
103
96
99
100
97
11
9
10
97
112
112
106
105
102
98
107
115
114
111
116
118
109
103
92
10
10
165
169
171
218
254
259
185
200
164
189
161
108
97
10
113
185
195
137
122
132
110
113
111
10
143
146
112
135
126
221
156
171
156
226
228
499
152
101
87
120
150
171
126
102
118
100
111
110
107
107
112
142
127
150
127
141
117
112
105
112
118
104
103
104
109
126
77
87
100
101
105
103
