28
15
19
22
19
58
15
15
21
20
10
10
13
16
36
14
10
22
34
12
10
32
11
15
14
24
22
12
15
24
30
22
13
11
30
10
10
14
34
20
20
12
16
15
19
9
32
30
19
18
13
14
31
17
17
11
25
14
14
27
15
17
14
11
16
10
11
18
15
13
26
12
10
15
13
14
14
31
17
14
12
11
10
11
12
15
9
11
19
12
17
12
11
11
15
8
21
15
20
18
17
13
9
17
10
18
14
15
16
12
11
15
23
21
10
21
16
10
13
23
10
17
17
27
13
20
12
14
13
12
13
16
14
18
12
9
12
10
17
11
13
21
13
18
15
12
10
12
12
13
14
14
9
12
9
10
11
10
15
9
17
9
13
15
12
10
12
13
13
12
16
15
10
16
10
12
11
19
13
12
16
12
14
17
9
12
18
13
12
13
11
17
10
9
11
10
9
13
12
16
11
10
15
12
12
11
12
9
12
10
9
10
9
9
10
11
11
15
13
12
10
8
11
9
11
10
10
14
10
12
10
13
13
9
10
10
10
10
9
10
9
14
11
8
11
13
12
10
9
22
15
13
11
16
12
9
9
12
10
8
12
10
13
10
9
11
10
15
12
14
10
9
11
10
9
9
8
11
10
9
12
10
8
11
9
11
9
11
9
9
9
16
11
10
10
11
10
17
9
9
10
13
11
9
10
10
11
11
10
12
10
9
9
9
10
11
9
11
10
12
11
10
14
9
9
10
11
9
10
12
10
8
9
10
10
12
9
9
9
10
10
9
14
11
10
10
10
9
9
8
10
9
10
10
10
10
10
10
8
10
13
14
9
10
16
9
11
8
12
10
9
14
8
9
8
10
12
13
10
10
8
8
10
12
12
9
10
10
8
10
11
9
9
10
11
10
9
10
10
11
10
10
11
9
10
9
8
10
10
10
10
10
10
12
9
13
8
10
12
9
10
12
9
10
8
12
10
11
8
10
9
10
9
10
10
8
11
9
9
11
10
10
9
12
9
11
10
11
10
10
10
11
17
9
10
10
9
9
8
9
9
12
9
10
10
10
9
11
10
9
9
10
10
10
9
12
11
10
12
9
10
9
11
10
10
18
11
9
10
11
9
8
10
10
10
10
9
9
9
10
8
9
12
9
9
10
9
9
9
8
9
11
9
9
9
11
8
10
8
9
10
13
10
10
9
9
8
10
11
13
9
9
9
10
10
10
10
10
10
10
9
8
12
9
10
13
9
9
9
10
11
10
10
10
9
9
10
9
11
9
11
9
8
9
9
9
10
9
11
8
10
11
9
10
11
9
9
9
10
10
9
8
9
8
12
11
10
10
12
9
10
8
10
8
10
8
9
10
10
10
10
10
11
9
9
9
10
10
9
9
9
9
9
10
8
9
10
10
8
9
8
10
10
9
9
10
9
10
9
9
9
9
10
9
10
9
12
9
10
11
10
11
10
10
10
9
8
9
10
10
9
9
10
9
9
12
11
10
11
9
10
9
9
10
9
9
10
8
9
9
9
10
10
11
10
10
8
10
10
10
9
8
11
9
9
9
9
12
9
12
10
8
11
10
10
10
9
10
8
10
10
9
10
10
9
9
10
9
9
22
10
34
9
10
8
11
8
9
10
9
8
10
9
11
9
10
9
8
9
10
9
9
11
9
10
9
10
11
9
8
10
8
13
10
8
11
10
9
9
10
9
10
11
10
8
10
10
8
10
10
9
11
10
11
10
10
9
9
10
12
9
9
9
10
9
8
9
9
10
9
10
11
12
10
9
8
10
9
10
9
9
10
10
9
11
10
10
10
10
9
10
9
11
10
11
10
8
11
10
8
10
9
10
9
10
10
10
10
9
11
8
8
9
11
10
10
10
9
10
8
10
9
10
9
11
8
9
10
11
10
11
9
10
9
9
9
9
10
10
8
10
11
10
9
9
8
11
10
10
10
9
11
10
10
11
10
10
9
11
10
11
11
10
9
9
9
8
10
9
9
10
12
10
9
10
8
10
9
9
10
10
10
13
9
9
10
10
8
8
10
18
21
22
29
26
24
22
22
18
25
19
21
16
10
20
18
14
20
12
14
12
10
16
13
10
12
12
10
14
12
10
11
8
10
9
10
9
8
10
9
10
10
9
9
10
8
10
8
9
9
9
8
9
12
9
9
10
10
9
10
10
9
9
9
10
10
9
9
9
10
9
8
10
10
10
8
9
9
9
9
9
10
10
9
10
10
9
9
9
11
9
8
9
9
9
10
9
8
8
10
