35
18
68
20
13
15
48
12
39
28
14
29
15
34
25
12
14
34
29
23
53
17
15
24
11
22
20
22
11
17
21
20
13
18
15
22
20
15
27
15
23
10
16
25
38
20
15
20
12
20
18
10
22
13
10
40
9
12
16
17
17
11
15
12
24
10
13
13
12
11
13
20
12
11
14
9
14
23
13
10
9
10
12
15
13
10
11
11
9
14
19
19
18
15
18
8
32
9
11
19
73
23
12
15
9
11
9
10
10
12
10
11
18
30
22
58
42
22
57
65
16
101
50
31
54
12
25
29
96
58
16
21
11
13
18
25
14
45
13
30
18
17
10
39
10
30
9
10
34
10
32
34
13
16
13
21
10
10
14
18
17
14
27
11
10
29
10
11
13
11
19
15
11
15
13
13
24
13
9
10
16
13
30
14
34
9
17
30
13
20
11
10
12
13
12
34
15
12
12
10
11
27
14
58
30
16
14
34
54
18
41
22
22
36
28
34
14
25
16
25
33
39
34
25
31
17
27
26
16
34
25
60
17
14
17
38
43
18
20
15
16
17
10
22
16
18
20
17
19
15
22
18
17
27
11
16
14
16
15
24
29
31
15
52
15
11
14
35
17
24
19
21
32
47
12
20
17
25
19
19
29
28
32
17
10
18
26
17
9
37
13
15
10
17
21
10
17
12
22
22
23
24
29
9
22
9
11
24
13
16
9
8
47
9
9
9
15
20
12
9
10
13
16
14
18
13
8
11
23
13
19
17
11
12
10
20
21
11
17
18
8
13
23
14
9
9
9
13
10
14
10
9
10
15
8
12
19
10
12
11
13
14
9
14
13
10
23
16
9
10
15
10
17
17
9
10
18
17
9
13
9
21
15
19
18
17
10
13
22
22
10
12
12
9
11
9
21
8
10
9
22
16
18
12
14
17
13
23
8
10
8
12
9
10
10
15
10
10
10
14
11
9
15
9
15
9
11
10
12
9
14
17
17
9
26
11
23
82
32
34
44
27
34
22
26
25
27
26
62
17
27
19
22
19
22
16
19
26
41
24
13
22
9
11
15
9
9
25
14
16
9
9
21
13
9
9
12
9
31
14
11
8
12
9
9
10
8
29
9
9
9
12
10
9
10
11
10
10
23
9
9
11
10
10
9
8
10
9
10
10
10
9
35
9
11
10
8
9
10
12
9
11
10
9
12
11
9
10
9
9
10
10
9
10
10
8
9
10
10
9
9
9
8
9
9
10
12
11
13
10
8
10
9
8
8
10
10
11
14
161
162
10
12
11
175
162
12
137
141
10
132
12
11
10
11
11
156
148
11
209
158
12
179
152
14
42
46
31
12
117
12
10
41
27
10
15
102
73
9
22
61
12
10
9
12
59
83
12
11
23
11
11
12
23
69
61
57
12
30
45
11
11
12
53
11
13
12
11
11
62
49
12
11
13
91
12
11
14
11
9
31
37
11
80
12
24
14
12
10
10
9
20
11
101
11
28
13
10
10
27
10
30
10
12
10
13
28
9
10
9
25
13
9
25
11
9
12
14
35
10
10
26
10
9
18
12
40
11
12
11
10
11
15
11
16
11
15
9
12
12
13
11
11
9
9
10
12
10
28
13
9
11
9
11
27
10
11
12
11
9
34
27
9
11
11
12
9
10
12
10
11
11
9
10
9
12
10
10
9
11
11
9
11
8
11
10
10
12
11
11
9
11
10
10
9
9
9
10
11
11
9
8
10
11
10
9
12
10
10
9
11
9
11
12
11
9
12
9
12
12
10
8
11
9
10
10
12
10
12
11
10
30
12
8
11
10
9
9
12
12
11
12
13
9
11
11
10
11
10
9
11
9
9
9
11
11
9
10
11
10
9
11
12
10
11
11
12
10
9
11
9
9
10
10
10
12
9
9
9
10
9
9
10
8
10
9
11
11
9
10
10
9
10
9
11
11
9
8
9
11
11
10
10
9
10
11
11
10
9
10
11
8
9
11
9
11
11
9
8
8
9
11
8
10
10
12
11
11
9
11
12
10
12
12
11
10
11
11
9
10
11
11
12
9
12
12
11
10
10
9
9
12
10
11
10
9
11
10
11
11
12
9
12
10
12
12
9
11
10
9
9
9
9
9
8
9
10
11
9
9
12
12
9
9
10
11
11
9
9
11
9
11
8
9
9
10
11
11
10
11
10
9
11
11
9
13
11
9
8
9
10
10
9
10
11
10
9
10
9
12
11
11
10
8
12
11
9
9
11
12
10
11
10
12
11
10
9
10
10
10
