30
31
17
27
21
13
12
35
38
20
44
19
21
19
12
50
26
13
13
25
13
32
13
9
34
17
23
25
18
17
16
22
19
57
15
17
10
37
24
12
26
25
24
24
22
30
35
19
21
14
12
16
10
16
21
12
33
15
40
26
53
13
18
22
14
17
13
20
29
129
55
48
27
23
15
13
20
66
11
29
13
21
12
12
27
19
16
26
21
42
112
64
30
62
56
33
32
46
17
59
14
23
17
39
69
25
26
14
58
35
64
24
46
41
24
49
35
36
56
51
38
65
34
41
25
39
67
77
140
138
30
144
117
82
105
191
36
96
74
21
130
324
102
49
97
124
94
62
34
58
49
64
38
240
19
33
55
436
58
16
10
120
133
109
81
19
41
181
102
138
82
117
65
42
131
96
21
72
158
187
102
14
90
90
365
78
65
21
260
203
360
17
109
124
198
191
64
62
150
11
212
21
187
95
123
247
57
92
203
182
163
203
57
164
496
97
14
405
57
28
119
364
500
398
69
45
500
160
12
307
290
295
155
214
362
86
24
352
500
52
335
280
232
86
15
163
353
268
142
305
207
386
345
24
44
28
408
500
500
500
499
160
26
12
13
29
13
31
19
46
10
10
14
16
28
79
34
33
127
91
180
203
226
235
202
229
144
110
15
154
206
367
273
259
32
254
213
221
190
182
186
157
15
179
187
166
161
172
148
13
16
170
348
112
29
180
217
279
500
197
155
150
11
51
9
297
271
130
119
125
133
151
15
221
90
201
162
500
155
183
193
228
216
319
69
28
101
187
132
150
18
258
379
195
226
450
151
150
128
126
125
119
119
16
17
13
17
18
20
13
18
17
16
22
14
19
15
21
19
17
14
20
19
22
19
21
20
21
171
169
13
11
12
185
190
168
100
179
189
287
171
13
11
487
500
58
260
344
500
230
171
162
148
159
167
243
237
202
189
226
430
12
160
158
149
127
377
146
225
172
181
195
450
18
167
144
146
207
114
274
207
126
147
141
172
47
170
168
156
36
20
166
186
181
177
231
269
155
168
13
500
212
129
139
150
139
151
136
151
160
169
210
270
217
268
334
153
172
233
110
500
285
27
13
63
500
32
35
173
82
64
81
131
181
500
208
234
500
304
174
176
184
177
158
346
156
15
165
16
19
14
17
134
262
102
102
101
99
120
136
122
93
138
131
111
13
12
13
16
14
14
15
12
14
11
14
11
14
19
14
13
13
18
16
117
136
149
161
30
250
148
128
125
114
121
127
127
122
142
142
173
157
159
130
149
142
120
134
127
162
198
274
272
148
194
191
21
12
87
165
8
11
151
133
153
500
264
146
161
138
60
132
119
111
103
106
115
128
123
125
113
106
114
111
106
12
154
110
119
352
153
155
500
171
139
144
218
57
35
214
148
119
191
221
360
134
11
11
12
204
178
167
145
142
147
136
173
152
155
147
149
142
12
12
166
275
248
12
12
35
129
177
167
223
150
12
315
133
146
202
175
12
344
182
159
145
144
136
159
166
173
186
151
137
135
131
183
177
158
160
155
184
24
155
39
137
141
122
12
12
165
142
126
140
127
109
107
110
105
106
13
107
236
134
128
136
117
149
173
45
147
203
220
63
33
170
16
15
22
16
55
151
145
174
169
160
152
172
161
224
179
172
164
163
127
143
138
138
127
150
133
158
138
136
132
134
145
152
165
222
170
170
218
133
146
186
144
142
14
186
284
216
307
222
199
184
240
310
204
340
75
11
56
58
9
44
236
251
244
260
214
293
201
222
171
210
170
142
11
98
192
184
216
32
214
322
232
346
139
128
15
240
192
206
225
250
254
286
246
222
147
34
206
220
196
165
164
161
15
187
382
213
182
114
175
204
203
156
237
169
197
136
128
143
140
123
142
144
152
149
126
16
145
146
182
158
199
147
164
161
140
138
137
129
137
10
11
167
111
118
12
165
179
197
155
162
159
164
419
237
168
150
157
146
15
138
152
140
12
9
10
150
151
169
164
135
133
123
151
165
148
150
146
158
141
153
167
139
134
201
500
239
105
186
221
174
165
164
139
112
113
144
120
110
107
500
102
15
9
10
12
69
28
63
61
39
500
500
280
175
188
186
154
138
152
165
210
312
260
153
157
172
151
153
152
133
144
128
130
126
20
140
152
149
143
148
157
151
156
133
149
231
271
163
165
248
191
163
138
140
171
19
136
148
190
183
184
167
160
147
154
129
159
141
175
195
185
160
181
170
150
163
11
11
14
18
16
18
140
192
