29
21
47
23
51
18
25
14
18
25
16
33
19
11
38
29
19
13
15
16
31
15
43
13
18
20
16
12
10
16
21
14
12
20
24
22
15
13
14
17
10
29
32
26
23
17
21
9
22
29
19
10
17
13
16
12
16
14
11
17
15
11
12
38
54
12
37
40
11
13
48
13
18
39
25
38
23
14
47
40
38
50
22
19
25
38
27
67
49
51
64
84
90
30
88
73
136
75
9
41
39
50
43
26
37
26
11
34
44
25
37
65
165
16
9
16
23
47
115
54
101
25
56
198
174
107
12
64
46
139
59
131
114
120
13
125
166
16
16
20
160
23
49
17
22
30
18
13
59
210
82
33
286
68
37
21
54
57
30
34
108
36
23
127
70
31
69
220
46
50
219
191
110
48
255
138
189
135
102
148
260
21
143
13
218
25
206
86
41
12
212
123
112
130
102
40
108
50
181
99
30
29
138
153
179
48
152
145
144
25
13
120
239
118
263
365
124
28
11
13
12
16
16
59
211
121
113
117
131
140
142
20
147
207
21
15
117
175
316
18
16
188
16
189
111
145
25
14
11
153
126
215
12
12
10
14
182
89
23
375
27
175
234
405
22
75
46
120
42
22
24
97
361
83
41
9
37
21
25
375
16
238
85
75
44
46
98
17
33
54
98
205
149
135
132
12
132
148
109
112
106
11
106
10
112
105
77
15
21
114
92
101
13
101
103
120
97
104
96
94
14
14
112
193
86
109
101
87
101
104
115
106
140
201
147
11
30
147
170
75
20
20
93
20
105
103
146
56
16
169
194
27
30
265
273
44
32
26
86
128
17
116
112
387
125
115
157
160
15
20
267
125
137
114
123
139
128
145
163
112
39
178
212
158
15
157
117
122
128
20
18
20
17
18
156
25
18
20
76
115
107
500
131
181
164
21
42
12
287
193
258
88
23
71
35
150
211
240
53
103
33
28
46
66
28
33
36
150
500
140
11
26
129
153
157
131
111
121
132
137
121
114
500
14
11
10
12
24
11
11
13
13
42
12
149
228
133
122
109
122
14
132
229
144
169
167
27
11
16
11
16
46
37
200
500
289
12
12
45
22
103
260
13
280
151
322
107
107
114
50
102
24
15
15
14
13
11
12
12
10
12
12
13
13
12
15
15
16
17
21
16
22
97
110
170
170
176
147
16
155
132
66
23
182
56
221
26
29
33
35
500
118
121
133
139
131
124
136
30
112
94
127
182
89
272
30
109
26
21
500
69
42
177
170
85
12
17
125
125
133
369
77
111
194
316
126
98
46
134
171
88
120
149
370
129
142
12
22
22
30
102
20
16
15
500
134
19
10
500
19
149
29
14
100
104
125
129
113
15
113
12
15
15
15
13
12
105
112
157
145
120
131
20
146
164
121
144
129
124
203
130
12
107
136
126
107
100
30
131
95
158
143
162
199
140
500
155
203
24
300
15
51
215
13
12
31
71
132
114
130
116
108
113
46
37
211
28
157
172
170
347
159
13
13
55
31
138
54
106
123
141
173
16
51
11
154
104
162
254
34
126
129
204
62
24
115
101
97
103
36
105
109
137
178
151
179
135
135
144
193
26
151
89
29
17
14
273
150
139
129
138
294
172
27
26
24
200
202
47
22
23
272
85
207
98
49
236
176
500
255
35
23
11
12
116
139
142
172
171
157
113
120
157
147
15
500
13
13
34
10
10
11
17
33
133
119
133
162
25
33
362
150
217
150
118
192
311
50
42
10
13
22
121
388
11
32
200
156
165
249
13
70
40
72
202
260
228
189
190
150
261
301
145
127
84
30
39
199
10
12
54
114
348
119
102
107
106
105
109
112
106
102
106
100
99
121
111
100
98
103
112
101
116
116
21
17
17
14
12
15
17
12
99
108
235
170
205
243
283
100
15
105
97
436
228
154
95
97
85
19
31
17
71
164
149
167
114
30
220
312
500
128
27
109
96
102
99
110
500
161
147
187
65
152
127
99
33
57
171
117
110
60
65
65
147
11
130
24
93
123
102
116
115
143
372
145
183
148
23
314
500
16
19
15
12
21
68
26
28
193
500
139
129
175
104
107
109
110
107
109
109
114
116
116
146
22
19
100
44
117
240
21
217
243
229
141
167
42
9
9
10
10
11
14
229
88
112
283
256
137
142
156
77
81
47
142
135
500
162
119
122
130
124
125
134
165
135
137
130
500
108
210
50
73
142
171
32
171
32
58
500
153
28
15
13
96
128
127
112
119
183
193
122
213
29
42
19
34
13
386
