27
13
68
52
15
13
25
15
20
13
19
20
11
13
26
30
12
27
14
12
11
21
27
22
22
11
18
12
20
25
25
12
19
13
14
12
16
20
18
15
15
37
20
20
12
11
38
23
17
15
21
54
17
24
15
13
16
16
13
23
13
11
11
14
14
19
40
19
25
46
16
79
34
30
49
28
17
19
50
53
10
34
40
15
24
30
34
17
35
9
36
26
61
46
21
41
38
45
77
40
93
111
18
79
16
11
45
18
68
51
79
54
86
47
10
149
24
23
72
71
14
19
89
25
14
25
39
22
92
137
13
18
53
31
25
67
75
47
25
168
121
179
21
14
21
13
14
17
12
12
23
17
10
58
15
52
88
204
142
35
11
31
21
36
288
35
41
369
19
48
60
124
15
28
58
194
15
47
70
125
12
51
16
15
38
197
107
121
25
54
112
274
30
159
30
111
136
13
15
89
150
116
170
33
11
35
196
176
18
12
22
348
138
35
20
37
25
33
24
14
39
22
225
265
25
21
149
181
118
142
124
149
15
143
42
17
133
23
296
20
159
13
18
27
171
14
17
141
16
117
21
131
182
166
162
38
33
61
95
273
115
24
124
106
109
96
16
500
101
9
21
12
500
16
10
18
14
18
42
33
113
259
125
95
204
129
13
15
13
16
12
12
16
17
15
17
17
18
23
25
24
21
17
75
150
18
122
205
17
98
127
15
96
108
95
94
10
500
93
153
108
263
28
134
157
56
9
270
11
15
500
16
36
68
33
31
63
16
324
43
84
322
19
24
37
62
126
112
128
69
15
13
198
25
146
53
12
125
18
47
25
183
34
158
104
215
15
31
262
31
21
37
191
176
21
12
500
26
117
25
113
98
105
104
15
92
102
96
97
12
14
108
103
56
108
112
46
12
115
111
124
118
107
109
98
113
151
136
147
195
45
31
30
32
22
163
303
136
135
119
185
15
114
136
14
14
108
119
44
115
25
22
116
158
156
41
106
177
296
70
30
149
133
120
124
15
116
50
128
99
141
11
173
178
17
106
102
114
12
99
126
121
162
112
72
153
125
95
17
109
70
123
14
14
16
19
13
17
10
14
11
11
16
95
105
86
98
23
113
98
82
87
13
167
62
25
30
107
30
33
171
157
138
121
136
111
102
15
11
11
15
192
13
48
155
178
62
56
11
99
94
92
94
86
124
159
127
117
22
17
11
13
111
117
65
324
19
73
180
190
140
164
123
125
45
500
156
123
28
30
22
68
151
151
220
200
229
19
110
139
136
121
14
11
11
304
22
23
166
141
23
130
74
23
74
266
494
15
69
173
223
44
49
11
173
251
252
166
40
86
500
162
145
74
28
49
95
48
52
176
165
38
500
66
63
103
204
126
119
50
131
500
77
89
111
13
132
11
26
33
402
51
49
156
166
23
22
28
13
74
159
500
89
58
135
130
77
124
116
146
107
105
106
101
101
96
18
95
107
92
130
201
98
30
12
31
96
47
165
32
31
86
259
500
245
150
126
10
31
99
76
81
80
87
76
108
32
230
188
244
108
32
19
58
121
287
500
94
91
131
16
24
16
17
19
13
17
19
13
16
16
17
16
17
16
14
18
21
21
17
29
88
45
108
185
315
57
51
125
112
39
16
115
144
108
114
130
100
172
102
12
29
123
95
101
108
14
37
39
123
149
500
122
87
18
15
16
16
17
19
16
16
18
18
16
16
17
18
16
15
15
13
15
15
15
22
21
92
99
123
274
24
28
65
44
105
140
128
119
103
99
105
101
96
158
368
25
12
52
50
125
36
16
15
17
14
15
13
12
15
15
86
95
144
147
109
86
60
21
110
68
37
372
102
30
92
101
455
43
11
13
12
12
500
120
84
106
11
28
122
202
253
216
94
94
75
42
149
500
34
27
26
94
86
87
87
102
99
103
103
95
96
92
98
85
99
17
88
14
18
16
20
20
12
18
18
13
15
11
14
12
17
13
19
21
21
18
88
26
109
173
101
139
285
500
356
280
107
20
53
48
92
77
145
142
129
112
143
500
33
11
126
148
163
62
102
119
118
105
108
16
20
23
14
20
15
18
93
106
108
165
165
105
96
20
109
112
394
21
23
22
19
61
147
84
97
181
22
157
33
50
156
374
11
12
13
14
14
56
127
113
127
157
134
141
130
116
119
328
202
79
72
355
109
93
44
126
43
48
54
500
100
94
12
136
148
123
107
158
160
290
106
92
156
81
52
106
92
147
183
154
108
94
88
90
92
94
91
90
12
