34
10
20
21
17
25
16
15
25
12
27
19
10
14
16
20
14
19
19
33
15
61
21
18
23
22
15
21
11
20
19
69
18
13
11
24
14
19
21
28
23
20
11
18
16
39
23
15
14
14
17
16
28
18
16
13
25
10
12
15
17
11
14
13
10
27
14
26
15
19
11
15
15
10
11
12
13
14
14
10
10
17
13
11
27
11
11
9
9
10
10
13
14
12
10
14
17
24
13
11
19
9
20
10
12
21
17
16
28
34
17
11
14
16
12
14
9
17
9
11
15
18
34
19
11
29
25
16
16
36
41
39
53
75
35
42
161
107
135
67
30
143
315
68
29
50
32
91
16
41
29
38
26
53
30
32
53
36
64
14
39
19
38
25
53
42
40
45
80
34
121
198
283
132
15
153
28
126
53
48
14
63
37
104
33
168
82
147
82
41
84
31
119
312
37
102
45
114
63
32
52
48
29
50
104
76
37
59
49
45
39
172
82
37
52
98
51
31
34
31
35
49
88
39
44
35
23
61
112
48
87
40
44
195
77
11
21
19
21
36
32
11
26
21
17
23
20
18
31
16
18
24
73
30
32
23
21
17
39
16
20
21
15
38
30
14
21
23
22
12
26
25
14
24
26
35
23
70
71
33
19
15
17
16
17
22
22
34
19
25
15
29
21
26
20
23
21
32
20
18
18
16
23
29
42
21
45
20
18
13
27
22
21
25
45
43
47
33
27
63
20
24
50
34
17
30
32
23
20
14
43
36
25
61
27
17
21
43
21
24
23
32
61
32
21
31
28
46
47
20
47
32
28
29
19
30
11
32
37
25
17
25
30
29
63
33
24
27
56
32
38
32
33
24
52
56
17
45
32
30
64
32
34
57
25
49
44
79
18
33
35
16
31
21
31
19
55
44
25
40
19
33
18
39
35
39
27
19
22
43
20
31
14
39
27
45
17
26
33
73
24
30
23
51
34
21
16
17
30
25
45
31
31
18
29
37
29
24
45
24
26
23
41
54
28
63
46
36
23
31
23
41
26
25
28
22
25
26
20
31
30
20
48
23
27
39
34
30
31
50
54
44
47
32
25
16
39
26
33
40
21
15
17
20
20
23
15
24
70
24
27
28
28
18
28
44
29
48
23
23
40
19
25
13
28
33
23
26
54
28
38
22
28
36
17
21
29
41
14
26
33
22
25
26
34
29
28
32
41
45
31
22
46
30
22
29
23
27
30
30
30
33
20
31
30
19
30
22
34
34
24
27
77
21
43
38
31
67
75
72
21
33
23
37
11
24
21
38
74
29
36
70
34
28
37
45
21
18
33
24
77
39
18
50
126
29
17
24
63
25
27
29
75
60
82
23
19
20
33
40
26
45
21
56
79
16
59
14
36
22
20
29
41
99
25
28
40
24
36
20
52
25
23
61
23
63
28
12
22
51
46
20
88
72
89
24
40
24
27
52
50
32
35
23
22
20
26
25
23
36
18
19
17
33
67
21
24
23
29
28
23
24
27
32
25
25
20
26
26
40
14
31
29
27
18
26
25
28
25
30
28
88
44
17
26
62
29
29
24
24
15
20
29
42
23
22
25
34
23
63
27
22
24
68
23
42
21
80
29
19
43
27
29
22
21
75
31
23
12
26
23
24
35
23
21
25
22
32
27
24
26
20
17
23
25
26
20
33
25
20
16
55
11
27
20
22
35
12
35
35
38
54
12
27
22
87
50
59
22
23
40
72
18
22
25
23
18
22
20
25
30
25
23
25
24
30
25
21
23
26
29
24
21
20
11
31
22
26
21
41
26
22
21
70
18
36
23
20
27
19
21
25
15
20
26
25
25
17
25
23
62
20
25
106
27
25
25
23
24
19
15
37
25
21
26
27
25
65
10
24
27
22
17
19
15
33
46
59
53
11
21
28
26
19
45
25
21
21
11
18
18
13
45
21
24
30
19
20
21
70
23
26
14
26
16
25
22
17
26
26
11
26
48
27
17
29
69
36
13
38
26
23
46
26
27
32
52
25
24
66
22
27
11
28
22
12
39
12
106
26
20
29
18
77
22
78
68
19
23
26
19
46
34
26
25
14
25
46
59
18
26
26
23
27
31
43
49
42
23
24
54
38
38
16
28
18
34
57
35
36
45
50
56
23
52
10
21
42
54
66
29
19
22
63
39
10
23
19
42
13
24
12
51
52
50
42
13
23
15
12
72
26
42
52
10
40
52
23
20
17
26
19
18
28
27
70
19
40
21
32
16
17
31
25
29
53
16
28
22
30
