20
9
29
20
23
16
12
10
13
28
48
11
12
14
18
15
21
14
17
14
13
28
13
11
12
13
15
14
11
26
14
14
8
16
17
17
32
15
24
11
12
29
12
17
9
19
11
21
11
23
7
15
13
16
24
13
14
19
18
18
28
26
12
13
18
12
12
11
14
11
8
50
77
51
16
11
54
43
15
99
20
15
20
31
35
19
22
23
27
35
12
13
37
22
11
43
17
39
64
101
75
69
88
62
38
10
38
65
45
25
92
24
31
14
38
51
86
116
98
166
21
23
73
33
30
67
34
134
30
52
20
90
100
75
21
43
111
24
8
9
13
12
20
43
36
118
35
75
107
19
19
24
126
239
62
13
55
120
17
12
127
114
19
202
132
12
16
165
69
131
103
98
57
34
37
150
88
17
115
13
19
11
62
116
79
108
72
11
14
22
128
59
129
18
113
192
14
499
102
30
26
28
200
14
13
68
214
12
12
16
14
335
126
121
46
207
18
202
25
12
244
67
60
16
54
499
284
9
12
12
433
45
27
202
117
96
21
13
8
13
13
14
26
16
156
137
499
40
131
195
12
9
124
499
9
33
111
180
54
117
11
10
10
16
143
54
499
474
293
15
38
499
16
499
139
240
12
17
71
124
107
95
147
239
25
14
35
11
25
103
11
37
55
499
11
19
29
56
129
16
378
22
24
82
155
159
13
16
132
365
31
178
142
167
152
30
16
450
499
43
362
110
41
40
47
36
499
49
22
499
203
87
119
44
28
134
38
108
119
140
13
270
16
37
165
166
270
11
82
287
119
150
338
125
112
188
25
33
86
104
54
163
195
151
280
10
139
203
104
96
129
96
98
68
54
237
129
104
105
103
96
94
100
17
48
80
24
158
64
93
35
40
32
111
170
499
499
100
158
11
11
224
334
13
85
127
91
101
84
86
153
11
29
13
63
143
164
16
120
101
94
105
128
51
93
14
100
101
74
101
115
94
146
19
7
9
9
36
33
107
110
173
9
79
103
268
36
125
25
151
127
229
203
423
129
12
38
96
79
85
75
81
125
51
68
134
71
119
230
239
341
27
107
12
79
139
155
270
499
118
59
35
27
11
137
183
77
145
110
120
117
153
149
107
112
8
465
94
13
129
112
94
114
127
69
499
167
141
124
32
9
40
499
299
26
34
142
149
112
101
107
93
114
89
10
132
178
135
50
56
54
59
111
150
180
203
10
178
138
15
166
62
22
114
114
69
77
110
112
94
82
30
19
153
178
29
11
22
10
22
295
197
192
110
110
104
147
119
16
8
9
10
23
10
9
8
11
15
131
146
143
179
156
155
145
158
161
57
108
93
112
17
18
78
205
210
141
11
22
9
8
9
25
119
193
332
102
377
499
39
146
52
29
33
115
361
119
128
120
11
162
27
235
230
8
11
9
9
202
113
114
119
121
20
151
13
175
304
405
175
124
238
95
10
13
111
13
33
126
103
102
107
150
164
201
21
81
27
19
211
183
27
76
107
104
86
138
46
29
14
165
247
18
45
27
10
29
31
168
172
168
187
17
19
27
109
146
134
161
173
132
306
429
10
63
91
92
91
13
91
134
231
8
18
10
12
123
108
102
16
56
116
104
118
118
140
127
11
275
34
153
81
184
181
136
163
74
44
131
233
264
241
52
85
128
100
106
101
113
499
65
17
114
28
117
186
108
110
112
115
129
15
101
111
99
110
103
111
9
131
151
143
101
104
107
113
108
106
110
11
124
118
124
118
114
123
133
114
123
121
10
10
181
208
151
148
174
153
146
136
78
127
130
117
157
133
128
8
10
142
118
35
300
145
180
151
166
499
138
158
123
93
126
339
139
165
48
24
46
12
82
144
10
28
108
44
24
179
115
137
135
122
122
116
130
124
126
152
374
175
244
45
200
10
208
147
129
142
128
8
11
124
222
499
28
10
33
41
346
251
49
111
115
119
118
125
122
12
123
125
122
115
106
114
103
98
81
125
131
90
81
168
15
12
227
27
11
181
178
499
99
95
114
113
118
111
113
107
122
112
96
105
9
115
133
109
116
108
108
126
104
117
117
127
122
112
108
103
108
107
61
21
33
144
13
86
79
208
242
499
117
110
165
157
67
123
115
100
97
99
96
97
100
94
13
18
19
17
14
134
271
499
348
52
71
115
30
27
136
116
35
155
43
141
279
140
150
499
129
129
193
54
115
120
125
112
106
118
129
138
18
14
39
127
106
166
100
222
118
82
96
97
95
98
90
91
21
15
13
14
