28
21
32
18
16
59
16
14
19
42
14
62
13
25
16
41
11
13
30
15
14
10
27
16
14
13
26
17
27
23
12
14
17
32
20
23
13
24
76
26
11
23
17
12
19
12
15
18
26
12
17
18
18
13
9
16
9
18
12
11
18
11
15
11
17
14
15
29
12
17
10
12
31
16
9
11
31
13
15
11
10
13
15
10
12
10
8
15
14
13
25
11
14
17
10
15
9
23
9
14
13
22
15
20
27
46
13
32
9
13
13
16
11
16
11
15
24
12
11
9
12
9
8
12
11
10
16
11
18
17
13
9
16
16
22
36
16
14
13
12
13
9
13
13
10
15
17
13
12
11
8
11
10
13
13
15
31
14
11
11
10
11
9
14
11
19
11
11
10
11
10
11
28
14
11
13
22
14
10
10
10
12
22
13
9
10
11
12
16
9
12
8
13
23
16
12
18
9
10
11
26
12
11
11
9
12
23
19
14
10
28
16
14
8
12
22
18
14
9
19
26
19
9
10
13
9
28
10
12
11
9
12
39
28
42
39
11
34
13
12
10
11
15
10
27
22
9
11
32
10
14
18
15
13
16
15
11
15
12
12
12
14
10
9
11
18
10
25
21
20
14
12
10
13
11
18
9
13
10
19
10
10
9
12
11
9
12
9
11
12
10
10
13
10
12
16
9
13
11
10
9
12
9
15
10
12
13
15
9
9
9
15
9
11
13
10
10
9
10
8
10
10
10
9
11
10
12
10
10
9
10
13
11
9
11
10
10
8
9
12
10
12
10
11
9
10
10
9
16
11
9
9
10
8
9
12
9
9
9
10
12
9
9
17
12
10
11
12
10
10
9
10
10
10
8
10
14
9
9
10
10
9
10
10
9
9
10
11
11
9
12
8
8
11
8
13
11
11
10
9
10
10
12
9
12
9
11
12
10
8
11
9
10
10
9
10
8
10
8
9
11
10
8
8
11
9
9
10
10
13
9
10
13
10
8
8
10
8
8
10
9
9
12
10
10
9
13
11
9
8
10
9
9
10
10
8
10
11
9
9
9
10
10
12
9
8
10
9
9
9
8
9
9
10
9
10
10
11
10
12
10
10
8
11
12
12
9
12
9
9
8
10
9
9
9
9
9
10
11
10
10
10
10
12
10
11
10
10
10
10
11
9
11
9
9
10
10
10
10
9
10
10
11
11
9
11
10
10
9
11
10
12
10
11
9
10
11
10
10
8
10
9
9
8
9
11
9
11
8
11
10
9
12
10
10
10
13
8
10
10
9
9
9
10
10
9
10
10
9
12
9
9
9
10
10
10
9
10
9
10
11
10
11
11
10
10
9
10
11
11
10
10
10
11
10
10
9
10
10
10
8
9
10
10
10
9
8
10
10
8
15
9
11
10
9
10
9
10
10
9
10
9
8
8
10
12
9
8
9
10
9
10
10
9
10
9
8
10
9
9
10
9
9
9
9
9
10
11
9
10
8
10
12
10
10
8
9
10
9
10
8
11
10
9
8
10
8
8
9
10
8
10
8
9
10
10
8
8
9
10
10
10
9
8
8
11
9
10
10
9
9
10
10
9
9
8
10
9
10
9
9
9
10
10
8
9
11
9
11
9
9
10
10
11
9
10
10
9
9
9
10
9
9
9
9
9
10
10
8
10
10
10
9
10
11
8
10
9
11
10
10
9
10
9
9
10
9
12
9
11
10
9
9
9
10
9
9
10
10
8
12
9
10
9
10
10
10
9
10
8
9
9
9
11
9
9
10
9
9
9
10
8
9
10
8
9
9
10
10
10
8
9
10
10
9
9
10
10
10
10
10
10
9
9
10
9
11
9
10
8
9
9
9
12
10
9
10
11
11
10
10
8
9
9
10
10
11
10
9
10
10
10
9
8
10
10
8
9
32
29
38
48
15
20
9
12
28
8
9
8
9
10
9
10
10
11
10
11
10
9
10
12
8
8
9
9
10
8
9
9
10
10
8
10
10
9
10
9
9
9
8
9
9
8
10
8
9
11
10
9
10
10
10
9
11
9
9
9
9
9
9
8
9
8
10
8
9
8
10
10
9
10
10
9
9
8
10
9
9
9
9
9
10
9
9
10
9
9
8
10
9
10
9
11
10
8
11
9
9
9
10
9
9
10
10
10
10
10
10
9
10
9
10
10
9
9
10
10
10
11
9
10
9
9
9
10
10
10
9
10
8
10
11
8
11
9
9
10
11
11
10
9
9
9
10
8
10
10
8
8
9
10
9
10
9
10
8
9
9
10
