37
20
23
20
27
15
15
25
14
22
38
19
16
20
48
22
10
18
43
15
16
27
15
9
16
11
23
16
15
20
20
18
11
16
15
22
55
11
12
28
15
13
17
14
14
27
15
13
21
13
16
14
38
20
15
17
21
55
13
20
63
43
26
48
11
111
24
58
21
20
10
11
22
32
19
13
38
54
17
60
36
18
18
23
84
10
12
14
56
39
43
65
64
47
25
27
39
79
48
24
24
26
75
90
15
22
122
44
42
54
35
41
136
82
32
68
60
42
64
34
21
79
66
73
165
151
93
20
93
24
257
158
101
89
162
53
59
45
45
30
58
85
115
173
68
41
223
44
32
85
89
18
33
48
310
59
240
28
47
334
273
79
38
113
16
162
22
121
114
130
345
252
18
157
122
22
95
145
55
247
119
15
18
224
145
125
13
139
13
50
239
110
323
182
225
80
70
16
68
338
94
150
163
163
151
151
272
204
116
176
36
38
59
100
23
124
190
183
58
23
104
139
179
157
195
17
93
21
166
173
170
166
11
15
139
104
110
159
290
234
196
15
216
87
386
57
14
13
209
139
138
103
187
137
178
85
13
267
182
42
19
160
15
163
231
344
278
43
32
252
399
158
165
126
131
157
192
67
33
191
209
220
191
152
10
35
212
215
157
144
15
116
113
15
124
138
11
15
207
219
196
79
171
216
16
84
151
123
153
169
143
170
466
139
100
17
13
114
449
206
186
180
45
14
12
27
314
44
225
165
156
136
195
153
158
201
148
16
165
212
147
231
191
299
460
131
12
154
164
95
271
102
199
24
54
227
500
203
147
190
153
12
156
209
285
36
200
175
216
173
151
133
173
177
230
268
27
211
142
148
156
158
167
198
155
157
152
276
376
181
15
304
114
135
166
165
242
25
36
228
316
324
294
178
152
146
172
142
13
266
330
67
22
56
52
62
256
131
29
228
360
255
37
178
160
172
277
153
163
208
212
138
115
111
108
92
109
114
126
307
272
310
285
54
88
192
234
158
53
14
13
14
89
142
222
205
206
223
151
226
290
63
132
21
144
500
339
157
119
119
121
12
130
157
127
121
129
140
147
137
12
152
195
200
252
345
103
13
14
124
118
128
187
226
207
200
17
88
35
74
186
229
240
121
159
158
132
157
33
311
156
194
58
169
120
267
391
128
134
166
183
79
197
128
128
114
129
116
119
106
100
102
98
101
109
127
112
119
115
130
125
120
170
181
307
31
31
22
34
42
435
238
31
358
309
500
119
95
87
81
101
102
127
102
96
114
110
107
12
160
500
500
11
27
118
500
500
500
12
261
15
236
43
283
284
221
298
162
47
224
190
274
321
253
208
165
10
12
279
229
430
272
282
314
380
222
274
35
28
500
110
96
28
17
16
20
17
15
13
15
13
14
15
17
14
15
15
15
21
17
18
18
17
31
98
87
500
198
216
197
125
126
146
143
126
121
125
125
207
500
133
121
102
110
112
99
500
500
36
41
500
500
500
36
12
500
45
13
31
30
28
24
89
287
500
30
94
282
119
164
176
77
299
125
20
500
220
172
205
127
500
60
41
265
167
135
149
159
179
177
86
226
225
182
224
171
131
10
149
223
180
135
154
143
142
138
140
140
224
151
185
26
200
72
14
108
106
106
106
105
127
103
105
122
114
130
141
126
126
128
118
115
93
96
91
101
96
85
95
54
78
130
155
148
116
105
101
15
112
109
115
101
104
102
101
101
105
96
79
53
77
96
119
265
185
188
119
128
196
413
331
230
206
214
324
190
230
213
335
216
179
227
73
21
125
139
130
111
83
110
257
166
188
179
19
172
351
36
9
125
114
107
98
101
97
101
92
92
93
98
97
98
95
102
98
97
100
95
101
96
99
95
95
92
92
93
88
97
93
90
90
89
87
93
89
95
91
88
92
93
94
91
88
89
89
96
94
96
87
89
87
84
30
94
131
21
9
139
500
125
126
122
121
111
110
129
124
121
119
96
94
98
91
111
106
108
102
99
104
113
94
103
109
112
146
26
17
11
124
124
102
108
108
110
100
101
11
8
11
132
111
106
110
107
100
93
100
104
106
97
102
97
94
95
98
97
95
95
92
97
93
92
84
85
98
140
131
116
110
91
107
114
106
106
98
100
11
10
12
123
112
103
108
105
100
108
98
107
100
102
101
100
101
107
106
107
108
102
102
97
103
97
98
97
98
94
102
109
101
100
96
91
83
102
94
13
83
90
80
92
88
86
103
93
89
86
82
95
96
84
