33
22
26
18
21
35
11
17
16
44
12
14
36
16
23
40
10
39
21
13
12
18
30
24
13
15
11
16
35
16
18
12
21
27
60
22
32
29
24
13
10
34
15
18
14
11
16
12
23
10
10
32
29
19
11
15
26
31
47
24
20
21
13
31
63
10
15
20
38
18
16
21
18
17
20
61
57
47
70
54
20
43
44
40
36
14
35
30
37
26
32
103
20
11
48
21
24
65
31
65
11
63
68
101
24
17
42
50
108
23
40
52
81
57
36
52
26
63
38
15
21
39
34
58
40
32
89
54
48
54
134
13
47
22
24
19
41
29
142
139
55
101
124
169
227
359
23
55
143
115
81
122
242
87
31
20
72
282
70
183
196
265
92
23
10
195
23
217
198
34
80
327
239
28
209
29
150
23
61
17
181
107
177
28
34
104
180
105
14
121
194
159
138
68
81
53
233
119
212
13
384
21
203
141
73
223
77
125
199
500
190
135
14
332
23
252
187
37
500
70
500
185
246
13
446
393
236
109
144
20
14
138
38
31
12
257
245
88
138
189
10
16
146
211
366
500
29
252
29
189
143
319
245
139
21
14
143
500
47
119
22
500
95
500
34
47
224
170
13
204
246
203
15
16
14
204
269
197
364
216
52
261
233
500
500
29
216
206
500
500
91
14
14
11
56
421
375
147
108
124
120
162
155
159
155
133
131
335
167
138
42
11
34
9
215
134
130
150
268
384
241
206
57
15
11
32
148
48
119
213
11
13
315
196
143
182
205
191
180
181
233
281
270
396
246
312
384
249
54
14
12
28
44
42
59
234
27
132
177
171
221
185
152
130
142
397
171
164
156
147
168
483
334
284
193
500
51
405
500
82
12
500
31
500
44
500
190
500
500
129
135
239
13
125
161
204
237
500
500
344
12
12
50
24
34
500
464
111
119
114
122
319
249
152
201
421
13
17
61
112
373
370
500
500
141
500
500
70
77
28
85
12
148
157
132
141
118
102
114
114
120
115
121
107
20
18
22
17
15
15
12
17
17
15
17
20
28
126
225
317
449
12
220
276
420
321
268
245
133
133
141
14
118
130
126
126
128
140
142
142
143
12
125
14
13
111
124
125
128
134
119
119
13
11
13
115
13
13
120
121
115
118
127
116
122
118
130
95
137
151
156
177
156
156
130
126
148
133
116
117
130
153
120
121
127
128
131
123
155
70
130
136
142
134
125
140
121
115
122
112
122
126
120
129
125
151
134
168
131
101
140
186
234
459
293
500
163
178
144
151
145
151
177
217
396
122
135
114
108
41
20
25
133
500
115
103
96
101
112
125
142
103
117
103
112
105
104
97
110
98
94
92
17
13
13
9
13
11
13
15
12
12
13
16
15
13
14
16
13
16
20
392
219
128
94
138
375
138
120
122
106
116
107
114
116
139
111
104
139
138
500
14
18
109
159
149
242
500
141
143
133
133
116
85
14
13
14
32
22
14
97
161
424
188
163
155
175
156
132
126
117
110
99
94
105
13
15
97
101
101
98
95
98
93
95
102
97
97
103
117
106
120
108
95
99
97
108
103
106
34
108
144
102
95
48
188
149
130
173
158
190
173
150
155
207
150
129
125
131
427
19
39
193
226
162
167
276
500
226
500
380
152
114
13
14
11
14
12
15
12
13
14
13
12
11
13
13
11
11
15
15
13
14
12
13
13
14
13
11
14
17
17
15
22
23
24
16
17
17
18
21
24
20
23
26
65
14
35
53
500
500
500
500
500
500
500
110
33
100
322
500
99
44
12
13
112
465
123
120
125
185
384
148
107
90
89
86
94
90
90
89
88
95
90
92
11
12
13
97
91
134
160
288
138
133
231
119
112
99
106
113
104
114
112
101
113
109
98
94
27
107
52
35
143
142
91
120
112
144
186
284
158
412
249
167
193
246
167
183
186
170
178
231
196
121
100
105
120
138
148
224
301
144
149
188
219
155
162
78
134
448
226
225
217
289
169
149
151
191
500
11
10
13
13
13
14
14
13
17
16
20
105
170
288
228
395
125
105
110
194
171
271
362
146
118
128
115
114
120
118
128
122
107
9
11
123
124
12
126
141
144
141
150
133
136
129
137
12
132
133
137
149
138
30
33
30
39
139
126
137
126
123
117
110
114
13
110
110
118
112
116
53
130
167
142
132
152
153
143
145
161
151
165
132
124
114
117
120
117
128
116
99
102
101
99
105
96
13
51
111
105
123
134
160
172
186
152
137
123
128
109
113
109
121
118
105
98
91
115
108
