31
15
19
14
18
24
27
17
11
13
41
34
15
23
11
26
14
39
17
64
11
18
21
16
21
24
11
12
21
20
28
18
13
11
14
15
45
16
13
33
13
15
13
22
16
32
19
14
15
14
56
12
15
51
31
79
61
36
18
21
36
68
18
19
16
19
61
19
51
73
76
24
16
27
25
14
16
38
54
15
27
25
32
112
129
19
61
65
12
38
17
31
24
10
13
18
92
29
49
48
72
36
28
36
137
35
149
26
31
18
38
24
20
139
69
92
52
103
211
17
104
138
18
68
27
17
22
28
99
46
159
132
112
15
45
23
49
38
244
59
20
161
98
18
127
29
60
88
22
125
115
150
12
12
14
121
216
19
91
14
50
11
87
53
15
43
34
27
35
16
38
248
53
21
102
15
138
143
18
53
25
120
117
12
12
62
156
123
61
99
10
14
94
171
158
127
99
185
22
84
114
83
121
14
11
127
25
93
34
85
83
51
84
77
115
161
113
105
99
90
85
285
102
21
124
158
14
134
36
110
111
46
13
12
209
71
10
62
110
184
111
70
325
25
244
121
116
18
127
121
38
41
35
14
124
152
148
12
124
24
160
110
109
93
124
110
37
135
38
12
129
73
24
14
50
29
17
74
101
96
108
101
100
14
93
96
369
71
20
29
98
188
119
17
16
14
17
180
21
57
500
133
71
108
151
11
33
209
160
227
38
54
500
65
173
259
144
164
74
240
119
124
16
113
10
12
12
11
51
340
46
326
48
163
245
28
16
12
13
14
11
10
9
13
13
15
21
15
14
29
67
26
22
197
126
109
23
113
120
13
32
19
135
20
108
91
97
13
35
129
108
179
500
12
53
18
171
404
13
26
127
113
122
141
116
115
18
14
63
171
69
30
81
43
131
164
128
125
13
22
19
16
54
500
149
209
85
101
41
33
10
154
149
33
142
181
128
13
15
16
15
105
134
101
182
118
9
500
14
209
74
304
147
167
70
61
137
149
125
150
205
19
91
36
144
500
67
91
36
37
37
33
93
131
458
187
129
88
12
154
45
50
130
37
123
35
30
233
140
116
129
11
162
99
119
11
283
14
21
10
89
265
46
181
134
30
13
36
12
18
16
16
21
13
17
15
15
16
18
104
77
201
163
216
130
12
94
13
119
97
93
26
19
94
75
156
112
105
106
80
95
13
76
25
169
94
55
35
34
10
46
315
118
133
135
110
160
129
70
13
128
123
39
35
149
155
87
264
114
121
112
67
121
121
11
13
14
31
39
60
86
32
140
194
227
21
195
49
19
500
136
33
13
14
11
35
46
64
17
32
228
91
190
151
76
41
198
20
144
232
93
103
21
58
70
57
101
115
72
93
101
28
17
21
32
91
94
95
17
89
19
19
20
18
21
17
15
14
15
14
10
20
20
16
20
23
19
91
152
186
123
108
188
201
38
40
118
17
199
305
335
102
69
26
28
27
78
113
191
264
36
104
100
244
85
63
157
27
112
95
71
77
75
67
100
108
319
227
126
110
221
34
16
43
21
18
17
41
15
17
15
19
32
17
16
20
21
20
13
17
40
106
83
16
20
79
69
65
73
62
100
69
115
226
74
11
11
31
10
108
55
25
21
14
20
28
12
18
17
16
17
18
15
11
15
12
13
20
12
17
17
15
13
12
10
11
14
13
20
17
15
17
13
21
17
22
24
22
91
156
161
81
281
10
10
10
154
142
132
185
73
113
115
50
105
113
98
11
12
81
173
246
111
91
89
43
108
97
116
83
13
94
99
11
173
151
181
23
17
303
110
134
127
111
146
116
174
109
27
112
52
418
134
130
24
17
251
30
130
13
57
107
105
74
221
44
500
500
49
53
31
153
169
81
23
133
30
26
32
500
116
59
44
67
22
32
500
120
35
24
500
500
314
256
128
97
72
58
27
142
95
96
106
16
90
83
37
95
222
57
24
89
76
13
243
29
234
18
91
127
130
172
176
123
92
91
94
112
111
165
170
39
28
76
301
161
198
100
142
149
110
24
150
133
99
29
96
500
154
128
22
45
18
125
50
70
62
42
28
24
27
21
92
109
108
119
37
197
237
125
144
250
10
85
108
142
135
149
125
128
77
99
86
32
72
87
176
444
100
46
27
32
128
88
140
315
108
69
25
220
98
241
41
57
50
27
48
27
52
120
104
99
88
73
64
85
102
127
202
85
67
55
123
182
119
27
30
51
115
49
18
57
64
43
231
23
101
96
92
89
87
87
90
75
115
169
148
84
99
85
