37
14
26
21
15
21
18
20
31
22
45
28
11
16
14
10
24
10
15
16
14
16
28
10
20
15
48
13
14
20
51
14
18
13
17
13
59
21
42
28
13
19
26
16
14
32
22
38
25
11
17
19
16
11
15
16
43
67
14
14
24
25
10
10
13
15
9
10
20
12
12
15
17
16
35
9
11
11
12
11
12
11
8
13
10
40
10
20
12
22
11
16
17
11
13
19
14
28
38
17
58
45
24
49
38
40
13
12
32
26
24
35
43
48
25
37
14
34
19
24
11
28
24
10
19
24
30
29
49
12
32
17
16
63
21
9
12
11
10
15
27
18
10
12
10
10
14
21
14
16
10
14
12
10
11
26
14
17
10
12
10
11
14
18
13
12
17
13
11
8
13
9
13
12
9
13
13
11
17
13
13
11
9
22
31
13
11
11
12
12
12
10
8
19
13
10
12
10
25
13
11
11
14
10
9
11
9
11
16
14
10
13
15
8
10
12
11
8
24
62
14
18
16
13
57
14
12
52
13
14
19
49
10
13
44
10
16
10
43
46
14
51
32
12
33
17
10
8
45
39
20
9
11
10
10
16
12
12
11
9
11
11
28
26
32
11
11
36
13
13
10
8
13
18
12
9
11
11
16
11
10
10
9
12
10
11
10
10
10
11
13
10
13
10
9
10
8
13
10
17
11
9
10
11
10
10
10
20
16
20
9
9
9
20
11
13
8
9
13
15
11
12
12
12
14
10
10
9
12
11
10
8
9
10
11
22
12
10
9
11
21
9
10
11
9
9
10
12
8
11
13
10
9
11
9
10
10
10
23
11
10
10
10
10
10
10
9
11
10
20
11
8
10
11
10
9
10
11
11
10
11
10
16
11
12
12
9
9
11
12
12
10
9
12
10
9
11
10
10
9
10
11
22
10
8
25
22
10
10
10
11
20
10
11
11
9
9
10
9
27
21
10
11
9
11
9
10
10
10
26
11
9
9
10
10
10
8
8
9
10
11
10
11
13
12
9
12
9
9
10
10
9
12
9
9
11
9
9
23
10
8
10
8
11
10
22
9
10
8
25
12
9
8
9
24
9
9
10
10
8
10
11
12
9
10
12
10
23
10
13
8
10
11
8
11
8
8
9
10
10
8
9
10
8
10
9
13
9
9
9
9
11
10
10
10
10
10
9
13
8
9
9
11
10
10
9
8
11
9
9
10
13
10
12
10
11
11
10
10
16
13
22
45
68
84
94
26
102
62
14
11
10
53
13
11
56
13
14
15
15
10
16
9
12
14
71
12
13
45
12
14
12
53
52
55
121
45
11
49
62
67
57
83
56
100
8
15
9
8
11
13
34
40
25
10
28
67
28
77
206
71
59
74
43
53
153
82
91
91
42
79
80
137
96
71
91
107
62
79
88
17
172
112
91
16
84
125
78
121
84
58
65
113
73
77
88
27
90
85
84
74
84
79
115
58
22
73
110
104
55
72
92
96
54
108
54
176
80
80
13
126
78
144
25
39
56
48
57
75
63
81
52
59
38
52
113
166
74
84
46
33
76
33
240
88
142
119
20
135
49
126
56
56
76
61
94
81
55
44
103
58
52
143
50
181
78
99
51
99
146
124
71
23
45
74
55
118
36
43
47
32
44
52
48
86
61
52
59
38
39
50
46
50
52
50
69
42
52
86
81
68
57
41
78
51
56
50
58
44
37
48
100
86
44
31
42
14
46
36
38
35
31
36
26
47
42
50
43
41
35
29
36
42
35
48
26
44
40
45
40
31
44
64
47
112
39
36
32
14
19
41
37
37
37
52
31
29
31
37
35
35
44
26
37
35
43
21
41
28
20
41
38
38
34
32
35
45
28
49
44
29
22
39
43
30
39
27
10
43
41
60
30
34
27
43
34
32
35
40
35
30
26
25
35
35
35
35
33
35
43
37
33
33
28
37
30
28
43
26
33
33
37
34
37
40
30
35
33
39
32
37
36
38
35
48
37
43
33
24
38
41
24
33
55
38
25
44
36
30
40
31
32
33
26
33
28
43
28
33
37
40
39
36
39
31
31
28
39
28
39
37
29
41
41
35
31
22
33
33
33
41
43
44
40
29
39
26
28
37
39
45
21
28
30
35
37
38
35
35
43
43
28
33
35
42
35
43
37
30
35
33
29
35
44
41
37
30
45
12
25
25
43
32
26
31
36
40
37
43
37
22
22
45
32
51
13
11
46
89
54
49
55
86
128
47
49
37
58
71
64
47
133
83
41
100
47
68
45
47
53
