30
14
18
13
17
23
26
16
10
12
40
33
14
22
10
25
13
38
16
63
10
17
20
15
20
23
10
11
20
19
27
17
12
10
13
14
44
15
12
32
12
14
12
21
15
31
18
13
14
13
55
11
14
50
30
78
60
35
17
20
35
67
17
18
15
18
60
18
50
72
75
23
15
26
24
13
15
37
53
14
26
24
31
111
128
18
60
64
11
37
16
30
23
9
12
17
91
28
48
47
71
35
27
35
136
34
148
25
30
17
37
23
19
138
68
91
51
102
210
16
103
137
17
67
26
16
21
27
98
45
158
131
111
14
44
22
48
37
243
58
19
160
97
17
126
28
59
87
21
124
114
149
11
11
13
120
215
18
90
13
49
10
86
52
14
42
33
26
34
15
37
247
52
20
101
14
137
142
17
52
24
119
116
11
11
61
155
122
60
98
9
13
93
170
157
126
98
184
21
83
113
82
120
13
10
126
24
92
33
84
82
50
83
76
114
160
112
104
98
89
84
284
101
20
123
157
13
133
35
109
110
45
12
11
208
70
9
61
109
183
110
69
324
24
243
120
115
17
126
120
37
40
34
13
123
151
147
11
123
23
159
109
108
92
123
109
36
134
37
11
128
72
23
13
49
28
16
73
100
95
107
100
99
13
92
95
368
70
19
28
97
187
118
16
15
13
16
179
20
56
499
132
70
107
150
10
32
208
159
226
37
53
499
64
172
258
143
163
73
239
118
123
15
112
9
11
11
10
50
339
45
325
47
162
244
27
15
11
12
13
10
9
8
12
12
14
20
14
13
28
66
25
21
196
125
108
22
112
119
12
31
18
134
19
107
90
96
12
34
128
107
178
499
11
52
17
170
403
12
25
126
112
121
140
115
114
17
13
62
170
68
29
80
42
130
163
127
124
12
21
18
15
53
499
148
208
84
100
40
32
9
153
148
32
141
180
127
12
14
15
14
104
133
100
181
117
8
499
13
208
73
303
146
166
69
60
136
148
124
149
204
18
90
35
143
499
66
90
35
36
36
32
92
130
457
186
128
87
11
153
44
49
129
36
122
34
29
232
139
115
128
10
161
98
118
10
282
13
20
9
88
264
45
180
133
29
12
35
11
17
15
15
20
12
16
14
14
15
17
103
76
200
162
215
129
11
93
12
118
96
92
25
18
93
74
155
111
104
105
79
94
12
75
24
168
93
54
34
33
9
45
314
117
132
134
109
159
128
69
12
127
122
38
34
148
154
86
263
113
120
111
66
120
120
10
12
13
30
38
59
85
31
139
193
226
20
194
48
18
499
135
32
12
13
10
34
45
63
16
31
227
90
189
150
75
40
197
19
143
231
92
102
20
57
69
56
100
114
71
92
100
27
16
20
31
90
93
94
16
88
18
18
19
17
20
16
14
13
14
13
9
19
19
15
19
22
18
90
151
185
122
107
187
200
37
39
117
16
198
304
334
101
68
25
27
26
77
112
190
263
35
103
99
243
84
62
156
26
111
94
70
76
74
66
99
107
318
226
125
109
220
33
15
42
20
17
16
40
14
16
14
18
31
16
15
19
20
19
12
16
39
105
82
15
19
78
68
64
72
61
99
68
114
225
73
10
10
30
9
107
54
24
20
13
19
27
11
17
16
15
16
17
14
10
14
11
12
19
11
16
16
14
12
11
9
10
13
12
19
16
14
16
12
20
16
21
23
21
90
155
160
80
280
9
9
9
153
141
131
184
72
112
114
49
104
112
97
10
11
80
172
245
110
90
88
42
107
96
115
82
12
93
98
10
172
150
180
22
16
302
109
133
126
110
145
115
173
108
26
111
51
417
133
129
23
16
250
29
129
12
56
106
104
73
220
43
499
499
48
52
30
152
168
80
22
132
29
25
31
499
115
58
43
66
21
31
499
119
34
23
499
499
313
255
127
96
71
57
26
141
94
95
105
15
89
82
36
94
221
56
23
88
75
12
242
28
233
17
90
126
129
171
175
122
91
90
93
111
110
164
169
38
27
75
300
160
197
99
141
148
109
23
149
132
98
28
95
499
153
127
21
44
17
124
49
69
61
41
27
23
26
20
91
108
107
118
36
196
236
124
143
249
9
84
107
141
134
148
124
127
76
98
85
31
71
86
175
443
99
45
26
31
127
87
139
314
107
68
24
219
97
240
40
56
49
26
47
26
51
119
103
98
87
72
63
84
101
126
201
84
66
54
122
181
118
26
29
50
114
48
17
56
63
42
230
22
100
95
91
88
86
86
89
74
114
168
147
83
98
84
