31
22
60
48
14
13
27
20
16
14
22
18
45
55
12
18
11
13
36
26
23
11
16
16
13
24
31
19
10
15
20
18
25
19
69
28
32
31
16
14
27
13
13
17
23
10
41
10
17
16
15
16
15
9
28
20
11
39
16
22
29
45
54
52
20
13
49
32
22
32
36
43
78
60
25
11
69
54
21
38
11
26
83
20
127
68
104
25
28
74
12
21
86
17
163
123
130
38
26
107
63
85
83
56
113
77
73
118
59
121
43
77
110
100
18
135
17
16
20
11
21
31
37
162
39
32
114
77
37
95
62
40
178
89
124
32
38
78
12
11
13
55
81
67
96
27
98
20
18
159
140
112
13
34
45
27
53
13
31
122
21
121
12
15
17
19
144
16
19
20
128
157
31
88
132
10
11
261
174
75
24
326
27
36
120
121
18
125
25
500
130
14
13
12
16
14
143
62
133
27
13
130
33
20
180
207
68
13
56
127
13
9
11
23
265
243
285
15
211
307
72
46
67
269
48
40
39
58
64
69
177
25
211
19
207
106
38
40
71
500
104
59
13
23
500
93
40
36
500
19
284
15
411
92
147
497
53
10
500
118
249
17
249
15
202
33
80
143
22
18
41
41
208
14
369
42
49
103
124
10
283
18
17
170
14
75
181
274
293
309
163
17
114
17
131
110
323
104
34
500
58
12
32
33
55
227
500
500
500
11
500
11
67
62
96
13
92
108
222
187
246
13
105
48
138
22
49
15
96
500
16
118
123
40
90
61
19
63
147
47
55
129
48
104
114
106
101
11
199
256
85
115
75
110
20
80
16
156
153
52
23
100
27
17
36
248
210
79
65
191
33
225
153
31
10
65
132
329
27
97
20
26
331
168
117
71
190
14
16
13
11
170
15
440
15
172
211
191
24
450
155
51
13
10
188
123
57
272
70
352
37
47
49
60
71
129
34
18
52
240
166
101
23
14
65
62
151
138
140
95
116
112
118
123
11
11
30
13
11
13
133
195
78
77
115
205
10
16
14
24
395
30
322
113
102
103
11
181
151
33
97
217
103
144
155
64
345
269
46
12
34
119
39
109
107
153
31
18
126
107
109
96
88
104
105
136
124
112
113
112
13
12
11
101
127
197
253
247
28
16
28
500
500
10
368
27
153
113
145
25
114
119
148
83
122
92
105
132
42
242
51
44
51
176
190
15
16
17
94
83
18
137
112
106
121
115
114
254
49
47
73
181
12
72
68
79
256
111
15
11
177
182
145
106
32
90
40
14
30
216
82
26
500
122
105
109
117
119
131
127
118
139
14
185
500
57
38
26
38
89
163
129
44
150
52
177
159
154
250
36
101
193
78
188
47
29
26
67
500
72
364
26
321
44
29
144
28
84
40
183
140
107
129
170
178
158
176
500
94
36
31
42
500
12
12
11
11
59
500
142
126
500
141
37
104
234
83
12
11
500
500
38
125
133
21
125
196
110
36
106
35
65
58
49
147
65
126
119
115
144
133
129
150
134
47
75
130
176
127
182
68
36
95
73
40
83
199
180
208
305
103
142
47
11
44
16
48
151
41
48
123
47
120
119
40
104
67
246
116
500
173
28
131
27
370
397
27
33
37
131
125
103
53
168
60
89
50
60
107
38
39
27
34
21
16
146
33
20
12
19
21
20
23
22
24
24
31
19
18
20
12
24
22
18
21
31
19
20
23
23
23
18
16
18
17
97
17
28
97
500
412
143
104
145
134
126
119
116
110
108
101
99
99
104
96
15
96
111
109
93
103
114
124
127
88
13
201
24
34
29
40
112
118
369
33
13
13
25
15
12
14
14
14
14
13
12
11
11
14
89
231
121
204
115
125
263
31
129
140
170
90
33
10
140
92
45
71
284
81
76
114
28
500
176
16
500
120
28
30
35
273
44
30
46
46
417
114
124
137
111
110
92
106
26
59
183
500
427
183
140
39
51
90
38
116
134
51
126
42
95
100
100
101
110
108
114
124
112
140
74
156
99
105
101
97
99
96
99
95
96
100
29
25
123
123
95
107
164
107
104
112
140
109
142
20
12
105
103
116
30
50
12
45
96
111
104
18
18
12
12
12
12
15
139
155
129
123
111
139
139
18
22
10
23
12
191
193
109
118
123
138
143
171
59
37
25
73
46
13
28
13
191
61
138
126
158
130
150
260
185
276
175
127
125
81
85
24
99
103
83
159
112
110
139
194
103
142
137
115
164
156
155
111
114
106
128
38
16
17
14
16
17
17
16
15
13
15
15
15
21
