36
13
25
20
14
20
17
19
30
21
44
27
10
15
13
9
23
9
14
15
13
15
27
9
19
14
47
12
13
19
50
13
17
12
16
12
58
20
41
27
12
18
25
15
13
31
21
37
24
10
16
18
15
10
14
15
42
66
13
13
23
24
9
9
12
14
8
9
19
11
11
14
16
15
34
8
10
10
11
10
11
10
7
12
9
39
9
19
11
21
10
15
16
10
12
18
13
27
37
16
57
44
23
48
37
39
12
11
31
25
23
34
42
47
24
36
13
33
18
23
10
27
23
9
18
23
29
28
48
11
31
16
15
62
20
8
11
10
9
14
26
17
9
11
9
9
13
20
13
15
9
13
11
9
10
25
13
16
9
11
9
10
13
17
12
11
16
12
10
7
12
8
12
11
8
12
12
10
16
12
12
10
8
21
30
12
10
10
11
11
11
9
7
18
12
9
11
9
24
12
10
10
13
9
8
10
8
10
15
13
9
12
14
7
9
11
10
7
23
61
13
17
15
12
56
13
11
51
12
13
18
48
9
12
43
9
15
9
42
45
13
50
31
11
32
16
9
7
44
38
19
8
10
9
9
15
11
11
10
8
10
10
27
25
31
10
10
35
12
12
9
7
12
17
11
8
10
10
15
10
9
9
8
11
9
10
9
9
9
10
12
9
12
9
8
9
7
12
9
16
10
8
9
10
9
9
9
19
15
19
8
8
8
19
10
12
7
8
12
14
10
11
11
11
13
9
9
8
11
10
9
7
8
9
10
21
11
9
8
10
20
8
9
10
8
8
9
11
7
10
12
9
8
10
8
9
9
9
22
10
9
9
9
9
9
9
8
10
9
19
10
7
9
10
9
8
9
10
10
9
10
9
15
10
11
11
8
8
10
11
11
9
8
11
9
8
10
9
9
8
9
10
21
9
7
24
21
9
9
9
10
19
9
10
10
8
8
9
8
26
20
9
10
8
10
8
9
9
9
25
10
8
8
9
9
9
7
7
8
9
10
9
10
12
11
8
11
8
8
9
9
8
11
8
8
10
8
8
22
9
7
9
7
10
9
21
8
9
7
24
11
8
7
8
23
8
8
9
9
7
9
10
11
8
9
11
9
22
9
12
7
9
10
7
10
7
7
8
9
9
7
8
9
7
9
8
12
8
8
8
8
10
9
9
9
9
9
8
12
7
8
8
10
9
9
8
7
10
8
8
9
12
9
11
9
10
10
9
9
15
12
21
44
67
83
93
25
101
61
13
10
9
52
12
10
55
12
13
14
14
9
15
8
11
13
70
11
12
44
11
13
11
52
51
54
120
44
10
48
61
66
56
82
55
99
7
14
8
7
10
12
33
39
24
9
27
66
27
76
205
70
58
73
42
52
152
81
90
90
41
78
79
136
95
70
90
106
61
78
87
16
171
111
90
15
83
124
77
120
83
57
64
112
72
76
87
26
89
84
83
73
83
78
114
57
21
72
109
103
54
71
91
95
53
107
53
175
79
79
12
125
77
143
24
38
55
47
56
74
62
80
51
58
37
51
112
165
73
83
45
32
75
32
239
87
141
118
19
134
48
125
55
55
75
60
93
80
54
43
102
57
51
142
49
180
77
98
50
98
145
123
70
22
44
73
54
117
35
42
46
31
43
51
47
85
60
51
58
37
38
49
45
49
51
49
68
41
51
85
80
67
56
40
77
50
55
49
57
43
36
47
99
85
43
30
41
13
45
35
37
34
30
35
25
46
41
49
42
40
34
28
35
41
34
47
25
43
39
44
39
30
43
63
46
111
38
35
31
13
18
40
36
36
36
51
30
28
30
36
34
34
43
25
36
34
42
20
40
27
19
40
37
37
33
31
34
44
27
48
43
28
21
38
42
29
38
26
9
42
40
59
29
33
26
42
33
31
34
39
34
29
25
24
34
34
34
34
32
34
42
36
32
32
27
36
29
27
42
25
32
32
36
33
36
39
29
34
32
38
31
36
35
37
34
47
36
42
32
23
37
40
23
32
54
37
24
43
35
29
39
30
31
32
25
32
27
42
27
32
36
39
38
35
38
30
30
27
38
27
38
36
28
40
40
34
30
21
32
32
32
40
42
43
39
28
38
25
27
36
38
44
20
27
29
34
36
37
34
34
42
42
27
32
34
41
34
42
36
29
34
32
28
34
43
40
36
29
44
11
24
24
42
31
25
30
35
39
36
42
36
21
21
44
31
50
12
10
45
88
53
48
54
85
127
46
48
36
57
70
63
46
132
82
40
99
46
67
44
46
52
