21
10
30
21
24
17
13
11
14
29
49
12
13
15
19
16
22
15
18
15
14
29
14
12
13
14
16
15
12
27
15
15
9
17
18
18
33
16
25
12
13
30
13
18
10
20
12
22
12
24
8
16
14
17
25
14
15
20
19
19
29
27
13
14
19
13
13
12
15
12
9
51
78
52
17
12
55
44
16
100
21
16
21
32
36
20
23
24
28
36
13
14
38
23
12
44
18
40
65
102
76
70
89
63
39
11
39
66
46
26
93
25
32
15
39
52
87
117
99
167
22
24
74
34
31
68
35
135
31
53
21
91
101
76
22
44
112
25
9
10
14
13
21
44
37
119
36
76
108
20
20
25
127
240
63
14
56
121
18
13
128
115
20
203
133
13
17
166
70
132
104
99
58
35
38
151
89
18
116
14
20
12
63
117
80
109
73
12
15
23
129
60
130
19
114
193
15
500
103
31
27
29
201
15
14
69
215
13
13
17
15
336
127
122
47
208
19
203
26
13
245
68
61
17
55
500
285
10
13
13
434
46
28
203
118
97
22
14
9
14
14
15
27
17
157
138
500
41
132
196
13
10
125
500
10
34
112
181
55
118
12
11
11
17
144
55
500
475
294
16
39
500
17
500
140
241
13
18
72
125
108
96
148
240
26
15
36
12
26
104
12
38
56
500
12
20
30
57
130
17
379
23
25
83
156
160
14
17
133
366
32
179
143
168
153
31
17
451
500
44
363
111
42
41
48
37
500
50
23
500
204
88
120
45
29
135
39
109
120
141
14
271
17
38
166
167
271
12
83
288
120
151
339
126
113
189
26
34
87
105
55
164
196
152
281
11
140
204
105
97
130
97
99
69
55
238
130
105
106
104
97
95
101
18
49
81
25
159
65
94
36
41
33
112
171
500
500
101
159
12
12
225
335
14
86
128
92
102
85
87
154
12
30
14
64
144
165
17
121
102
95
106
129
52
94
15
101
102
75
102
116
95
147
20
8
10
10
37
34
108
111
174
10
80
104
269
37
126
26
152
128
230
204
424
130
13
39
97
80
86
76
82
126
52
69
135
72
120
231
240
342
28
108
13
80
140
156
271
500
119
60
36
28
12
138
184
78
146
111
121
118
154
150
108
113
9
466
95
14
130
113
95
115
128
70
500
168
142
125
33
10
41
500
300
27
35
143
150
113
102
108
94
115
90
11
133
179
136
51
57
55
60
112
151
181
204
11
179
139
16
167
63
23
115
115
70
78
111
113
95
83
31
20
154
179
30
12
23
11
23
296
198
193
111
111
105
148
120
17
9
10
11
24
11
10
9
12
16
132
147
144
180
157
156
146
159
162
58
109
94
113
18
19
79
206
211
142
12
23
10
9
10
26
120
194
333
103
378
500
40
147
53
30
34
116
362
120
129
121
12
163
28
236
231
9
12
10
10
203
114
115
120
122
21
152
14
176
305
406
176
125
239
96
11
14
112
14
34
127
104
103
108
151
165
202
22
82
28
20
212
184
28
77
108
105
87
139
47
30
15
166
248
19
46
28
11
30
32
169
173
169
188
18
20
28
110
147
135
162
174
133
307
430
11
64
92
93
92
14
92
135
232
9
19
11
13
124
109
103
17
57
117
105
119
119
141
128
12
276
35
154
82
185
182
137
164
75
45
132
234
265
242
53
86
129
101
107
102
114
500
66
18
115
29
118
187
109
111
113
116
130
16
102
112
100
111
104
112
10
132
152
144
102
105
108
114
109
107
111
12
125
119
125
119
115
124
134
115
124
122
11
11
182
209
152
149
175
154
147
137
79
128
131
118
158
134
129
9
11
143
119
36
301
146
181
152
167
500
139
159
124
94
127
340
140
166
49
25
47
13
83
145
11
29
109
45
25
180
116
138
136
123
123
117
131
125
127
153
375
176
245
46
201
11
209
148
130
143
129
9
12
125
223
500
29
11
34
42
347
252
50
112
116
120
119
126
123
13
124
126
123
116
107
115
104
99
82
126
132
91
82
169
16
13
228
28
12
182
179
500
100
96
115
114
119
112
114
108
123
113
97
106
10
116
134
110
117
109
109
127
105
118
118
128
123
113
109
104
109
108
62
22
34
145
14
87
80
209
243
500
118
111
166
158
68
124
116
101
98
100
97
98
101
95
14
19
20
18
15
135
272
500
349
53
72
116
31
28
137
117
36
156
44
142
280
141
151
500
130
130
194
55
116
121
126
113
107
119
130
139
19
15
40
128
107
167
101
223
119
83
97
98
96
99
91
92
22
16
14
15
