29
58
15
20
16
20
10
10
24
25
62
8
62
30
11
36
21
28
16
20
11
28
15
33
15
21
19
53
23
13
37
17
28
21
13
12
41
17
12
12
18
18
25
13
27
15
18
17
16
13
11
10
17
10
27
27
29
12
13
31
26
20
25
11
11
12
14
27
34
26
10
8
12
9
27
15
9
20
12
28
12
16
9
22
19
11
16
10
9
20
31
24
9
8
28
11
11
16
38
12
9
16
11
9
28
12
16
15
14
11
12
14
9
9
12
14
14
10
18
13
8
8
11
12
12
14
15
8
11
9
21
18
14
10
10
25
10
9
10
10
10
10
18
8
13
13
9
15
11
10
11
9
12
10
11
14
20
10
11
9
10
13
13
19
10
10
14
14
11
16
11
21
9
14
10
17
11
13
10
17
13
19
13
17
21
15
16
16
22
13
15
24
22
13
22
17
16
18
29
12
17
20
25
21
12
18
21
23
25
18
21
19
12
34
20
26
24
19
18
30
27
22
32
28
11
80
40
39
12
9
8
12
8
9
10
14
15
9
7
8
12
11
9
16
9
11
9
11
10
9
9
9
8
10
9
21
9
11
11
8
7
8
13
9
8
7
7
8
11
9
7
12
9
8
10
8
8
7
11
7
10
8
9
13
10
10
9
11
7
8
11
10
9
9
9
12
10
10
8
7
10
8
8
11
9
9
11
9
8
10
9
10
11
7
9
11
12
9
10
7
8
9
10
10
8
9
7
8
8
7
8
9
8
9
10
11
9
9
10
10
8
9
9
11
9
10
10
8
8
12
9
8
9
13
8
10
12
8
9
8
9
8
9
13
8
10
9
8
10
9
8
8
8
9
11
10
8
8
9
11
9
11
8
7
9
11
11
9
9
9
9
9
11
8
8
11
8
11
8
9
9
12
7
7
9
8
9
9
9
8
8
8
11
10
8
11
10
7
7
10
9
9
9
9
10
9
9
10
9
8
11
9
7
9
9
9
8
8
8
9
9
9
7
9
10
9
9
14
8
9
8
12
10
11
7
7
8
9
8
8
11
8
7
8
7
11
8
8
8
11
7
9
7
7
8
9
8
11
10
10
7
9
9
10
8
8
8
9
8
9
8
9
10
8
9
8
8
9
8
9
9
9
9
10
11
8
9
8
9
8
11
10
9
8
9
8
11
8
8
10
8
8
9
9
10
8
7
9
9
7
10
8
8
9
9
9
8
8
9
9
7
10
7
10
9
9
9
7
10
8
7
7
8
9
10
9
9
7
8
8
9
8
9
8
7
8
8
9
8
9
9
10
8
8
9
9
8
9
8
12
8
11
11
9
9
8
9
9
9
9
9
9
9
13
9
10
9
8
8
9
8
8
16
9
9
11
8
11
11
8
8
11
8
9
9
7
9
14
7
11
7
8
8
9
8
8
9
8
9
10
8
9
10
9
8
8
9
8
9
9
11
9
8
11
11
8
11
10
13
12
11
10
8
9
10
9
8
9
8
11
11
10
10
11
11
13
8
10
11
11
11
13
9
9
10
13
10
9
8
10
9
9
12
12
10
11
10
12
9
13
12
8
9
12
10
8
8
9
11
10
12
12
9
11
11
10
10
9
12
12
10
9
12
10
9
10
12
10
9
11
12
13
10
10
9
10
9
11
10
13
11
11
13
9
11
10
12
10
9
11
11
13
11
10
9
11
10
13
9
14
8
8
9
9
10
11
11
12
9
10
10
12
10
9
10
11
11
12
13
10
13
13
14
11
13
12
21
34
7
7
7
9
8
9
9
8
7
8
10
8
9
8
9
10
10
10
8
10
8
8
9
8
9
9
9
9
9
9
7
8
9
8
9
10
8
9
7
8
9
9
8
9
8
8
9
7
10
9
9
8
7
9
9
8
10
10
8
9
9
7
8
8
9
9
9
8
8
9
9
7
8
9
8
9
8
8
7
9
9
9
8
8
9
10
7
9
9
9
8
7
9
9
8
9
8
8
7
8
8
10
8
9
9
7
9
8
8
7
7
11
8
9
9
8
8
10
9
7
8
8
9
9
9
7
9
7
10
9
9
8
7
7
8
9
9
10
9
7
9
8
9
8
9
9
8
8
8
8
7
9
8
8
9
8
9
8
8
9
7
8
8
7
8
9
7
7
8
9
8
9
7
9
9
9
9
8
8
8
9
9
7
8
10
8
9
8
9
8
9
9
9
8
8
8
9
9
9
9
9
9
8
10
7
9
8
9
9
8
8
8
8
9
8
9
9
7
8
8
8
8
