23
15
22
14
26
26
19
12
11
32
28
25
15
33
11
25
21
42
21
16
10
24
13
18
18
15
13
10
23
11
27
19
25
21
15
11
13
11
18
17
29
15
16
13
23
14
11
15
22
27
15
38
16
21
38
28
38
41
23
19
20
33
15
12
17
21
19
23
10
26
10
19
28
18
16
14
12
34
37
66
11
15
70
68
36
33
18
68
99
62
26
48
12
18
48
46
39
66
32
230
24
39
52
47
42
176
102
66
45
92
91
51
22
75
11
13
24
24
11
16
14
101
73
46
26
44
121
260
32
66
164
332
19
70
97
143
60
179
247
500
16
26
11
92
16
103
26
129
45
52
45
141
12
62
295
176
18
40
355
13
28
16
19
14
21
28
39
48
125
171
273
134
20
191
492
47
39
128
56
277
80
154
120
110
129
123
78
199
72
43
170
391
329
250
91
110
381
206
133
43
208
142
115
112
98
143
13
142
95
199
394
291
171
27
10
500
367
461
500
57
51
73
255
378
87
366
415
12
29
85
275
120
104
162
124
30
30
307
172
187
186
138
13
15
19
102
279
397
156
181
176
148
97
66
135
123
152
122
221
91
179
276
280
235
228
341
229
277
166
260
280
146
13
180
159
182
180
26
293
500
38
34
15
14
313
126
137
145
153
115
91
108
90
18
14
47
47
66
67
116
145
328
273
500
90
53
227
240
484
32
455
58
29
126
500
500
500
248
159
14
156
149
101
157
372
126
89
92
104
158
45
86
55
131
111
127
137
115
137
133
500
140
185
31
100
128
191
203
129
10
175
225
186
134
118
15
12
134
137
17
143
140
166
148
138
145
171
208
164
35
219
202
212
143
174
237
158
282
158
159
403
497
322
281
222
161
170
162
168
161
211
104
184
15
208
166
187
165
168
136
128
141
199
137
118
117
15
165
161
161
152
151
156
22
20
21
14
18
16
21
17
21
24
23
25
27
71
186
301
242
286
174
161
156
130
162
172
186
167
162
196
292
200
159
182
144
130
159
175
168
145
15
202
164
179
234
250
221
176
180
184
183
167
168
146
204
141
146
147
132
140
127
174
149
113
97
113
144
86
500
154
140
173
159
133
129
164
317
201
407
12
11
248
141
168
134
120
155
126
169
140
151
167
185
161
128
124
12
138
33
149
500
115
105
116
130
131
114
10
136
139
122
106
106
119
135
116
12
196
259
115
121
10
436
132
145
128
187
142
230
200
182
148
134
158
152
151
181
286
215
150
15
307
220
500
500
500
116
112
119
111
101
108
109
123
129
114
106
140
106
37
16
15
16
78
166
123
136
136
141
320
122
135
131
130
260
116
114
186
140
152
154
206
500
402
279
212
192
159
425
47
359
213
161
175
203
253
184
205
232
30
23
484
171
232
98
405
175
200
139
179
244
248
210
59
13
70
229
182
266
186
126
133
232
229
203
232
226
130
148
212
133
105
278
241
211
27
31
14
133
196
190
291
128
86
78
75
48
113
255
187
193
212
110
80
107
87
79
27
91
137
78
117
140
202
111
210
201
138
174
189
188
236
182
12
305
297
220
12
17
134
151
143
169
196
206
200
92
143
397
196
125
93
117
86
11
382
199
190
181
14
70
80
245
196
172
227
181
228
205
193
181
310
111
122
109
99
99
113
228
203
257
216
288
351
232
25
14
139
24
11
12
15
20
24
165
161
121
101
102
84
82
106
315
129
167
133
146
143
116
108
139
134
144
149
156
102
94
153
161
113
105
105
123
148
97
13
103
124
127
108
107
133
201
12
171
134
114
225
186
148
137
276
263
189
395
116
13
12
12
53
29
39
66
148
438
338
241
173
149
145
151
186
189
175
164
193
225
122
155
145
289
327
168
132
157
184
227
14
173
137
144
123
125
111
128
127
156
220
436
239
306
59
169
71
104
18
13
11
53
13
66
44
500
500
98
153
113
105
79
94
91
76
84
85
105
141
140
134
149
144
137
197
205
177
149
165
135
123
104
95
100
94
89
95
91
11
26
11
203
129
63
46
35
41
32
47
50
119
56
57
63
59
67
124
55
61
64
142
248
172
176
191
157
158
121
107
104
103
92
37
20
11
11
16
16
91
105
97
91
92
91
93
94
96
21
90
96
93
95
90
95
99
21
96
106
96
92
109
95
95
95
94
94
40
154
170
188
248
229
225
218
169
146
143
125
114
115
111
112
155
150
141
172
108
104
100
115
102
114
48
77
94
104
105
102
104
99
104
115
110
108
105
93
100
39
107
101
109
179
