41
15
17
25
15
34
18
11
12
41
29
14
39
23
18
45
19
15
17
10
17
18
13
22
31
25
19
12
27
11
38
10
30
27
24
11
19
26
10
25
33
22
16
37
14
22
16
56
24
27
17
88
13
18
21
21
19
23
25
12
20
16
78
43
13
13
51
30
29
37
40
58
13
18
10
30
21
11
25
77
69
18
45
22
76
19
19
65
36
30
20
35
44
63
83
18
29
86
107
54
28
112
54
36
71
13
27
113
11
53
18
41
39
55
22
117
24
75
16
85
74
93
102
49
80
13
81
92
69
161
65
135
68
239
22
22
86
38
59
18
92
107
18
15
54
73
86
259
35
104
22
99
102
14
148
18
122
33
183
51
43
54
210
27
126
96
118
69
85
170
139
18
75
32
86
13
21
91
41
14
64
410
40
139
13
110
46
284
47
37
346
70
158
246
253
96
23
171
11
15
177
114
148
212
12
27
267
31
248
65
212
26
52
23
189
113
12
28
155
162
45
161
14
15
16
19
28
117
121
71
17
10
14
16
261
174
22
74
42
203
37
170
46
463
500
94
161
34
334
13
26
82
16
171
16
11
9
35
500
472
42
30
12
88
54
500
347
30
500
500
264
13
13
63
253
172
500
287
41
10
17
14
13
11
11
61
58
481
138
62
74
81
112
107
47
18
16
29
23
17
92
283
67
17
202
240
161
179
13
95
14
18
123
15
93
133
218
165
136
134
43
143
65
35
13
79
25
13
196
34
107
123
17
70
14
205
105
13
81
74
131
42
37
199
136
500
132
86
27
135
17
196
14
31
26
30
500
500
234
19
98
46
26
29
70
21
210
31
37
251
170
337
134
55
198
205
173
12
286
15
154
172
109
105
102
108
112
17
145
202
108
327
111
77
311
30
12
169
14
119
18
136
98
94
18
86
148
320
24
15
99
14
118
500
500
500
500
38
500
149
205
122
106
145
23
91
20
12
11
13
17
20
137
500
107
91
18
11
120
157
276
11
55
168
68
28
134
163
171
24
12
30
13
100
132
164
190
38
339
48
40
11
500
169
113
100
26
105
67
135
14
100
109
138
164
276
145
120
15
13
17
140
110
98
97
128
12
155
50
21
29
132
79
69
31
121
100
212
109
102
14
106
280
32
19
17
13
12
18
11
16
15
18
91
46
269
165
143
325
29
28
54
17
49
500
396
71
500
118
26
10
10
31
16
220
500
137
127
132
71
28
57
74
103
43
56
36
500
189
171
9
30
288
500
13
159
197
13
124
171
116
66
140
101
88
36
281
347
122
115
418
79
500
134
204
14
11
17
15
68
500
384
277
66
88
60
182
11
12
18
11
14
12
11
12
11
11
11
15
10
16
12
20
98
500
35
39
78
17
45
75
62
150
140
148
13
29
500
141
142
98
115
169
209
33
15
23
16
28
118
63
11
122
130
500
25
127
115
11
92
294
500
62
29
11
11
12
31
26
500
345
481
51
201
219
68
110
54
104
375
96
11
53
103
92
88
21
26
16
452
95
103
105
393
128
443
189
149
175
500
121
96
37
38
15
170
69
399
10
66
33
22
28
28
86
12
164
155
78
12
32
109
101
100
97
97
97
96
13
98
114
97
153
199
15
391
327
236
30
45
219
457
12
13
17
52
30
500
157
152
500
344
33
192
173
167
130
158
150
155
21
41
13
15
15
13
13
12
11
15
20
23
103
40
29
66
146
173
188
13
13
25
73
104
156
213
158
65
18
24
149
26
39
54
47
130
150
118
102
142
12
193
57
155
131
13
160
34
13
144
10
9
96
266
171
56
102
199
27
16
16
17
20
19
89
109
99
98
101
93
124
245
500
105
52
72
22
111
38
135
262
221
113
116
129
121
126
124
170
12
100
25
13
31
15
16
41
209
185
150
99
14
97
11
36
10
10
108
249
380
102
32
11
11
28
16
11
11
20
23
13
16
86
101
118
26
104
94
91
96
25
21
17
25
16
19
21
18
18
18
18
20
23
21
86
95
94
121
81
117
116
136
117
108
110
105
42
130
125
53
324
278
141
147
11
29
50
28
500
23
13
101
87
113
72
28
11
12
12
13
42
13
60
35
16
150
500
11
132
103
114
102
105
129
99
157
130
121
121
116
136
22
28
40
36
32
19
148
121
160
94
37
32
47
130
227
21
29
104
160
198
14
38
11
124
182
34
34
140
144
500
175
106
43
59
111
138
85
202
63
500
41
31
26
25
109
178
40
31
17
11
16
15
10
23
135
121
447
16
382
