27
17
27
18
21
14
16
13
15
17
16
25
28
16
49
21
13
49
54
11
18
22
16
15
24
25
13
14
14
14
15
48
15
30
25
11
13
11
17
15
22
14
21
14
12
26
12
17
25
18
14
18
11
18
18
20
47
110
40
32
52
11
94
36
36
17
69
39
45
37
45
23
14
32
27
14
32
11
24
131
66
23
13
66
9
12
13
39
66
20
20
19
48
15
68
22
42
43
52
32
25
97
58
33
37
37
39
44
39
16
21
20
43
10
14
21
24
38
19
39
22
223
54
29
70
35
65
178
18
28
42
34
106
284
246
24
12
75
63
22
29
27
33
22
18
23
24
20
23
43
144
15
11
31
124
29
166
136
31
16
44
103
65
70
59
102
76
187
130
172
44
33
166
106
76
26
205
169
252
52
268
24
113
218
80
191
249
30
187
155
55
9
445
234
144
116
165
13
200
338
11
34
150
282
335
258
183
45
371
368
101
194
238
21
221
392
25
16
12
38
83
236
120
500
256
271
14
12
37
416
328
161
211
38
18
144
254
261
76
97
272
500
256
90
462
142
152
105
69
18
315
500
376
298
199
500
68
15
35
84
17
389
235
261
500
428
500
128
210
15
203
500
258
355
220
350
56
31
159
158
176
175
218
193
164
170
174
314
33
180
155
11
13
229
419
299
46
282
189
379
158
200
166
170
188
72
11
10
9
260
298
174
249
215
188
155
140
149
117
23
137
114
107
108
99
92
99
100
102
36
14
29
169
417
171
129
9
11
265
189
261
198
137
139
183
192
210
121
104
110
113
20
115
92
69
82
148
100
261
328
233
323
124
122
96
110
96
13
116
153
55
152
162
134
138
104
138
243
100
19
28
186
122
119
128
123
132
147
142
137
12
131
127
129
116
146
235
159
135
117
128
129
127
116
124
137
130
118
144
216
167
152
139
131
130
119
138
159
101
27
10
10
33
162
226
169
128
12
13
140
128
142
132
117
123
127
121
112
130
131
124
116
121
12
9
11
10
10
13
215
260
492
14
150
341
131
123
115
126
114
114
109
113
106
115
117
122
11
11
8
10
31
182
312
151
121
132
19
14
184
187
219
164
140
108
108
440
106
242
500
215
173
15
12
192
255
167
178
276
354
209
500
399
335
141
167
172
164
152
190
178
129
209
148
151
173
198
196
127
408
500
117
95
61
110
121
132
155
195
198
253
130
159
12
13
185
267
121
136
182
365
199
266
281
24
155
166
164
182
163
214
299
204
262
196
205
203
217
162
43
204
166
163
138
226
170
258
184
203
187
249
170
226
37
197
175
222
194
233
211
370
190
253
124
148
202
308
15
126
142
182
469
26
181
313
215
37
11
10
165
224
283
294
328
334
174
181
190
220
206
192
315
164
145
138
215
151
151
136
118
127
144
145
125
238
10
500
242
21
13
15
63
151
145
153
147
159
500
32
16
122
130
136
137
150
155
135
140
149
141
121
116
113
54
142
126
163
123
116
137
127
160
143
251
219
177
156
448
166
121
211
500
68
126
242
172
500
323
252
500
96
18
470
289
500
194
216
225
500
35
132
319
176
14
16
16
96
97
107
128
226
301
500
216
500
500
500
500
500
97
500
500
190
110
143
152
31
16
117
500
277
119
94
500
128
98
83
126
500
181
120
25
20
113
102
82
113
110
81
105
107
83
99
109
111
107
102
118
140
155
132
119
126
114
101
101
96
14
18
103
102
135
129
131
131
122
126
134
137
171
177
182
229
138
99
96
101
117
120
109
146
124
144
134
124
134
113
110
134
132
112
126
120
168
353
17
9
301
241
215
261
259
195
211
199
187
159
177
143
188
183
11
12
9
184
142
144
113
125
147
165
198
167
189
243
231
201
199
215
487
188
10
193
241
290
302
45
175
233
261
203
183
189
182
217
152
251
213
332
225
166
178
215
214
161
150
261
119
173
135
137
202
287
441
216
166
236
236
186
184
234
249
362
468
275
194
229
215
160
315
245
260
220
168
214
236
192
225
289
241
229
347
423
251
237
199
187
252
211
206
84
49
23
35
25
310
136
165
178
166
169
178
180
186
171
177
335
190
211
168
194
176
204
165
177
193
240
215
202
220
287
259
175
191
22
241
238
301
224
285
442
223
185
183
209
172
151
142
261
198
197
172
164
159
11
183
225
151
141
153
156
175
170
268
166
234
204
181
175
267
108
103
142
192
138
158
160
161
48
12
23
25
52
11
11
10
9
12
22
52
18
10
104
145
194
189
187
195
192
177
