24
12
21
31
16
30
17
30
13
24
37
16
15
22
10
21
10
19
33
41
35
18
19
12
10
26
19
12
18
58
20
15
21
21
19
27
17
14
53
45
18
44
43
13
10
22
23
29
21
16
18
16
20
17
12
17
19
16
24
11
56
21
20
38
40
26
26
19
19
22
72
118
39
70
9
34
16
18
40
30
10
17
18
11
16
36
35
53
34
26
29
15
75
18
22
42
21
28
91
52
15
53
58
21
63
47
26
153
14
25
9
22
75
65
70
36
27
54
126
60
33
29
34
20
34
50
12
14
11
13
46
27
12
158
83
50
141
133
118
16
172
202
121
163
145
30
77
96
55
19
13
63
88
43
27
61
29
119
153
76
57
28
17
15
27
43
282
128
213
20
13
36
102
89
57
179
22
338
52
102
92
259
107
125
100
219
14
40
196
198
19
157
165
17
273
100
20
18
57
181
191
158
22
144
146
112
141
205
189
13
12
26
43
165
22
174
221
32
186
151
110
122
51
16
70
152
138
123
96
128
116
50
148
159
160
139
122
113
108
128
33
86
25
134
40
117
143
156
102
205
36
15
194
197
106
147
146
202
30
37
265
262
27
145
113
136
114
135
90
111
119
96
18
112
77
102
123
118
110
127
114
129
149
166
137
129
139
132
142
131
125
107
500
48
28
11
345
178
151
51
185
177
79
168
208
196
188
263
183
96
176
172
186
48
160
70
146
273
85
28
199
173
183
76
150
147
153
75
17
21
36
127
76
141
181
216
151
152
167
207
349
197
215
217
189
423
200
151
143
130
116
144
136
121
122
20
101
106
375
165
178
173
69
99
200
35
34
11
10
196
134
162
136
107
144
148
143
222
341
148
141
121
140
247
362
227
220
177
125
116
90
13
10
12
246
16
73
268
383
122
128
131
110
113
118
130
131
15
13
10
11
85
215
220
135
14
20
23
160
209
209
193
231
162
229
314
247
314
187
211
140
128
125
123
135
159
163
156
207
172
175
155
133
113
121
111
102
120
129
137
138
122
131
137
125
100
82
12
199
179
214
217
133
158
167
303
121
159
136
140
133
113
159
130
119
136
125
124
125
133
145
137
15
10
142
92
59
13
69
16
14
246
93
137
141
144
109
127
126
189
363
277
222
263
171
211
210
229
206
202
206
217
193
172
11
10
13
15
292
155
164
157
232
180
201
177
300
266
259
126
18
162
500
156
185
123
180
122
129
10
200
118
113
115
114
120
111
17
125
133
224
107
70
51
69
174
171
163
168
190
148
137
135
136
128
142
174
155
148
93
152
90
66
77
72
110
135
158
164
176
165
155
49
25
27
135
220
13
13
20
122
221
137
162
137
114
155
135
117
143
150
141
132
127
125
124
120
112
15
136
124
139
145
155
138
158
149
146
145
153
168
147
148
172
160
147
140
136
142
151
144
126
154
153
165
149
160
10
231
184
245
75
47
23
54
59
143
131
124
131
133
125
129
115
124
93
146
139
137
159
157
157
77
55
142
139
78
160
168
150
30
180
28
13
47
56
186
136
112
11
122
183
164
212
266
152
257
251
359
454
172
19
162
238
313
173
9
148
286
210
249
152
181
175
327
60
279
146
10
224
350
199
176
160
165
189
188
79
102
154
144
149
172
187
138
144
137
154
119
130
130
131
214
418
152
142
164
152
156
247
259
191
171
146
142
197
162
199
209
164
55
41
151
127
143
118
110
114
122
117
118
13
123
139
168
172
212
282
179
155
156
143
128
149
178
191
137
133
132
169
143
109
201
173
185
171
165
160
157
212
201
186
311
167
136
169
164
143
121
12
164
150
122
119
119
113
103
12
11
11
10
133
208
166
171
167
157
16
17
14
105
124
127
156
123
11
111
189
280
186
205
267
306
145
145
158
173
183
171
153
144
139
138
142
157
184
142
141
167
175
162
11
10
10
22
281
176
165
243
281
355
194
242
162
205
248
172
145
11
11
322
128
127
129
124
112
94
83
99
86
105
61
51
273
122
16
15
16
15
20
14
16
16
16
15
21
18
110
137
158
204
247
211
120
268
210
228
259
430
38
91
24
254
156
194
174
144
154
141
127
143
126
120
126
114
116
112
109
129
72
95
150
143
137
121
139
122
124
126
122
165
261
131
165
164
158
137
153
166
107
36
13
195
120
122
148
145
143
152
135
168
207
370
256
263
235
108
12
10
10
139
116
116
119
130
124
132
122
130
146
146
147
155
130
144
15
164
190
203
170
157
140
10
10
295
217
166
164
169
167
