30
22
17
28
20
21
19
11
13
13
19
20
36
26
11
39
23
11
18
13
24
9
23
9
19
31
11
12
12
17
17
36
11
15
24
21
37
16
8
14
26
16
21
23
14
12
17
18
36
14
20
14
15
14
9
15
24
20
16
16
49
61
19
23
19
17
9
32
15
41
9
19
19
52
15
15
8
11
13
16
34
37
74
22
15
14
20
12
41
31
36
22
35
34
37
19
12
51
106
22
16
74
38
22
33
28
46
43
25
23
44
49
19
13
150
31
28
33
25
23
22
23
19
21
20
16
28
32
45
27
31
46
53
22
50
48
53
51
52
21
151
34
87
16
48
45
61
41
37
29
76
22
44
16
60
33
22
85
44
131
62
36
230
90
76
114
157
139
123
85
177
19
190
86
199
55
152
57
52
20
137
106
71
230
436
344
100
217
30
16
27
61
77
154
127
89
106
89
150
269
212
196
138
198
69
41
122
13
20
192
134
294
281
309
17
14
371
169
202
123
118
162
32
499
499
432
335
239
452
296
76
252
71
298
55
345
166
255
162
67
57
10
11
41
157
164
96
194
35
21
21
141
26
179
128
99
108
108
133
135
200
197
147
132
65
88
17
159
250
167
201
240
103
195
267
398
61
18
18
20
27
20
21
17
20
22
19
24
23
27
27
32
76
163
111
144
107
128
14
153
259
183
221
194
168
335
27
190
226
190
205
211
499
99
32
387
259
499
27
17
13
449
132
284
240
499
46
316
29
62
499
280
499
499
206
158
128
499
499
168
129
245
499
111
10
171
214
177
171
180
217
272
47
17
12
214
459
39
42
9
29
68
194
179
197
499
499
499
335
12
23
499
132
124
148
181
133
154
148
157
126
118
143
146
150
105
180
11
11
22
13
16
14
15
20
163
207
499
499
10
20
29
278
349
10
485
499
84
499
59
32
11
499
129
137
131
209
499
499
115
499
156
12
250
285
178
177
188
185
172
156
148
19
12
182
254
200
239
196
167
147
121
120
126
131
139
128
115
114
119
118
131
23
14
13
161
290
388
240
232
142
173
237
375
321
499
105
11
10
55
11
203
403
20
278
499
116
499
271
77
228
274
189
235
193
119
123
132
127
192
10
10
10
12
14
11
11
11
12
11
10
10
12
11
13
14
13
14
14
16
13
19
20
13
18
107
219
175
136
145
156
118
116
492
182
126
112
95
64
89
84
85
86
104
108
127
105
95
97
112
98
85
118
110
92
101
99
89
97
89
94
118
125
130
112
120
132
97
102
129
120
122
101
129
122
142
135
109
118
107
105
114
128
121
95
99
103
102
95
86
103
115
99
15
84
121
143
147
133
120
121
123
126
128
124
138
131
134
11
253
308
252
499
279
249
240
292
159
98
140
157
154
123
114
122
129
113
149
138
121
140
59
148
184
127
122
134
118
139
129
157
125
146
125
161
149
117
19
15
12
15
14
15
156
357
187
154
131
129
116
188
499
205
274
27
46
298
142
127
132
118
120
115
110
120
117
108
116
115
105
120
111
102
110
104
112
114
110
113
125
150
7
9
12
499
123
161
115
116
102
12
12
11
10
10
11
11
9
11
11
13
10
10
16
12
15
13
15
17
14
10
12
14
9
14
10
12
11
10
10
12
12
12
13
11
12
12
14
13
13
12
14
15
12
14
14
11
16
12
13
19
12
113
402
417
157
345
199
139
264
499
126
176
168
149
195
280
499
153
119
125
138
198
215
253
499
145
154
130
148
153
161
150
155
154
159
191
200
181
142
160
131
136
137
149
231
171
144
136
134
8
10
140
200
184
167
288
499
453
446
10
499
363
170
179
197
499
169
107
124
219
116
47
90
144
499
109
97
98
98
43
98
101
97
101
112
115
362
260
210
192
23
15
20
20
22
72
275
499
164
132
101
167
193
236
184
211
386
219
244
11
11
11
11
11
13
9
8
10
11
10
9
11
10
11
11
12
10
13
13
10
10
12
12
11
11
12
13
9
9
11
10
11
10
9
11
10
12
12
12
10
9
12
10
9
11
9
12
11
12
9
9
11
11
9
9
9
10
10
8
9
10
8
10
10
10
8
9
11
12
10
10
9
10
10
10
10
10
10
10
8
10
9
11
9
10
11
12
12
12
10
10
12
12
12
13
9
11
12
13
13
13
11
13
11
11
11
14
12
13
11
11
13
14
12
11
13
14
13
12
15
13
16
14
14
14
15
14
13
15
15
15
19
17
16
15
21
20
69
499
207
499
499
218
280
499
138
130
146
146
