25
14
34
26
22
21
15
32
30
20
25
13
13
35
13
10
17
62
41
17
19
16
19
15
33
13
14
25
12
20
11
15
15
16
20
16
43
15
28
12
21
17
11
12
17
21
12
12
19
15
77
17
10
14
20
13
14
15
16
26
20
15
17
16
11
32
21
39
32
53
10
19
29
31
71
24
31
22
21
13
18
13
58
14
16
48
30
34
21
35
46
43
22
38
70
36
33
33
13
65
18
34
25
27
12
49
63
20
26
17
18
26
13
15
44
24
28
37
64
20
51
29
33
91
38
15
36
111
39
71
67
44
68
84
44
85
31
40
89
95
79
66
14
48
88
38
166
90
17
12
67
132
149
60
88
103
131
27
23
30
91
14
17
96
146
215
135
58
44
22
41
67
136
168
141
198
281
109
73
36
12
52
149
204
133
127
139
61
162
154
185
111
90
116
206
65
18
37
11
233
197
78
257
190
118
264
182
15
24
218
235
205
16
29
218
39
260
67
43
151
115
25
18
18
15
199
259
237
316
281
19
150
223
153
210
87
220
19
13
11
18
336
297
179
164
173
322
500
500
500
500
9
11
149
40
46
9
34
177
239
11
13
12
9
96
343
344
17
500
189
89
12
17
189
124
32
144
130
141
128
161
156
135
105
198
500
120
126
191
209
184
99
216
108
113
76
186
54
307
162
231
102
145
61
11
14
187
191
195
222
105
57
300
263
500
500
328
149
153
158
170
242
35
205
197
122
134
145
168
169
122
134
118
12
121
133
110
99
111
156
142
16
16
121
102
101
124
121
134
319
154
150
161
155
262
192
199
109
186
354
231
154
130
131
135
170
253
172
89
16
12
220
11
12
11
16
12
19
14
16
12
16
16
15
20
20
28
27
24
21
25
28
22
29
108
14
246
260
236
258
193
165
21
243
131
170
226
392
241
179
153
154
168
143
116
139
134
220
170
92
141
10
11
182
244
132
197
39
234
357
164
162
156
15
181
182
194
98
148
147
118
116
125
122
113
115
116
136
126
138
156
141
144
147
161
163
126
158
165
156
166
157
52
12
48
9
56
52
33
87
12
31
228
166
127
151
122
133
124
123
108
107
122
110
110
104
98
91
93
86
147
363
179
32
27
185
204
500
157
112
116
115
115
134
186
76
14
284
203
176
166
143
143
130
136
111
110
163
119
133
133
10
139
141
245
225
242
243
211
152
125
132
500
491
153
114
28
213
496
338
273
162
168
166
160
163
156
161
168
166
195
198
170
152
144
143
148
139
133
118
119
127
55
17
41
16
16
17
18
16
12
18
12
13
53
145
153
197
202
172
198
318
291
226
235
177
178
166
111
268
164
183
166
135
132
136
141
118
113
116
119
107
112
111
96
103
98
107
97
97
34
91
101
105
97
94
94
107
99
106
107
103
110
104
97
18
84
82
92
92
110
131
116
126
17
13
21
23
18
12
15
18
109
128
146
144
153
156
149
148
169
152
150
123
184
237
186
97
95
167
145
166
149
165
223
237
139
245
230
130
151
127
177
238
283
183
177
345
261
222
230
202
201
243
156
131
109
12
112
27
19
18
98
164
118
121
137
142
211
174
116
142
150
216
165
175
157
163
182
238
135
15
145
269
168
131
108
109
111
130
144
126
129
108
104
109
112
116
131
132
178
120
9
13
182
225
186
248
216
163
129
107
92
15
14
13
10
92
115
123
127
152
154
205
332
198
184
261
174
456
241
202
473
380
350
236
185
136
173
193
175
143
257
393
323
225
165
121
122
123
128
130
123
112
14
117
120
132
135
147
323
181
160
181
235
295
168
144
137
172
159
202
226
430
424
500
159
266
259
174
141
129
138
206
500
136
10
11
59
154
167
175
146
152
182
210
296
326
453
283
230
377
140
65
44
32
217
169
201
156
159
253
170
202
259
215
225
328
344
245
270
377
354
275
290
333
247
245
194
211
224
98
42
179
162
149
119
128
138
126
117
105
29
102
127
117
125
119
133
171
149
148
150
147
139
185
184
166
163
125
121
127
148
235
184
173
134
172
220
210
168
178
11
247
500
104
27
102
104
93
106
103
114
119
111
118
110
136
133
400
228
153
136
121
129
128
114
117
138
317
150
106
100
106
106
114
161
116
168
211
126
179
268
145
124
124
121
114
152
157
167
130
143
248
250
182
183
183
177
248
274
251
357
225
197
169
178
288
224
148
10
155
150
212
260
206
140
166
110
79
93
77
39
82
168
181
222
156
155
308
274
189
145
188
250
161
138
132
138
167
