27
20
31
17
15
58
15
13
18
41
13
61
12
24
15
40
10
12
29
14
13
9
26
15
13
12
25
16
26
22
11
13
16
31
19
22
12
23
75
25
10
22
16
11
18
11
14
17
25
11
16
17
17
12
8
15
8
17
11
10
17
10
14
10
16
13
14
28
11
16
9
11
30
15
8
10
30
12
14
10
9
12
14
9
11
9
7
14
13
12
24
10
13
16
9
14
8
22
8
13
12
21
14
19
26
45
12
31
8
12
12
15
10
15
10
14
23
11
10
8
11
8
7
11
10
9
15
10
17
16
12
8
15
15
21
35
15
13
12
11
12
8
12
12
9
14
16
12
11
10
7
10
9
12
12
14
30
13
10
10
9
10
8
13
10
18
10
10
9
10
9
10
27
13
10
12
21
13
9
9
9
11
21
12
8
9
10
11
15
8
11
7
12
22
15
11
17
8
9
10
25
11
10
10
8
11
22
18
13
9
27
15
13
7
11
21
17
13
8
18
25
18
8
9
12
8
27
9
11
10
8
11
38
27
41
38
10
33
12
11
9
10
14
9
26
21
8
10
31
9
13
17
14
12
15
14
10
14
11
11
11
13
9
8
10
17
9
24
20
19
13
11
9
12
10
17
8
12
9
18
9
9
8
11
10
8
11
8
10
11
9
9
12
9
11
15
8
12
10
9
8
11
8
14
9
11
12
14
8
8
8
14
8
10
12
9
9
8
9
7
9
9
9
8
10
9
11
9
9
8
9
12
10
8
10
9
9
7
8
11
9
11
9
10
8
9
9
8
15
10
8
8
9
7
8
11
8
8
8
9
11
8
8
16
11
9
10
11
9
9
8
9
9
9
7
9
13
8
8
9
9
8
9
9
8
8
9
10
10
8
11
7
7
10
7
12
10
10
9
8
9
9
11
8
11
8
10
11
9
7
10
8
9
9
8
9
7
9
7
8
10
9
7
7
10
8
8
9
9
12
8
9
12
9
7
7
9
7
7
9
8
8
11
9
9
8
12
10
8
7
9
8
8
9
9
7
9
10
8
8
8
9
9
11
8
7
9
8
8
8
7
8
8
9
8
9
9
10
9
11
9
9
7
10
11
11
8
11
8
8
7
9
8
8
8
8
8
9
10
9
9
9
9
11
9
10
9
9
9
9
10
8
10
8
8
9
9
9
9
8
9
9
10
10
8
10
9
9
8
10
9
11
9
10
8
9
10
9
9
7
9
8
8
7
8
10
8
10
7
10
9
8
11
9
9
9
12
7
9
9
8
8
8
9
9
8
9
9
8
11
8
8
8
9
9
9
8
9
8
9
10
9
10
10
9
9
8
9
10
10
9
9
9
10
9
9
8
9
9
9
7
8
9
9
9
8
7
9
9
7
14
8
10
9
8
9
8
9
9
8
9
8
7
7
9
11
8
7
8
9
8
9
9
8
9
8
7
9
8
8
9
8
8
8
8
8
9
10
8
9
7
9
11
9
9
7
8
9
8
9
7
10
9
8
7
9
7
7
8
9
7
9
7
8
9
9
7
7
8
9
9
9
8
7
7
10
8
9
9
8
8
9
9
8
8
7
9
8
9
8
8
8
9
9
7
8
10
8
10
8
8
9
9
10
8
9
9
8
8
8
9
8
8
8
8
8
9
9
7
9
9
9
8
9
10
7
9
8
10
9
9
8
9
8
8
9
8
11
8
10
9
8
8
8
9
8
8
9
9
7
11
8
9
8
9
9
9
8
9
7
8
8
8
10
8
8
9
8
8
8
9
7
8
9
7
8
8
9
9
9
7
8
9
9
8
8
9
9
9
9
9
9
8
8
9
8
10
8
9
7
8
8
8
11
9
8
9
10
10
9
9
7
8
8
9
9
10
9
8
9
9
9
8
7
9
9
7
8
31
28
37
47
14
19
8
11
27
7
8
7
8
9
8
9
9
10
9
10
9
8
9
11
7
7
8
8
9
7
8
8
9
9
7
9
9
8
9
8
8
8
7
8
8
7
9
7
8
10
9
8
9
9
9
8
10
8
8
8
8
8
8
7
8
7
9
7
8
7
9
9
8
9
9
8
8
7
9
8
8
8
8
8
9
8
8
9
8
8
7
9
8
9
8
10
9
7
10
8
8
8
9
8
8
9
9
9
9
9
9
8
9
8
9
9
8
8
9
9
9
10
8
9
8
8
8
9
9
9
8
9
7
9
10
7
10
8
8
9
10
10
9
8
8
8
9
7
9
9
7
7
8
9
8
9
8
9
7
8
8
9
