30
24
20
41
21
15
81
23
20
24
9
19
13
13
23
33
16
24
14
14
19
26
11
23
23
13
17
13
37
15
20
12
42
21
18
26
14
22
11
16
12
32
52
44
25
23
17
19
11
11
20
23
13
13
40
14
12
11
15
28
20
13
24
25
22
15
10
109
15
120
22
22
36
33
20
14
24
36
20
41
14
59
94
11
42
47
37
28
14
47
39
35
150
12
61
72
14
93
35
40
37
29
28
17
15
81
29
62
43
62
57
35
28
19
72
124
39
67
66
25
20
163
84
186
108
21
54
114
75
41
144
26
500
62
11
13
10
23
12
18
100
221
117
36
386
22
42
81
22
19
87
500
28
96
35
146
176
75
172
15
448
52
37
16
79
30
364
44
278
53
33
115
14
14
80
135
255
114
87
64
128
405
18
12
141
42
137
204
203
188
282
500
157
148
9
17
14
29
59
237
238
206
254
71
138
17
77
163
105
156
229
14
192
168
283
89
65
106
204
175
438
208
188
39
185
150
237
486
16
444
39
9
234
83
47
75
148
162
296
163
143
111
56
236
220
125
23
185
500
17
176
55
238
192
135
210
73
207
287
237
11
10
11
331
39
21
500
392
213
34
248
500
160
27
15
11
44
500
500
336
110
258
118
112
134
190
185
185
181
165
237
226
198
179
156
200
194
195
231
170
145
145
130
172
218
244
31
64
62
168
500
169
58
12
10
10
500
343
114
477
367
162
12
13
254
174
16
144
240
305
241
205
41
358
137
152
143
18
174
181
185
215
155
203
193
189
277
167
147
124
103
82
118
173
205
353
139
11
188
90
178
13
13
230
269
382
500
234
138
129
138
140
162
175
178
16
159
149
167
215
241
12
322
187
453
500
355
500
13
42
43
166
228
500
500
500
500
112
170
166
177
130
127
132
11
10
12
192
500
99
500
164
32
24
86
500
215
176
500
149
139
126
152
136
135
104
25
13
12
13
11
13
11
12
14
14
14
13
16
17
21
17
16
21
20
21
18
20
20
17
22
69
179
157
137
126
148
134
131
123
119
111
109
114
115
114
118
117
125
122
138
135
135
104
100
102
31
97
10
104
113
60
89
114
140
130
132
138
136
137
131
128
113
114
112
114
116
98
105
94
105
126
126
114
122
121
126
127
142
140
158
158
157
150
144
137
124
133
123
13
119
13
147
182
191
184
174
173
161
160
149
165
176
155
11
173
180
183
166
384
187
135
182
199
167
12
132
51
84
301
189
162
156
157
154
13
195
194
51
99
34
88
245
145
144
117
115
111
109
119
109
114
113
124
120
118
117
117
112
109
12
109
117
113
100
99
102
99
96
97
98
93
97
12
93
93
93
97
26
98
108
106
123
500
170
232
500
400
312
186
301
165
151
500
500
169
139
143
122
160
500
500
500
500
500
500
150
102
108
123
121
110
25
11
9
12
13
35
73
77
99
500
500
500
82
97
119
130
124
125
130
114
114
109
106
103
99
100
24
23
23
26
23
21
99
112
154
174
285
24
12
435
140
162
134
138
146
140
125
135
157
209
182
212
243
296
195
125
157
199
182
280
242
403
364
125
117
20
12
10
37
14
10
10
40
40
70
500
500
500
500
500
136
121
116
103
117
122
129
138
137
136
159
180
160
181
387
163
137
228
170
123
134
238
204
171
136
189
59
44
290
500
219
12
271
279
500
382
357
301
500
500
500
11
500
166
500
500
182
185
283
141
134
123
109
119
122
156
156
128
122
121
114
102
103
108
107
109
106
106
96
98
25
16
106
121
133
146
127
129
132
114
128
112
109
121
12
120
104
123
116
120
118
109
109
97
75
58
37
40
65
71
86
115
118
123
16
217
135
233
200
133
140
181
155
141
111
149
123
86
99
125
136
133
178
163
99
105
160
190
159
467
143
126
162
137
109
123
101
110
114
163
296
207
321
122
148
138
116
121
109
122
124
150
140
150
168
202
249
220
190
220
100
102
23
10
111
260
225
279
500
124
117
121
128
114
23
23
20
20
20
17
15
18
17
15
20
16
15
19
14
17
12
15
13
14
16
17
13
15
14
18
15
13
18
20
14
17
15
18
13
15
17
15
14
15
16
16
17
18
15
17
18
20
19
17
18
18
15
21
23
15
20
26
22
22
57
10
156
146
193
296
143
435
157
167
234
402
240
500
500
137
170
152
166
136
137
251
368
286
229
239
148
166
193
229
136
127
58
114
13
12
152
152
258
127
179
122
134
122
144
146
119
155
138
236
141
134
168
234
