30
21
59
47
13
12
26
19
15
13
21
17
44
54
11
17
10
12
35
25
22
10
15
15
12
23
30
18
9
14
19
17
24
18
68
27
31
30
15
13
26
12
12
16
22
9
40
9
16
15
14
15
14
8
27
19
10
38
15
21
28
44
53
51
19
12
48
31
21
31
35
42
77
59
24
10
68
53
20
37
10
25
82
19
126
67
103
24
27
73
11
20
85
16
162
122
129
37
25
106
62
84
82
55
112
76
72
117
58
120
42
76
109
99
17
134
16
15
19
10
20
30
36
161
38
31
113
76
36
94
61
39
177
88
123
31
37
77
11
10
12
54
80
66
95
26
97
19
17
158
139
111
12
33
44
26
52
12
30
121
20
120
11
14
16
18
143
15
18
19
127
156
30
87
131
9
10
260
173
74
23
325
26
35
119
120
17
124
24
499
129
13
12
11
15
13
142
61
132
26
12
129
32
19
179
206
67
12
55
126
12
8
10
22
264
242
284
14
210
306
71
45
66
268
47
39
38
57
63
68
176
24
210
18
206
105
37
39
70
499
103
58
12
22
499
92
39
35
499
18
283
14
410
91
146
496
52
9
499
117
248
16
248
14
201
32
79
142
21
17
40
40
207
13
368
41
48
102
123
9
282
17
16
169
13
74
180
273
292
308
162
16
113
16
130
109
322
103
33
499
57
11
31
32
54
226
499
499
499
10
499
10
66
61
95
12
91
107
221
186
245
12
104
47
137
21
48
14
95
499
15
117
122
39
89
60
18
62
146
46
54
128
47
103
113
105
100
10
198
255
84
114
74
109
19
79
15
155
152
51
22
99
26
16
35
247
209
78
64
190
32
224
152
30
9
64
131
328
26
96
19
25
330
167
116
70
189
13
15
12
10
169
14
439
14
171
210
190
23
449
154
50
12
9
187
122
56
271
69
351
36
46
48
59
70
128
33
17
51
239
165
100
22
13
64
61
150
137
139
94
115
111
117
122
10
10
29
12
10
12
132
194
77
76
114
204
9
15
13
23
394
29
321
112
101
102
10
180
150
32
96
216
102
143
154
63
344
268
45
11
33
118
38
108
106
152
30
17
125
106
108
95
87
103
104
135
123
111
112
111
12
11
10
100
126
196
252
246
27
15
27
499
499
9
367
26
152
112
144
24
113
118
147
82
121
91
104
131
41
241
50
43
50
175
189
14
15
16
93
82
17
136
111
105
120
114
113
253
48
46
72
180
11
71
67
78
255
110
14
10
176
181
144
105
31
89
39
13
29
215
81
25
499
121
104
108
116
118
130
126
117
138
13
184
499
56
37
25
37
88
162
128
43
149
51
176
158
153
249
35
100
192
77
187
46
28
25
66
499
71
363
25
320
43
28
143
27
83
39
182
139
106
128
169
177
157
175
499
93
35
30
41
499
11
11
10
10
58
499
141
125
499
140
36
103
233
82
11
10
499
499
37
124
132
20
124
195
109
35
105
34
64
57
48
146
64
125
118
114
143
132
128
149
133
46
74
129
175
126
181
67
35
94
72
39
82
198
179
207
304
102
141
46
10
43
15
47
150
40
47
122
46
119
118
39
103
66
245
115
499
172
27
130
26
369
396
26
32
36
130
124
102
52
167
59
88
49
59
106
37
38
26
33
20
15
145
32
19
11
18
20
19
22
21
23
23
30
18
17
19
11
23
21
17
20
30
18
19
22
22
22
17
15
17
16
96
16
27
96
499
411
142
103
144
133
125
118
115
109
107
100
98
98
103
95
14
95
110
108
92
102
113
123
126
87
12
200
23
33
28
39
111
117
368
32
12
12
24
14
11
13
13
13
13
12
11
10
10
13
88
230
120
203
114
124
262
30
128
139
169
89
32
9
139
91
44
70
283
80
75
113
27
499
175
15
499
119
27
29
34
272
43
29
45
45
416
113
123
136
110
109
91
105
25
58
182
499
426
182
139
38
50
89
37
115
133
50
125
41
94
99
99
100
109
107
113
123
111
139
73
155
98
104
100
96
98
95
98
94
95
99
28
24
122
122
94
106
163
106
103
111
139
108
141
19
11
104
102
115
29
49
11
44
95
110
103
17
17
11
11
11
11
14
138
154
128
122
110
138
138
17
21
9
22
11
190
192
108
117
122
137
142
170
58
36
24
72
45
12
27
12
190
60
137
125
157
129
149
259
184
275
174
126
124
80
84
23
98
102
82
158
111
109
138
193
102
141
136
114
163
155
154
110
113
105
127
37
15
16
13
15
16
16
15
14
12
14
14
14
20
