31
16
14
16
23
22
14
12
17
11
14
46
27
15
18
13
23
17
16
33
32
12
14
11
17
20
20
16
13
14
16
11
20
22
13
15
20
13
15
15
17
21
25
23
26
19
43
23
25
30
41
12
10
17
26
26
14
16
10
29
12
14
8
19
10
26
27
14
11
29
17
21
30
17
16
51
57
42
68
31
21
21
12
11
30
19
10
32
52
12
12
13
82
33
10
76
45
19
41
73
47
38
30
27
27
40
16
43
40
82
33
27
27
22
14
19
31
27
28
89
46
53
57
20
67
46
108
34
96
65
88
37
118
39
45
131
58
14
21
55
212
81
56
52
43
89
115
64
70
93
88
30
34
65
126
50
153
99
33
58
52
64
34
98
92
199
82
72
143
259
80
166
172
83
500
54
64
16
68
19
206
47
35
140
259
382
221
417
21
18
141
37
245
192
29
182
134
113
251
136
150
198
101
233
483
51
15
96
73
226
55
160
397
379
183
16
208
500
500
158
13
500
143
19
12
26
26
44
53
93
309
194
500
500
21
500
29
500
41
14
87
14
500
76
145
206
102
97
98
23
17
14
14
30
16
14
17
17
25
23
26
82
401
338
382
51
149
159
166
141
135
159
314
183
210
11
143
356
280
359
154
215
173
88
187
200
136
280
194
150
167
152
16
187
146
17
14
13
18
124
155
133
12
132
132
118
120
128
106
102
62
84
294
120
97
163
229
27
268
61
332
101
345
181
173
200
154
170
146
125
168
218
298
144
16
160
10
352
163
156
158
145
126
12
15
11
13
9
32
29
248
270
182
168
201
225
210
174
97
69
175
222
165
175
177
171
205
234
395
168
244
99
16
12
12
16
11
35
22
73
32
184
239
157
162
245
500
287
500
500
181
12
166
182
161
170
338
260
302
12
180
243
207
492
436
216
239
33
175
140
135
118
121
142
137
148
160
146
138
124
119
103
99
102
135
140
146
133
169
152
211
196
255
26
154
239
237
150
179
136
190
158
188
193
144
354
42
204
184
152
144
142
221
152
105
213
158
195
206
211
280
220
143
310
15
12
13
11
16
13
14
16
12
16
13
16
17
63
12
148
294
410
246
284
190
129
111
113
123
111
20
125
115
118
112
110
113
109
114
25
115
114
134
178
245
154
128
132
128
127
113
110
119
104
107
99
11
9
9
13
109
113
100
108
99
107
118
116
119
112
104
109
114
25
12
113
123
115
138
149
152
149
147
165
105
32
141
128
152
127
120
93
106
142
143
139
124
127
131
126
123
132
136
132
122
127
107
117
117
117
130
122
106
123
127
132
121
127
14
167
177
161
130
150
134
119
167
134
144
129
131
140
220
155
150
107
114
108
104
98
108
95
109
97
121
107
107
101
91
92
108
14
20
10
24
45
146
212
155
126
159
149
150
144
154
156
136
28
174
146
112
116
119
123
129
143
134
117
143
114
125
123
112
100
106
109
105
98
109
108
118
123
117
108
111
110
112
112
18
12
10
10
11
11
11
11
14
14
17
14
19
15
17
154
197
269
281
251
266
329
70
18
29
180
231
274
469
231
500
188
239
215
156
169
12
173
231
425
310
109
36
256
136
151
150
146
150
256
249
15
245
500
27
11
128
10
12
12
119
135
148
141
180
188
176
187
201
187
190
160
204
154
199
178
500
29
10
10
12
120
192
22
52
500
500
100
150
138
145
134
376
111
98
91
99
90
34
94
109
99
98
104
98
99
92
96
96
29
88
11
12
92
96
95
31
97
97
101
108
99
102
96
90
12
11
42
97
133
154
122
138
126
131
134
129
132
126
108
116
107
97
98
93
99
98
93
98
96
90
97
98
87
95
11
10
11
93
98
98
101
107
99
101
99
95
101
24
31
26
14
21
104
88
163
67
62
10
15
154
81
124
140
186
169
171
500
390
159
126
105
107
106
113
101
101
107
99
98
104
94
14
13
12
97
105
108
110
110
109
65
38
138
125
130
141
127
119
125
126
139
135
133
134
125
121
126
123
110
110
111
114
94
10
11
109
114
104
116
110
122
151
132
138
137
131
143
123
119
14
14
120
113
117
153
190
229
247
142
133
145
105
163
191
171
192
174
242
161
191
203
118
122
116
88
96
105
108
137
126
134
152
145
165
169
169
287
335
157
172
182
225
378
106
315
172
142
121
91
187
154
124
133
93
115
11
10
11
25
12
13
122
149
158
136
168
162
137
123
118
105
116
117
100
100
106
87
99
89
95
91
97
87
97
114
37
26
19
11
11
212
