34
16
56
15
23
15
49
17
19
44
22
37
25
13
15
13
14
20
13
18
27
25
45
12
16
21
19
30
14
14
27
20
56
16
13
20
33
20
17
19
37
19
13
17
10
17
23
12
15
17
16
14
26
16
14
16
30
56
33
25
9
12
28
14
22
28
30
20
23
26
48
18
19
23
64
19
127
20
11
18
10
43
48
18
33
13
20
30
27
55
46
52
77
15
31
84
70
17
37
14
13
22
11
33
54
14
27
57
48
92
25
31
45
162
94
13
17
126
33
79
81
32
31
14
60
74
183
220
69
53
132
209
64
13
53
9
18
17
300
74
19
12
134
16
19
116
27
237
11
32
107
14
188
88
152
230
55
152
85
101
178
13
12
73
32
116
31
53
92
70
228
126
196
343
24
23
180
46
17
18
166
14
182
20
23
28
157
363
186
269
43
258
50
377
99
67
119
480
49
63
86
27
118
290
16
15
24
57
53
256
500
115
12
13
17
9
131
183
13
143
44
57
153
118
143
201
290
11
24
18
11
17
29
18
21
14
14
59
113
131
121
129
181
296
14
24
68
176
159
168
18
18
147
41
187
500
234
33
116
128
22
178
343
19
116
160
41
137
122
14
17
145
278
12
12
135
91
111
129
84
37
137
133
139
167
131
15
12
98
500
339
12
13
16
12
204
192
144
265
35
119
10
11
219
16
135
15
13
15
14
16
18
25
17
25
50
462
20
27
172
24
141
144
30
329
44
12
13
74
131
108
52
32
23
182
171
172
121
172
13
16
11
17
18
59
500
40
16
37
165
120
182
145
12
161
140
88
88
189
34
62
136
97
97
127
100
110
116
135
22
13
42
29
167
69
125
159
108
87
110
132
17
165
115
133
123
109
176
176
102
104
172
138
160
301
11
38
15
194
29
500
500
12
167
104
47
164
500
59
15
18
134
102
89
132
125
129
119
96
15
92
96
63
95
84
15
97
88
15
22
14
12
12
10
12
15
9
12
15
94
93
118
136
117
179
184
75
73
206
35
156
121
109
13
12
17
33
137
161
140
91
110
11
115
122
126
108
106
102
110
103
103
109
104
11
13
11
113
129
63
145
91
44
27
185
188
95
35
60
21
13
187
140
9
137
129
161
143
63
50
126
95
430
28
21
85
14
114
116
166
138
9
11
10
14
210
236
167
15
16
40
13
26
13
129
147
123
121
122
144
13
500
10
18
109
131
11
12
500
223
85
158
101
64
32
142
166
45
98
27
203
119
79
109
500
11
55
25
13
23
340
178
127
146
263
29
192
19
14
21
125
127
177
310
167
125
106
139
198
137
12
12
17
13
253
17
16
17
13
17
20
14
13
10
11
14
478
114
111
116
46
150
56
500
141
149
73
107
500
108
111
109
110
105
50
500
215
124
119
11
37
149
106
110
275
49
25
11
99
155
104
105
64
86
195
127
270
89
34
66
32
16
10
13
10
252
390
52
76
32
190
148
190
500
105
15
10
11
157
135
114
173
361
219
25
46
197
89
97
28
106
100
97
103
351
134
109
35
33
87
51
500
50
21
10
11
482
116
29
33
15
11
12
13
14
10
11
10
54
246
500
136
170
80
9
146
115
133
143
145
139
120
13
14
90
114
111
115
116
134
122
127
111
106
261
223
289
216
210
219
78
63
29
487
91
115
262
136
119
90
101
101
22
92
171
142
15
19
500
461
47
28
27
10
9
140
156
139
84
37
42
105
49
402
107
93
88
500
15
9
11
11
12
12
20
217
94
127
53
48
31
63
90
112
51
42
33
30
32
29
23
22
32
117
151
142
136
165
201
209
222
112
264
204
121
97
500
95
22
99
102
184
500
12
170
99
106
108
103
104
103
96
100
95
97
95
100
500
128
97
49
50
17
203
322
45
108
119
500
96
69
94
92
18
13
13
12
111
125
138
144
83
129
131
93
73
65
71
76
57
45
47
33
25
32
36
56
71
76
39
26
128
44
120
104
125
95
96
104
90
64
109
74
57
174
500
74
91
187
15
121
151
129
139
167
130
500
120
30
11
182
19
91
21
18
19
18
14
20
94
105
113
109
112
124
123
118
107
109
99
98
101
97
95
99
99
11
109
96
11
129
118
115
100
93
102
113
95
90
103
20
31
128
146
117
115
108
190
186
155
201
141
219
85
98
28
322
90
71
56
13
71
133
96
111
82
102
98
105
171
110
80
64
84
14
18
100
101
90
36
24
10
11
142
122
133
95
99
96
101
100
120
403
162
124
89
26
46
11
14
