27
14
18
21
18
57
14
14
20
19
9
9
12
15
35
13
9
21
33
11
9
31
10
14
13
23
21
11
14
23
29
21
12
10
29
9
9
13
33
19
19
11
15
14
18
8
31
29
18
17
12
13
30
16
16
10
24
13
13
26
14
16
13
10
15
9
10
17
14
12
25
11
9
14
12
13
13
30
16
13
11
10
9
10
11
14
8
10
18
11
16
11
10
10
14
7
20
14
19
17
16
12
8
16
9
17
13
14
15
11
10
14
22
20
9
20
15
9
12
22
9
16
16
26
12
19
11
13
12
11
12
15
13
17
11
8
11
9
16
10
12
20
12
17
14
11
9
11
11
12
13
13
8
11
8
9
10
9
14
8
16
8
12
14
11
9
11
12
12
11
15
14
9
15
9
11
10
18
12
11
15
11
13
16
8
11
17
12
11
12
10
16
9
8
10
9
8
12
11
15
10
9
14
11
11
10
11
8
11
9
8
9
8
8
9
10
10
14
12
11
9
7
10
8
10
9
9
13
9
11
9
12
12
8
9
9
9
9
8
9
8
13
10
7
10
12
11
9
8
21
14
12
10
15
11
8
8
11
9
7
11
9
12
9
8
10
9
14
11
13
9
8
10
9
8
8
7
10
9
8
11
9
7
10
8
10
8
10
8
8
8
15
10
9
9
10
9
16
8
8
9
12
10
8
9
9
10
10
9
11
9
8
8
8
9
10
8
10
9
11
10
9
13
8
8
9
10
8
9
11
9
7
8
9
9
11
8
8
8
9
9
8
13
10
9
9
9
8
8
7
9
8
9
9
9
9
9
9
7
9
12
13
8
9
15
8
10
7
11
9
8
13
7
8
7
9
11
12
9
9
7
7
9
11
11
8
9
9
7
9
10
8
8
9
10
9
8
9
9
10
9
9
10
8
9
8
7
9
9
9
9
9
9
11
8
12
7
9
11
8
9
11
8
9
7
11
9
10
7
9
8
9
8
9
9
7
10
8
8
10
9
9
8
11
8
10
9
10
9
9
9
10
16
8
9
9
8
8
7
8
8
11
8
9
9
9
8
10
9
8
8
9
9
9
8
11
10
9
11
8
9
8
10
9
9
17
10
8
9
10
8
7
9
9
9
9
8
8
8
9
7
8
11
8
8
9
8
8
8
7
8
10
8
8
8
10
7
9
7
8
9
12
9
9
8
8
7
9
10
12
8
8
8
9
9
9
9
9
9
9
8
7
11
8
9
12
8
8
8
9
10
9
9
9
8
8
9
8
10
8
10
8
7
8
8
8
9
8
10
7
9
10
8
9
10
8
8
8
9
9
8
7
8
7
11
10
9
9
11
8
9
7
9
7
9
7
8
9
9
9
9
9
10
8
8
8
9
9
8
8
8
8
8
9
7
8
9
9
7
8
7
9
9
8
8
9
8
9
8
8
8
8
9
8
9
8
11
8
9
10
9
10
9
9
9
8
7
8
9
9
8
8
9
8
8
11
10
9
10
8
9
8
8
9
8
8
9
7
8
8
8
9
9
10
9
9
7
9
9
9
8
7
10
8
8
8
8
11
8
11
9
7
10
9
9
9
8
9
7
9
9
8
9
9
8
8
9
8
8
21
9
33
8
9
7
10
7
8
9
8
7
9
8
10
8
9
8
7
8
9
8
8
10
8
9
8
9
10
8
7
9
7
12
9
7
10
9
8
8
9
8
9
10
9
7
9
9
7
9
9
8
10
9
10
9
9
8
8
9
11
8
8
8
9
8
7
8
8
9
8
9
10
11
9
8
7
9
8
9
8
8
9
9
8
10
9
9
9
9
8
9
8
10
9
10
9
7
10
9
7
9
8
9
8
9
9
9
9
8
10
7
7
8
10
9
9
9
8
9
7
9
8
9
8
10
7
8
9
10
9
10
8
9
8
8
8
8
9
9
7
9
10
9
8
8
7
10
9
9
9
8
10
9
9
10
9
9
8
10
9
10
10
9
8
8
8
7
9
8
8
9
11
9
8
9
7
9
8
8
9
9
9
12
8
8
9
9
7
7
9
17
20
21
28
25
23
21
21
17
24
18
20
15
9
19
17
13
19
11
13
11
9
15
12
9
11
11
9
13
11
9
10
7
9
8
9
8
7
9
8
9
9
8
8
9
7
9
7
8
8
8
7
8
11
8
8
9
9
8
9
9
8
8
8
9
9
8
8
8
9
8
7
9
9
9
7
8
8
8
8
8
9
9
8
9
9
8
8
8
10
8
7
8
8
8
9
8
7
7
9
