39
24
89
9
11
13
24
18
21
20
69
9
23
41
18
19
15
16
18
25
33
18
14
17
12
40
15
16
13
52
13
11
9
24
16
15
11
22
14
36
22
17
13
21
13
16
13
22
15
16
12
18
24
20
12
14
11
36
35
21
20
18
16
15
37
15
9
29
40
21
20
18
10
20
14
15
13
25
21
14
26
19
19
19
18
25
13
28
15
13
12
28
21
43
27
21
19
17
16
22
21
21
22
39
26
46
56
50
32
46
25
60
15
18
15
41
8
42
68
70
20
10
12
85
39
14
20
43
17
20
12
28
31
30
27
51
23
25
28
18
40
27
23
25
28
29
25
37
14
69
23
23
38
42
13
19
44
33
105
46
58
22
69
72
77
29
36
73
37
29
35
134
37
139
139
116
115
101
60
114
139
32
160
160
36
26
152
67
33
47
94
96
91
184
303
328
119
283
391
213
39
162
37
11
12
12
26
90
210
177
170
110
79
136
51
180
99
58
110
56
162
306
284
172
255
466
273
128
359
348
54
179
98
27
219
269
500
500
500
490
11
190
115
24
12
16
26
70
52
17
500
476
500
500
173
119
11
12
13
133
500
500
130
99
120
52
35
41
46
237
402
269
500
173
20
39
266
284
500
495
191
121
22
15
16
68
187
146
120
110
105
106
100
101
42
35
74
111
103
97
61
92
97
52
27
14
23
42
103
123
140
162
187
227
244
138
16
139
171
176
165
174
227
189
500
10
500
116
13
37
500
17
456
500
30
21
14
49
35
304
500
500
287
25
43
90
500
9
14
134
500
134
12
500
500
500
373
500
194
500
215
221
117
19
9
10
45
46
49
14
22
30
28
23
25
31
24
46
40
38
74
500
500
401
258
170
211
212
195
184
208
102
126
13
500
162
14
132
123
141
132
140
147
222
500
500
500
46
500
500
500
175
155
11
10
11
12
11
11
11
12
10
10
10
12
14
15
11
14
11
152
45
10
57
500
19
24
21
26
25
70
312
185
196
160
141
317
324
395
466
315
275
324
208
152
147
147
177
167
140
107
13
12
14
114
134
129
117
92
91
84
83
87
130
129
138
140
135
143
159
150
144
124
13
12
49
161
184
500
500
152
13
177
168
193
223
199
222
277
238
278
500
500
500
500
269
26
500
500
309
104
117
101
99
500
500
500
136
9
9
500
96
13
10
12
56
500
13
12
12
20
17
19
142
148
159
229
500
500
500
500
500
500
500
10
13
13
14
13
15
17
17
13
19
20
77
177
247
500
30
110
128
118
118
100
76
108
126
104
109
500
500
390
405
500
500
99
209
84
115
115
19
14
98
114
101
110
106
98
88
98
113
123
136
131
425
9
10
155
155
139
144
120
98
29
19
101
115
104
105
101
99
102
97
94
66
104
111
106
106
110
68
97
99
98
105
97
96
106
100
89
87
93
97
83
96
102
90
94
94
92
19
13
89
75
98
129
118
104
116
127
119
99
98
92
12
12
12
93
103
101
100
100
97
85
87
89
83
85
85
82
90
90
87
90
106
110
88
21
15
15
14
22
98
104
107
102
102
108
102
103
93
88
118
108
102
122
141
500
181
114
116
175
66
179
165
139
334
154
44
160
500
500
26
19
12
13
500
47
431
136
113
110
112
113
102
100
105
98
100
102
106
116
101
102
109
108
117
110
104
118
115
120
123
155
130
127
135
127
281
78
110
121
107
109
130
116
113
110
117
101
93
112
115
200
182
156
219
287
176
118
112
117
109
119
147
138
130
162
196
127
138
146
184
149
127
136
122
242
159
135
262
34
12
10
12
49
365
215
226
144
143
104
112
124
140
93
114
181
135
136
117
106
203
179
149
158
154
153
132
129
120
107
126
110
125
127
124
128
133
115
118
119
114
108
121
124
113
143
130
117
347
116
120
110
119
91
120
192
165
219
184
150
328
41
180
54
112
20
19
140
119
136
118
119
115
115
124
112
118
116
107
109
102
108
118
116
125
108
120
113
105
102
102
103
100
110
101
122
104
114
101
100
111
108
111
117
69
47
116
157
219
132
500
168
100
47
39
22
15
96
121
105
114
113
125
156
208
229
142
134
134
135
382
191
138
117
144
132
102
126
265
202
79
154
144
134
147
280
287
131
126
116
115
129
141
114
13
11
139
128
207
26
169
71
390
114
118
136
141
500
308
193
164
309
151
122
353
157
111
128
233
204
126
126
132
123
154
112
107
105
92
100
96
97
100
117
205
134
60
23
26
92
111
199
94
273
241
202
118
