26
12
20
16
31
40
14
20
12
24
13
22
15
12
12
23
23
29
34
20
15
47
29
14
15
22
19
11
18
34
20
15
18
14
18
24
13
11
20
15
13
16
18
16
14
14
18
15
18
27
23
15
14
21
24
31
21
13
11
18
13
10
18
13
10
10
14
16
15
14
29
21
30
9
16
26
39
12
12
10
9
14
19
23
9
19
16
18
16
16
14
13
15
21
11
13
14
15
10
15
10
10
9
20
11
24
22
12
10
9
21
10
12
9
12
9
11
11
13
29
14
9
10
12
12
10
10
15
10
10
16
16
11
10
8
14
14
13
12
9
10
11
11
11
9
10
11
17
12
15
13
9
13
16
10
9
13
12
10
13
20
12
11
10
9
13
20
10
9
14
12
17
13
13
9
13
13
12
10
19
13
11
15
14
10
10
16
16
14
27
23
11
45
10
30
20
11
24
17
10
22
9
14
15
12
11
10
13
11
10
16
12
11
13
13
12
12
9
9
11
10
8
10
12
10
10
12
12
9
12
14
9
9
10
10
10
9
25
9
35
11
14
10
11
9
10
11
22
10
28
10
26
10
12
18
22
10
11
19
9
31
11
11
10
8
26
10
12
11
11
12
21
15
11
58
67
52
72
51
11
41
56
60
26
74
10
48
49
10
52
61
62
40
69
58
76
63
69
11
66
53
11
58
55
19
61
21
15
18
28
31
13
44
54
12
11
16
57
52
9
16
54
63
56
61
57
50
12
14
23
52
59
67
70
11
71
15
73
10
73
11
50
25
82
60
63
17
19
66
52
38
12
24
17
61
55
19
11
47
72
20
25
57
47
79
9
21
59
21
23
106
49
155
93
93
103
71
47
52
90
11
50
86
36
45
33
47
12
53
83
14
40
37
44
38
76
83
89
39
43
58
10
10
12
12
9
11
11
14
10
11
17
13
10
12
9
12
12
9
9
10
10
10
8
10
10
10
12
10
12
11
9
10
12
10
10
10
9
10
11
11
10
12
9
10
8
9
11
10
12
10
11
10
9
9
9
10
10
10
10
8
10
9
8
8
11
9
9
10
10
8
10
11
10
12
9
12
8
10
11
10
10
9
12
9
10
9
10
9
10
10
9
11
10
11
8
10
10
10
8
9
10
10
11
9
10
10
11
9
14
10
12
10
10
10
10
9
9
11
10
9
10
10
11
8
10
9
8
9
10
10
9
9
9
8
10
11
9
12
10
10
10
9
12
10
10
9
9
8
8
8
9
9
8
10
9
9
10
8
10
10
11
8
8
10
8
10
8
9
10
10
9
10
9
10
9
10
10
8
9
11
10
9
10
10
10
9
8
8
10
10
10
10
9
8
10
8
10
9
9
10
10
9
9
10
8
9
11
11
9
10
9
10
9
10
8
9
11
8
10
10
10
10
9
11
9
9
9
9
9
12
10
9
10
10
11
9
8
10
9
9
9
9
10
9
9
10
10
10
8
10
10
8
10
11
12
9
10
9
10
9
9
12
10
9
9
10
9
10
10
11
10
9
9
10
9
9
9
8
9
10
9
10
10
9
8
9
12
10
10
10
10
10
9
10
9
11
8
9
10
10
8
10
8
9
9
9
11
10
9
9
10
8
9
9
10
10
10
10
10
10
8
11
10
9
9
9
11
9
10
10
9
10
10
10
11
9
10
10
10
9
10
8
11
10
9
9
10
9
10
10
10
9
10
9
9
10
10
10
8
9
8
10
12
10
9
8
8
9
9
8
9
10
10
10
10
10
9
10
11
10
9
9
9
9
11
9
9
9
9
10
10
10
8
9
9
9
9
8
8
10
9
9
9
8
10
8
10
10
10
8
9
9
10
10
10
10
8
9
9
10
10
9
11
9
8
10
10
10
12
9
10
10
10
10
10
9
10
10
10
10
10
9
11
10
8
8
10
9
10
9
10
9
8
10
10
9
10
9
9
10
9
10
10
9
9
10
10
9
8
9
9
10
9
9
12
10
10
8
10
8
11
9
10
9
10
10
10
9
8
11
9
9
9
8
9
10
12
8
9
10
9
9
10
11
9
10
8
9
10
8
9
10
9
10
10
8
9
10
10
10
11
10
10
9
10
8
9
10
9
9
9
9
8
9
8
9
12
9
10
9
9
10
9
9
9
9
8
9
10
10
8
10
9
10
9
9
9
10
9
8
9
9
10
9
10
10
10
10
10
9
9
10
8
10
10
9
10
9
9
10
8
9
9
9
10
10
9
10
10
9
9
10
9
10
10
10
8
9
10
