26
15
14
18
25
26
23
8
13
12
24
19
27
16
18
14
26
8
12
15
15
39
22
10
22
10
19
15
9
12
24
10
16
19
26
28
18
14
16
32
16
12
11
13
10
28
28
35
11
26
33
19
17
18
10
23
32
24
19
11
14
22
11
15
28
12
25
15
20
16
38
11
21
22
50
16
32
63
27
37
89
115
12
21
15
45
30
15
20
46
23
66
25
12
47
34
44
41
16
48
59
32
87
54
9
15
42
58
16
14
21
16
82
47
34
85
179
45
31
55
79
47
31
33
59
118
78
30
11
198
104
169
62
93
170
136
157
81
98
16
20
16
17
31
16
25
29
22
80
51
27
25
26
41
51
35
37
69
34
35
61
59
19
14
62
70
123
166
40
49
119
24
101
26
80
127
38
45
132
117
80
110
148
130
265
215
40
59
49
195
191
170
154
197
46
13
11
9
15
69
113
135
159
134
150
33
121
181
132
181
142
231
114
125
17
150
129
14
66
220
73
11
172
96
18
416
207
171
142
30
365
358
36
11
10
236
79
249
251
208
140
13
21
16
25
17
32
22
75
307
260
214
142
142
262
194
161
168
13
166
276
353
297
180
33
19
174
140
129
349
499
39
44
24
35
314
321
161
180
194
219
118
26
478
164
14
62
250
392
362
326
422
140
138
132
137
143
124
118
113
15
13
15
14
114
138
114
122
131
134
179
205
211
247
16
165
131
11
11
9
225
14
104
94
113
25
156
132
139
146
124
164
167
132
161
139
174
20
149
155
127
107
159
154
221
213
201
228
115
113
132
133
117
176
174
107
132
119
118
129
16
42
111
152
183
252
193
212
283
225
250
287
237
252
189
11
54
194
154
145
132
129
13
13
17
21
19
16
19
149
339
138
163
159
132
118
126
128
131
11
201
149
134
132
137
118
114
149
186
249
149
129
122
141
123
121
117
123
110
116
116
146
139
161
144
152
147
139
237
184
174
146
158
130
121
127
127
128
123
123
123
124
126
124
131
134
156
15
11
13
15
13
16
14
145
187
195
240
217
331
410
271
261
163
150
128
132
138
157
152
154
128
129
129
125
114
119
114
13
145
153
164
153
152
195
69
155
14
81
302
183
182
259
333
192
214
289
214
197
173
17
16
13
11
16
13
19
26
25
50
110
132
121
106
112
112
107
119
106
99
97
86
108
123
117
138
172
369
215
177
141
122
188
187
132
13
129
135
124
92
102
109
127
207
159
125
160
156
129
131
105
91
84
101
123
133
123
10
41
27
78
28
47
26
9
49
107
142
128
26
11
153
30
277
223
221
153
138
135
126
116
111
109
97
499
26
19
54
9
11
499
499
499
153
17
189
289
244
266
133
152
246
293
15
50
315
104
161
194
97
97
94
95
98
101
94
100
22
13
103
112
99
109
117
108
128
121
110
107
69
54
84
161
136
124
117
118
124
110
106
10
70
142
228
171
204
177
135
152
155
155
135
135
119
126
112
105
102
103
99
97
96
94
14
102
13
16
10
17
19
63
130
137
126
114
97
107
107
113
121
114
118
116
121
112
120
128
116
108
95
71
83
123
115
135
103
155
174
149
124
121
115
119
110
108
108
104
101
97
100
94
94
12
11
11
13
12
11
11
11
16
14
15
11
13
53
255
180
261
177
207
190
185
118
186
256
231
158
461
175
187
172
286
108
144
135
193
139
146
181
131
119
129
195
226
208
107
25
84
123
122
146
167
134
153
305
140
128
283
272
390
459
312
222
228
216
189
244
273
13
11
151
183
57
40
77
255
114
118
131
134
105
96
77
33
100
163
499
499
16
15
20
18
16
15
14
12
12
15
13
17
11
13
16
13
11
17
16
14
12
17
13
15
13
16
14
16
17
13
17
19
19
17
17
22
19
26
21
23
24
27
25
23
22
18
18
19
17
16
21
18
19
16
17
17
16
18
19
16
17
19
25
20
22
17
22
20
20
17
21
21
19
17
17
24
23
19
15
21
17
22
17
22
28
23
20
20
28
20
30
25
15
19
20
21
23
24
8
29
28
33
62
113
65
106
101
130
123
106
114
106
123
113
130
126
115
112
115
120
136
140
132
150
144
136
155
172
147
154
206
177
169
171
237
162
211
212
208
346
195
20
10
8
70
257
184
211
261
262
266
359
238
204
168
147
161
171
381
318
281
272
280
187
240
179
163
100
126
160
15
12
111
157
135
158
167
139
141
175
194
205
280
201
178
181
154
157
145
147
164
141
111
11
9
9
231
259
143
140
147
