26
12
67
51
14
12
24
14
19
12
18
19
10
12
25
29
11
26
13
11
10
20
26
21
21
10
17
11
19
24
24
11
18
12
13
11
15
19
17
14
14
36
19
19
11
10
37
22
16
14
20
53
16
23
14
12
15
15
12
22
12
10
10
13
13
18
39
18
24
45
15
78
33
29
48
27
16
18
49
52
9
33
39
14
23
29
33
16
34
8
35
25
60
45
20
40
37
44
76
39
92
110
17
78
15
10
44
17
67
50
78
53
85
46
9
148
23
22
71
70
13
18
88
24
13
24
38
21
91
136
12
17
52
30
24
66
74
46
24
167
120
178
20
13
20
12
13
16
11
11
22
16
9
57
14
51
87
203
141
34
10
30
20
35
287
34
40
368
18
47
59
123
14
27
57
193
14
46
69
124
11
50
15
14
37
196
106
120
24
53
111
273
29
158
29
110
135
12
14
88
149
115
169
32
10
34
195
175
17
11
21
347
137
34
19
36
24
32
23
13
38
21
224
264
24
20
148
180
117
141
123
148
14
142
41
16
132
22
295
19
158
12
17
26
170
13
16
140
15
116
20
130
181
165
161
37
32
60
94
272
114
23
123
105
108
95
15
499
100
8
20
11
499
15
9
17
13
17
41
32
112
258
124
94
203
128
12
14
12
15
11
11
15
16
14
16
16
17
22
24
23
20
16
74
149
17
121
204
16
97
126
14
95
107
94
93
9
499
92
152
107
262
27
133
156
55
8
269
10
14
499
15
35
67
32
30
62
15
323
42
83
321
18
23
36
61
125
111
127
68
14
12
197
24
145
52
11
124
17
46
24
182
33
157
103
214
14
30
261
30
20
36
190
175
20
11
499
25
116
24
112
97
104
103
14
91
101
95
96
11
13
107
102
55
107
111
45
11
114
110
123
117
106
108
97
112
150
135
146
194
44
30
29
31
21
162
302
135
134
118
184
14
113
135
13
13
107
118
43
114
24
21
115
157
155
40
105
176
295
69
29
148
132
119
123
14
115
49
127
98
140
10
172
177
16
105
101
113
11
98
125
120
161
111
71
152
124
94
16
108
69
122
13
13
15
18
12
16
9
13
10
10
15
94
104
85
97
22
112
97
81
86
12
166
61
24
29
106
29
32
170
156
137
120
135
110
101
14
10
10
14
191
12
47
154
177
61
55
10
98
93
91
93
85
123
158
126
116
21
16
10
12
110
116
64
323
18
72
179
189
139
163
122
124
44
499
155
122
27
29
21
67
150
150
219
199
228
18
109
138
135
120
13
10
10
303
21
22
165
140
22
129
73
22
73
265
493
14
68
172
222
43
48
10
172
250
251
165
39
85
499
161
144
73
27
48
94
47
51
175
164
37
499
65
62
102
203
125
118
49
130
499
76
88
110
12
131
10
25
32
401
50
48
155
165
22
21
27
12
73
158
499
88
57
134
129
76
123
115
145
106
104
105
100
100
95
17
94
106
91
129
200
97
29
11
30
95
46
164
31
30
85
258
499
244
149
125
9
30
98
75
80
79
86
75
107
31
229
187
243
107
31
18
57
120
286
499
93
90
130
15
23
15
16
18
12
16
18
12
15
15
16
15
16
15
13
17
20
20
16
28
87
44
107
184
314
56
50
124
111
38
15
114
143
107
113
129
99
171
101
11
28
122
94
100
107
13
36
38
122
148
499
121
86
17
14
15
15
16
18
15
15
17
17
15
15
16
17
15
14
14
12
14
14
14
21
20
91
98
122
273
23
27
64
43
104
139
127
118
102
98
104
100
95
157
367
24
11
51
49
124
35
15
14
16
13
14
12
11
14
14
85
94
143
146
108
85
59
20
109
67
36
371
101
29
91
100
454
42
10
12
11
11
499
119
83
105
10
27
121
201
252
215
93
93
74
41
148
499
33
26
25
93
85
86
86
101
98
102
102
94
95
91
97
84
98
16
87
13
17
15
19
19
11
17
17
12
14
10
13
11
16
12
18
20
20
17
87
25
108
172
100
138
284
499
355
279
106
19
52
47
91
76
144
141
128
111
142
499
32
10
125
147
162
61
101
118
117
104
107
15
19
22
13
19
14
17
92
105
107
164
164
104
95
19
108
111
393
20
22
21
18
60
146
83
96
180
21
156
32
49
155
373
10
11
12
13
13
55
126
112
126
156
133
140
129
115
118
327
201
78
71
354
108
92
43
125
42
47
53
499
99
93
11
135
147
122
106
157
159
289
105
91
155
80
51
105
91
146
182
153
107
93
87
89
91
93
90
89
11
