29
16
70
35
14
12
13
14
23
22
15
10
22
14
17
12
10
22
17
14
27
20
18
19
16
20
13
16
12
20
12
17
27
19
10
14
13
11
10
15
11
34
17
8
11
13
15
20
16
21
10
9
30
23
16
23
11
14
9
22
12
26
15
10
23
20
22
25
37
38
12
38
36
18
28
21
12
21
17
20
23
24
17
40
52
48
17
51
27
30
21
16
52
12
27
102
11
14
14
38
53
57
25
21
46
14
47
34
25
45
24
38
30
30
52
48
13
21
19
18
17
46
59
65
61
21
66
68
81
35
26
57
18
20
23
12
29
52
45
38
40
95
21
12
32
81
15
65
75
193
355
83
39
156
362
249
46
62
38
51
30
227
111
119
157
100
203
129
126
96
13
31
25
67
104
269
62
106
459
13
11
43
13
167
261
124
494
349
137
143
152
149
151
18
13
188
13
201
37
85
10
10
12
23
47
24
93
176
57
9
320
239
104
204
92
17
64
16
154
147
23
180
209
163
146
137
148
20
134
216
324
16
364
146
195
238
500
28
34
282
153
132
150
145
126
130
128
108
122
12
124
159
119
119
116
114
108
105
123
102
125
127
141
106
157
125
142
28
194
217
255
314
308
62
21
176
57
48
78
106
138
195
68
166
273
351
255
59
450
17
17
81
127
330
84
314
325
246
81
211
357
338
500
182
173
15
17
207
123
75
70
84
280
146
10
14
85
214
147
162
96
124
152
96
152
141
202
189
275
57
267
93
310
101
288
142
133
140
295
500
500
500
16
115
500
96
23
178
219
99
13
196
87
221
262
165
126
119
13
141
144
165
150
134
123
9
122
125
118
118
113
109
60
101
102
25
23
21
16
13
12
17
23
26
19
25
24
25
19
21
25
29
21
16
27
102
255
129
146
469
429
373
185
158
159
307
300
261
189
224
227
14
246
500
90
203
385
252
245
224
193
171
139
172
175
161
163
148
24
12
10
15
15
15
13
17
15
15
12
16
17
12
12
18
17
18
14
16
18
23
18
24
30
161
221
177
231
181
166
159
12
147
309
39
12
30
183
202
367
161
202
254
235
255
144
231
181
225
260
166
145
171
165
147
191
197
168
165
170
160
138
140
180
234
160
141
150
139
123
138
126
172
151
162
155
132
116
132
136
126
190
146
142
151
182
159
248
500
219
149
150
158
153
218
241
250
191
179
229
325
339
500
155
130
132
146
155
143
138
154
134
140
138
133
129
148
129
145
142
118
131
162
149
139
162
184
199
268
500
180
157
154
133
131
170
85
50
473
153
159
184
146
136
128
144
170
149
143
145
152
141
67
122
66
114
117
127
35
155
171
156
185
194
161
197
388
277
207
119
114
24
42
32
52
11
10
16
10
10
9
24
10
23
30
19
24
81
10
26
171
305
147
179
180
158
179
14
207
193
171
159
174
163
210
215
225
173
149
129
127
116
121
114
127
114
128
162
146
165
94
13
74
188
367
361
237
306
184
211
198
206
220
219
175
174
146
166
172
163
145
148
147
147
136
135
126
132
121
19
148
139
142
158
163
169
177
158
179
178
182
198
168
176
177
171
176
155
138
129
139
141
129
132
129
125
127
125
119
117
110
12
10
122
179
131
130
135
132
165
154
131
129
122
140
129
121
117
23
12
115
52
81
114
151
160
141
188
163
164
158
160
158
161
121
139
125
117
112
174
141
224
104
120
125
112
116
344
157
154
156
142
238
225
171
122
142
162
123
120
118
96
102
90
89
97
101
106
101
62
55
105
107
138
105
113
113
112
110
107
120
106
119
100
149
119
117
190
63
150
129
126
129
128
142
124
132
148
130
136
116
121
118
120
116
128
128
137
12
12
143
139
128
135
143
148
139
233
58
141
26
106
141
124
147
148
136
129
124
118
102
99
105
104
100
96
81
95
109
87
15
109
119
104
118
110
101
93
109
82
78
122
90
89
89
131
121
98
114
171
219
133
141
175
60
10
13
11
75
38
147
122
385
104
108
84
84
90
71
79
71
83
66
63
83
84
79
91
85
81
84
81
181
116
63
100
107
76
74
81
99
87
123
114
101
96
88
112
171
173
111
114
114
131
142
100
113
102
99
212
103
110
99
89
80
103
133
96
84
82
53
126
106
115
130
159
156
151
147
131
85
89
80
85
85
77
70
77
73
92
82
76
76
73
78
80
83
78
78
97
83
85
95
103
98
107
132
99
103
100
90
79
110
22
9
13
108
117
96
138
132
126
122
120
157
168
135
115
112
100
106
