35
19
18
36
15
12
11
17
12
18
13
21
20
25
60
21
33
12
39
15
12
18
18
18
22
55
16
19
23
22
21
16
22
16
26
19
17
25
16
21
11
17
18
16
36
27
29
19
19
16
11
18
10
14
10
21
10
15
14
10
18
10
21
21
34
41
18
22
16
33
26
13
19
11
19
16
25
15
25
17
60
67
140
15
15
17
37
22
11
14
12
36
11
19
10
41
38
65
46
27
49
48
33
34
32
61
15
13
19
24
33
28
22
26
80
38
38
45
74
20
16
32
93
40
60
45
45
26
29
54
38
34
59
16
29
35
31
35
41
26
41
77
40
83
91
111
62
44
24
24
17
16
16
20
11
16
15
36
18
38
36
70
77
45
76
121
276
53
139
170
373
15
199
177
65
212
127
129
101
59
210
178
116
178
21
161
146
274
76
217
25
10
264
176
13
63
131
428
46
19
11
170
140
64
12
11
60
129
293
85
167
37
179
175
196
319
339
161
11
36
235
210
129
136
98
14
14
26
52
111
349
40
163
130
83
162
154
159
14
83
333
38
221
196
11
186
163
174
164
32
16
38
33
500
269
140
17
58
27
17
313
364
44
170
222
296
39
164
58
25
17
144
158
118
149
145
106
133
158
204
103
17
392
215
157
251
75
40
195
297
201
165
263
257
35
34
397
364
36
57
500
310
182
163
215
278
500
232
27
204
192
200
255
140
134
130
201
312
245
11
31
43
33
67
235
112
190
177
185
174
14
202
159
118
153
195
239
324
426
49
248
53
191
195
134
236
151
195
163
139
121
146
144
159
406
263
170
189
239
14
128
134
154
175
153
148
195
78
53
21
47
230
176
257
361
191
500
474
500
500
47
32
30
273
221
180
135
138
149
149
147
161
186
188
154
145
137
125
160
154
363
500
103
8
17
15
35
57
185
176
34
156
214
194
201
152
206
159
155
142
151
170
154
75
14
65
12
58
124
186
203
208
201
185
199
204
189
230
393
181
151
164
157
146
35
56
108
145
144
135
163
279
225
249
341
31
259
168
165
306
297
183
163
13
146
134
158
169
155
161
132
26
13
13
129
158
152
159
236
223
239
228
198
221
280
237
257
252
225
199
11
188
184
165
141
136
130
122
127
118
19
121
185
176
183
170
188
210
145
89
124
215
217
408
458
269
102
17
14
73
152
500
101
104
103
110
119
164
193
161
153
160
149
145
134
112
121
134
131
155
152
147
114
118
102
10
11
9
11
11
13
13
12
33
43
12
32
500
107
500
451
388
201
207
226
201
12
220
500
195
130
162
247
21
10
11
58
64
45
174
500
321
193
153
188
207
265
234
206
183
258
282
333
198
150
167
140
199
194
172
176
161
136
150
199
23
11
16
13
88
14
500
140
143
293
216
243
204
500
500
75
500
500
98
12
10
15
25
55
16
28
14
500
108
101
106
108
114
106
107
104
103
103
103
104
114
104
108
105
109
107
117
115
125
137
170
160
135
142
150
148
143
118
172
194
153
163
200
157
185
168
136
205
218
156
144
296
500
500
500
165
167
168
212
178
144
174
152
155
161
169
174
285
200
149
131
169
199
214
197
180
166
192
171
144
133
127
136
116
89
60
15
115
103
115
281
207
310
249
214
25
177
274
307
249
339
500
500
220
162
170
227
286
11
15
13
121
194
342
326
290
453
328
370
306
269
244
209
206
257
500
150
228
240
500
168
130
140
16
12
9
9
14
321
368
175
148
144
161
208
264
273
61
198
197
173
151
211
206
149
143
140
194
240
233
188
162
13
146
201
229
487
236
345
365
235
176
156
197
183
467
197
171
173
228
500
161
22
10
206
191
153
147
170
142
152
155
177
138
158
137
129
131
125
111
124
117
120
133
121
118
130
120
120
117
117
129
137
138
126
124
113
125
113
13
10
11
14
15
13
14
13
18
15
17
19
21
124
207
291
148
113
11
238
277
429
346
437
396
206
122
15
9
13
70
191
352
135
107
111
130
170
122
99
109
139
123
143
129
214
493
182
169
143
118
117
121
119
113
118
116
95
113
125
11
11
10
165
359
294
500
238
120
378
138
14
114
144
137
146
135
123
155
149
174
181
148
144
155
176
214
205
169
143
129
134
111
14
17
11
10
8
9
11
14
13
17
12
12
11
11
12
16
15
17
14
14
15
14
19
18
19
127
153
183
369
195
295
198
500
198
156
224
261
497
171
121
147
217
500
109
212
500
210
140
127
13
154
175
138
144
122
164
152
164
164
348
41
10
10
