21
10
15
34
16
13
44
17
12
19
18
26
17
51
12
9
18
35
10
20
10
16
21
15
42
10
29
15
10
9
16
19
12
10
12
16
14
9
48
8
16
25
20
12
12
16
17
14
17
13
22
13
15
9
13
18
12
12
9
15
26
14
13
15
37
14
22
16
26
43
30
44
29
65
48
35
42
29
15
132
89
32
15
34
13
107
38
45
31
54
51
40
40
43
55
43
23
22
32
17
9
8
46
8
42
11
46
55
17
26
14
69
46
38
75
58
68
136
138
15
13
15
8
41
11
14
16
75
13
81
62
106
92
76
134
13
49
24
36
64
16
55
115
16
136
128
9
15
63
12
52
38
34
14
85
97
80
146
17
137
34
31
11
15
11
33
39
114
126
98
116
102
37
12
102
222
106
55
27
201
131
128
168
68
436
118
34
95
123
157
22
112
127
36
138
13
12
14
31
180
145
103
166
47
73
90
74
148
57
11
21
19
13
18
21
214
191
92
244
195
32
250
186
16
220
499
9
10
11
22
25
47
58
326
224
15
173
15
254
21
110
126
499
35
23
14
12
252
25
172
18
11
12
19
126
203
131
11
13
126
205
184
10
60
125
100
117
15
118
15
17
32
18
14
20
20
17
16
14
16
15
15
25
18
20
24
20
35
27
172
171
162
187
29
163
28
224
196
163
13
192
186
106
27
43
119
136
237
177
197
499
312
22
293
106
227
168
199
190
29
11
211
164
144
12
154
178
143
143
167
133
143
135
14
279
292
220
21
13
121
134
159
96
164
312
225
148
147
151
135
11
499
10
132
15
11
62
26
273
23
499
19
499
203
22
14
328
55
440
16
114
138
12
13
20
120
122
103
17
22
129
33
109
135
227
190
265
10
11
11
11
82
249
170
134
195
13
91
145
17
13
133
151
273
499
147
13
12
17
14
122
161
127
108
84
21
116
20
23
157
149
31
153
101
103
14
23
15
149
19
133
166
499
499
182
39
152
26
42
118
118
12
12
171
229
154
112
160
160
23
16
141
112
111
130
12
11
119
124
106
115
105
127
83
12
111
148
8
194
106
99
96
107
12
157
114
118
104
121
116
95
92
10
55
39
10
142
57
122
175
116
99
102
94
27
14
130
140
135
11
324
112
75
96
13
10
11
97
94
21
22
24
22
10
15
19
25
94
122
119
170
10
11
167
119
189
194
167
134
131
106
63
61
51
9
189
311
275
127
81
48
52
98
60
42
28
15
26
499
184
236
54
499
11
30
26
108
123
136
36
52
26
26
187
138
133
139
118
105
104
9
109
111
108
93
89
71
104
92
69
107
101
92
84
64
102
101
15
94
97
12
88
99
95
90
89
92
16
94
113
106
124
113
93
92
73
111
93
62
8
156
20
48
40
75
83
20
112
88
78
90
110
56
49
104
11
10
60
67
66
34
38
16
104
95
96
92
93
49
22
14
100
108
101
97
18
95
9
113
162
113
59
74
113
92
23
94
139
43
116
134
499
499
124
39
10
11
13
11
12
131
188
72
180
146
120
136
146
113
146
115
84
50
101
147
146
10
9
9
35
41
168
56
102
13
64
175
160
24
162
109
105
11
143
117
9
29
32
138
110
139
179
38
26
186
30
171
130
47
28
31
11
11
219
42
134
132
33
53
43
178
133
183
13
41
162
148
149
107
135
138
138
107
266
29
28
29
14
70
33
243
10
499
90
79
16
15
17
11
99
72
163
26
127
277
121
22
113
169
153
215
112
108
113
99
130
144
180
83
83
74
72
13
201
43
92
89
98
258
11
32
98
131
14
26
47
32
16
131
157
150
127
112
112
10
11
24
22
10
52
107
126
108
85
80
92
73
14
14
9
109
143
154
134
238
132
11
195
51
11
145
190
133
14
146
128
11
12
238
38
239
17
12
173
200
180
281
303
110
42
15
14
111
102
134
472
101
96
107
110
112
96
121
30
97
113
122
108
140
109
108
107
125
123
126
17
117
110
154
50
20
109
206
28
178
27
26
167
130
109
91
16
10
27
53
95
102
107
92
107
111
106
100
83
103
88
18
13
11
87
72
79
98
87
65
17
96
25
14
20
90
20
19
28
11
13
13
14
15
12
11
12
10
11
9
11
13
11
10
11
10
11
10
9
9
12
10
10
12
10
11
9
9
12
9
8
8
9
10
8
9
8
12
10
10
9
10
9
11
11
13
12
16
15
14
17
15
14
13
13
20
17
13
13
16
17
11
86
87
160
499
427
172
140
135
20
135
161
194
217
