31
39
31
34
12
12
11
20
37
20
13
55
16
14
13
40
13
52
16
32
19
41
13
10
11
16
9
18
10
13
31
13
18
28
11
40
27
10
19
16
31
21
17
12
17
15
19
11
13
15
11
23
14
9
16
10
42
15
38
16
44
59
12
105
24
69
29
38
62
14
16
50
22
58
23
15
41
18
51
10
12
41
9
20
21
75
10
21
18
13
29
12
36
25
37
34
27
19
55
65
39
27
15
74
11
57
62
14
81
60
65
75
26
87
35
25
21
65
152
55
48
36
122
13
55
41
14
21
26
39
104
89
19
60
26
15
51
46
111
131
20
13
126
87
146
171
78
98
119
39
297
24
34
26
60
105
120
81
52
10
406
197
19
37
42
119
108
28
22
34
89
150
47
125
115
171
43
71
23
20
92
42
66
147
115
34
54
170
13
126
63
290
215
110
172
194
18
79
31
211
137
37
162
146
12
211
42
141
63
180
20
17
9
46
84
128
272
27
499
235
112
228
18
15
130
71
23
377
39
27
383
13
499
80
71
499
185
96
13
230
499
11
33
30
25
499
200
170
45
16
35
46
14
83
60
499
499
16
76
303
160
134
202
28
499
270
43
22
13
499
382
13
206
7
13
10
13
12
128
14
9
12
100
136
158
34
156
138
124
184
188
57
13
65
28
15
143
11
476
20
272
11
135
120
16
126
134
71
145
124
127
143
12
18
121
499
499
25
11
9
10
13
10
16
19
16
58
499
10
414
8
14
16
11
25
112
89
36
130
142
104
111
98
100
16
16
14
138
141
163
133
124
131
151
84
86
30
171
22
24
421
351
122
44
29
12
43
216
219
49
46
220
135
37
217
95
38
98
90
47
148
105
86
74
80
85
76
78
103
123
110
109
97
90
316
29
158
73
137
131
21
53
78
90
10
28
121
499
103
20
25
129
342
360
65
56
72
81
24
71
72
499
13
10
32
103
31
61
34
50
19
26
18
152
132
157
10
117
103
216
138
121
70
130
134
31
9
17
14
29
114
185
64
76
61
63
35
100
61
251
97
12
99
347
30
34
490
46
19
96
99
99
91
95
94
11
91
91
9
9
11
14
12
127
115
110
116
152
164
58
112
74
123
132
137
114
111
119
59
15
38
12
147
248
157
22
108
114
164
120
87
217
91
120
10
122
114
151
166
147
133
58
204
139
176
90
197
57
216
200
172
214
101
38
13
46
54
58
29
70
184
26
147
10
129
163
136
499
446
25
230
82
55
249
156
92
71
150
105
495
11
11
12
11
14
10
10
10
12
13
14
13
14
11
13
11
15
13
15
15
13
13
14
17
24
19
22
19
18
87
77
117
190
94
27
74
20
88
92
299
113
121
117
120
123
63
80
102
43
47
126
46
115
148
85
124
126
94
94
93
83
78
89
92
88
99
98
97
107
103
99
116
105
106
103
115
131
151
135
109
18
14
14
12
14
11
13
13
11
11
12
17
120
164
153
146
166
125
10
407
100
47
178
142
79
176
278
95
76
88
96
10
18
71
90
105
89
124
93
23
23
92
98
108
196
105
50
49
142
18
104
112
16
10
14
14
15
22
20
16
93
133
391
86
228
10
8
92
97
288
44
61
248
100
92
16
90
90
89
86
87
41
89
96
17
22
20
16
13
15
16
17
97
114
122
100
107
102
12
99
112
58
9
13
195
25
14
326
164
147
124
107
106
24
499
82
47
17
499
16
34
100
10
94
81
99
26
167
50
43
499
287
45
107
58
25
302
102
22
33
12
28
10
13
19
39
102
281
31
12
9
11
13
108
128
125
192
30
79
174
150
152
13
10
9
499
173
120
116
132
149
154
283
162
133
105
30
44
16
148
242
48
111
103
120
153
119
167
152
141
127
16
124
11
31
35
86
109
196
42
81
22
23
61
31
232
34
42
49
42
26
50
34
116
30
216
107
111
106
91
122
109
145
104
99
105
106
133
56
38
111
126
15
10
20
140
169
123
235
152
105
153
398
15
39
58
10
43
15
13
10
55
255
184
499
16
14
181
114
32
20
208
27
46
234
22
45
136
47
85
234
129
154
53
30
153
499
47
95
101
139
108
109
107
30
101
95
100
72
99
89
25
53
20
25
94
94
91
95
95
97
87
92
128
131
140
105
101
16
31
35
89
96
94
12
89
89
83
87
70
62
58
125
20
9
9
9
11
11
12
40
93
94
100
85
94
113
10
239
146
79
115
114
102
117
108
75
273
9
11
117
143
109
109
447
93
58
66
121
171
