35
21
18
17
15
16
22
46
20
17
27
10
23
8
10
21
11
35
22
13
28
16
9
22
16
10
44
10
29
15
36
17
13
38
39
9
16
39
28
19
13
11
17
32
17
15
9
13
29
13
10
25
12
13
22
16
7
13
27
13
36
15
23
15
12
19
23
12
11
14
22
8
21
12
13
18
11
23
19
21
11
11
13
12
24
24
20
10
31
10
18
9
15
14
15
21
12
31
15
17
15
10
18
8
15
13
13
13
23
12
13
16
18
10
12
10
16
10
108
12
9
13
12
16
14
14
14
13
15
11
19
14
13
29
11
16
12
11
16
9
24
18
12
8
17
13
19
11
18
16
8
11
9
11
8
15
14
19
10
24
20
22
16
10
14
9
8
9
13
15
35
9
12
11
11
10
10
7
12
9
10
16
79
11
13
10
10
10
11
10
9
8
11
13
12
8
11
12
9
11
12
9
10
11
9
12
12
10
13
11
9
13
11
14
12
10
8
8
11
10
14
10
11
7
26
11
9
9
7
11
7
10
9
7
11
35
10
17
12
8
11
9
8
16
11
9
13
10
14
9
13
20
30
15
10
25
10
13
11
10
11
15
15
31
14
13
15
10
33
12
12
11
12
12
13
12
11
12
19
11
13
13
10
16
14
20
13
30
12
10
11
11
15
11
13
10
10
12
19
13
10
13
10
15
11
11
16
12
16
11
11
13
14
12
12
13
11
13
9
13
13
10
10
14
11
14
13
11
12
11
9
9
13
11
11
13
12
9
12
11
11
11
14
9
10
9
12
9
14
9
11
9
12
10
13
9
10
10
9
9
10
11
8
10
11
10
11
10
12
11
9
10
10
11
11
9
13
10
9
9
9
11
10
9
11
9
9
9
11
10
13
8
11
8
10
10
12
10
9
8
10
10
8
8
11
10
12
9
10
11
11
7
9
9
11
9
11
9
8
9
11
11
9
10
10
13
9
10
10
11
8
8
10
10
8
11
9
10
10
16
16
9
9
8
11
9
9
9
8
8
9
8
11
9
10
9
9
14
12
11
11
9
11
9
9
10
10
16
10
12
9
9
13
10
9
9
9
11
9
10
10
11
9
10
8
12
12
10
10
9
9
8
10
8
9
11
9
13
8
11
8
9
11
11
11
8
11
8
8
12
8
10
8
9
10
11
8
10
8
10
10
11
8
10
11
10
10
8
11
11
9
11
11
8
13
11
8
11
12
10
11
11
9
8
11
9
9
11
9
12
8
11
12
10
10
9
10
11
14
10
11
9
9
11
8
11
10
11
11
8
11
11
9
10
9
10
8
9
15
9
12
12
11
12
10
13
12
10
12
13
10
10
13
10
9
9
14
10
12
11
11
13
14
10
9
13
10
10
12
10
12
16
13
11
15
9
14
10
12
21
11
10
13
15
49
10
10
9
11
14
46
10
10
18
45
12
20
15
11
16
14
81
80
90
15
499
319
8
8
9
7
8
9
10
10
9
9
8
7
9
9
14
9
9
8
9
8
8
9
9
8
9
9
39
7
9
9
9
8
10
9
8
8
10
10
9
8
8
9
9
7
8
9
50
8
42
86
10
10
9
41
86
9
10
11
10
10
44
9
10
45
10
11
46
36
11
8
33
56
32
41
27
18
11
36
37
44
34
35
39
26
42
12
44
26
27
22
10
22
39
13
18
33
24
15
29
23
22
22
36
49
30
22
40
36
29
24
34
42
20
21
18
44
31
38
10
11
38
24
36
14
8
35
23
26
17
34
32
19
10
10
45
14
16
35
8
15
31
28
26
32
31
27
9
23
31
27
10
40
28
9
31
42
22
36
40
10
10
30
9
33
10
25
9
12
9
10
9
40
10
12
10
9
43
37
10
10
25
8
36
10
26
9
11
27
37
23
24
11
9
20
11
10
9
9
33
10
9
7
10
28
10
9
8
8
34
9
36
18
9
14
9
9
8
10
27
9
30
9
37
9
9
13
8
8
10
10
10
11
8
8
9
10
8
9
9
7
9
9
10
10
9
10
8
10
9
8
10
8
9
9
8
7
8
9
11
8
9
9
9
9
10
39
8
10
9
7
10
9
10
10
9
10
9
10
9
10
9
9
9
8
45
9
7
9
8
10
8
9
7
8
8
9
9
8
9
7
11
9
7
10
9
9
8
8
8
9
8
9
7
7
9
10
8
9
10
9
8
7
8
8
8
9
9
8
9
9
9
9
7
8
9
9
9
7
8
8
8
7
10
10
8
8
9
8
7
9
7
7
9
