33
15
55
14
22
14
48
16
18
43
21
36
24
12
14
12
13
19
12
17
26
24
44
11
15
20
18
29
13
13
26
19
55
15
12
19
32
19
16
18
36
18
12
16
9
16
22
11
14
16
15
13
25
15
13
15
29
55
32
24
8
11
27
13
21
27
29
19
22
25
47
17
18
22
63
18
126
19
10
17
9
42
47
17
32
12
19
29
26
54
45
51
76
14
30
83
69
16
36
13
12
21
10
32
53
13
26
56
47
91
24
30
44
161
93
12
16
125
32
78
80
31
30
13
59
73
182
219
68
52
131
208
63
12
52
8
17
16
299
73
18
11
133
15
18
115
26
236
10
31
106
13
187
87
151
229
54
151
84
100
177
12
11
72
31
115
30
52
91
69
227
125
195
342
23
22
179
45
16
17
165
13
181
19
22
27
156
362
185
268
42
257
49
376
98
66
118
479
48
62
85
26
117
289
15
14
23
56
52
255
499
114
11
12
16
8
130
182
12
142
43
56
152
117
142
200
289
10
23
17
10
16
28
17
20
13
13
58
112
130
120
128
180
295
13
23
67
175
158
167
17
17
146
40
186
499
233
32
115
127
21
177
342
18
115
159
40
136
121
13
16
144
277
11
11
134
90
110
128
83
36
136
132
138
166
130
14
11
97
499
338
11
12
15
11
203
191
143
264
34
118
9
10
218
15
134
14
12
14
13
15
17
24
16
24
49
461
19
26
171
23
140
143
29
328
43
11
12
73
130
107
51
31
22
181
170
171
120
171
12
15
10
16
17
58
499
39
15
36
164
119
181
144
11
160
139
87
87
188
33
61
135
96
96
126
99
109
115
134
21
12
41
28
166
68
124
158
107
86
109
131
16
164
114
132
122
108
175
175
101
103
171
137
159
300
10
37
14
193
28
499
499
11
166
103
46
163
499
58
14
17
133
101
88
131
124
128
118
95
14
91
95
62
94
83
14
96
87
14
21
13
11
11
9
11
14
8
11
14
93
92
117
135
116
178
183
74
72
205
34
155
120
108
12
11
16
32
136
160
139
90
109
10
114
121
125
107
105
101
109
102
102
108
103
10
12
10
112
128
62
144
90
43
26
184
187
94
34
59
20
12
186
139
8
136
128
160
142
62
49
125
94
429
27
20
84
13
113
115
165
137
8
10
9
13
209
235
166
14
15
39
12
25
12
128
146
122
120
121
143
12
499
9
17
108
130
10
11
499
222
84
157
100
63
31
141
165
44
97
26
202
118
78
108
499
10
54
24
12
22
339
177
126
145
262
28
191
18
13
20
124
126
176
309
166
124
105
138
197
136
11
11
16
12
252
16
15
16
12
16
19
13
12
9
10
13
477
113
110
115
45
149
55
499
140
148
72
106
499
107
110
108
109
104
49
499
214
123
118
10
36
148
105
109
274
48
24
10
98
154
103
104
63
85
194
126
269
88
33
65
31
15
9
12
9
251
389
51
75
31
189
147
189
499
104
14
9
10
156
134
113
172
360
218
24
45
196
88
96
27
105
99
96
102
350
133
108
34
32
86
50
499
49
20
9
10
481
115
28
32
14
10
11
12
13
9
10
9
53
245
499
135
169
79
8
145
114
132
142
144
138
119
12
13
89
113
110
114
115
133
121
126
110
105
260
222
288
215
209
218
77
62
28
486
90
114
261
135
118
89
100
100
21
91
170
141
14
18
499
460
46
27
26
9
8
139
155
138
83
36
41
104
48
401
106
92
87
499
14
8
10
10
11
11
19
216
93
126
52
47
30
62
89
111
50
41
32
29
31
28
22
21
31
116
150
141
135
164
200
208
221
111
263
203
120
96
499
94
21
98
101
183
499
11
169
98
105
107
102
103
102
95
99
94
96
94
99
499
127
96
48
49
16
202
321
44
107
118
499
95
68
93
91
17
12
12
11
110
124
137
143
82
128
130
92
72
64
70
75
56
44
46
32
24
31
35
55
70
75
38
25
127
43
119
103
124
94
95
103
89
63
108
73
56
173
499
73
90
186
14
120
150
128
138
166
129
499
119
29
10
181
18
90
20
17
18
17
13
19
93
104
112
108
111
123
122
117
106
108
98
97
100
96
94
98
98
10
108
95
10
128
117
114
99
92
101
112
94
89
102
19
30
127
145
116
114
107
189
185
154
200
140
218
84
97
27
321
89
70
55
12
70
132
95
110
81
101
97
104
170
109
79
63
83
13
17
99
100
89
35
23
9
10
141
121
132
94
98
95
100
99
119
402
161
123
88
25
45
10
13
