38
18
24
20
25
23
15
12
12
20
16
25
13
14
22
12
12
21
13
22
26
23
15
12
12
19
15
13
16
14
21
18
12
14
16
25
17
11
17
15
60
28
10
19
17
24
17
15
13
35
27
48
20
22
26
35
25
13
22
13
17
13
11
20
12
15
14
12
9
14
36
15
29
15
20
24
37
33
33
53
27
51
14
31
9
16
19
10
16
9
17
12
13
14
17
25
17
18
13
53
39
71
50
30
82
49
78
67
32
25
23
59
28
18
30
21
30
37
32
14
22
37
63
22
26
96
44
106
88
90
86
48
50
39
25
75
39
42
78
43
122
61
22
18
125
80
72
157
77
139
118
121
128
183
22
83
97
108
26
122
228
175
35
29
101
122
15
88
26
204
161
50
172
27
65
103
102
224
229
143
174
98
153
119
92
20
18
36
174
137
129
21
116
152
277
180
148
33
25
114
260
143
52
21
84
171
192
26
68
165
146
13
169
185
155
34
123
145
148
219
36
156
86
204
198
21
265
34
399
16
12
13
16
482
262
301
247
364
138
106
192
282
175
133
164
16
36
28
31
42
78
48
453
166
122
356
180
128
18
135
139
155
131
150
129
126
132
20
150
208
211
178
168
161
56
84
240
225
58
105
14
39
18
222
451
44
312
243
263
172
214
163
151
12
13
17
14
128
415
168
132
18
149
145
144
144
56
119
128
140
132
150
125
134
124
168
277
295
200
142
114
16
123
25
16
19
75
134
111
95
28
82
77
108
157
187
153
197
149
125
141
149
128
200
391
29
417
112
105
125
106
125
103
121
163
182
179
189
146
127
125
151
156
125
117
103
111
115
117
13
12
106
85
93
111
124
204
257
243
233
472
208
16
155
230
228
186
317
284
128
150
160
500
216
156
144
14
14
15
116
143
147
175
200
163
166
148
200
14
106
111
106
116
116
117
101
104
109
124
125
120
109
104
105
102
32
109
115
115
163
177
138
112
125
129
132
117
96
101
132
132
101
92
83
12
115
200
124
131
115
119
114
145
313
156
132
138
144
159
223
189
126
128
138
153
185
9
12
11
428
307
105
110
151
109
102
22
11
12
299
29
141
500
148
158
141
120
18
15
135
163
155
126
115
137
125
126
115
143
156
154
127
136
128
112
18
118
139
177
262
132
228
131
110
104
122
179
134
140
500
153
115
122
123
114
30
15
20
29
29
28
360
242
314
203
295
263
342
164
12
323
297
500
500
500
143
11
67
112
124
113
125
102
104
104
104
95
97
105
15
20
15
19
17
12
14
15
13
18
16
17
75
139
132
155
172
183
208
194
238
282
460
239
278
146
143
153
155
155
138
132
130
146
139
180
145
114
68
112
340
185
184
257
143
213
230
184
317
115
122
138
143
140
144
132
148
169
180
177
169
134
143
136
153
141
169
182
166
134
160
130
111
132
130
126
126
156
140
133
132
122
177
138
118
125
10
10
214
265
184
232
197
230
204
166
224
362
133
134
143
161
160
163
176
230
116
119
124
145
500
184
126
135
126
140
126
163
208
199
172
258
161
135
192
165
140
130
13
154
248
279
144
139
134
141
127
146
140
139
139
172
178
154
188
250
117
175
180
185
151
163
154
182
171
219
231
214
171
117
142
147
211
138
200
251
125
195
138
130
110
101
91
11
111
156
170
162
156
153
123
159
500
10
229
236
416
9
23
190
181
161
259
167
148
155
165
151
133
148
156
173
159
154
155
169
145
134
131
178
153
136
119
99
98
94
94
105
121
113
103
100
102
106
136
169
156
122
114
107
174
173
118
146
118
110
130
119
118
111
108
118
113
115
105
105
118
108
108
109
113
103
15
101
126
109
134
123
129
147
182
152
127
123
128
118
130
121
115
110
114
107
98
107
111
105
103
12
117
117
116
112
22
133
181
161
131
134
145
130
133
144
142
137
131
137
129
123
115
108
104
112
108
113
111
105
106
102
103
101
8
9
160
241
183
134
108
117
114
112
121
122
112
118
108
110
104
103
107
103
103
105
94
98
14
11
104
101
104
104
100
97
101
104
97
100
101
98
12
10
11
98
113
113
107
106
103
99
108
116
115
112
117
119
110
104
93
11
11
166
170
172
219
255
260
186
201
165
190
162
109
98
11
114
186
196
138
123
133
111
114
112
11
144
147
113
136
127
222
157
172
157
227
229
500
153
102
88
121
151
172
127
103
119
101
112
111
108
108
113
143
128
151
128
142
118
113
106
113
119
105
104
105
110
127
78
88
101
102
106
104
