34
17
67
19
12
14
47
11
38
27
13
28
14
33
24
11
13
33
28
22
52
16
14
23
10
21
19
21
10
16
20
19
12
17
14
21
19
14
26
14
22
9
15
24
37
19
14
19
11
19
17
9
21
12
9
39
8
11
15
16
16
10
14
11
23
9
12
12
11
10
12
19
11
10
13
8
13
22
12
9
8
9
11
14
12
9
10
10
8
13
18
18
17
14
17
7
31
8
10
18
72
22
11
14
8
10
8
9
9
11
9
10
17
29
21
57
41
21
56
64
15
100
49
30
53
11
24
28
95
57
15
20
10
12
17
24
13
44
12
29
17
16
9
38
9
29
8
9
33
9
31
33
12
15
12
20
9
9
13
17
16
13
26
10
9
28
9
10
12
10
18
14
10
14
12
12
23
12
8
9
15
12
29
13
33
8
16
29
12
19
10
9
11
12
11
33
14
11
11
9
10
26
13
57
29
15
13
33
53
17
40
21
21
35
27
33
13
24
15
24
32
38
33
24
30
16
26
25
15
33
24
59
16
13
16
37
42
17
19
14
15
16
9
21
15
17
19
16
18
14
21
17
16
26
10
15
13
15
14
23
28
30
14
51
14
10
13
34
16
23
18
20
31
46
11
19
16
24
18
18
28
27
31
16
9
17
25
16
8
36
12
14
9
16
20
9
16
11
21
21
22
23
28
8
21
8
10
23
12
15
8
7
46
8
8
8
14
19
11
8
9
12
15
13
17
12
7
10
22
12
18
16
10
11
9
19
20
10
16
17
7
12
22
13
8
8
8
12
9
13
9
8
9
14
7
11
18
9
11
10
12
13
8
13
12
9
22
15
8
9
14
9
16
16
8
9
17
16
8
12
8
20
14
18
17
16
9
12
21
21
9
11
11
8
10
8
20
7
9
8
21
15
17
11
13
16
12
22
7
9
7
11
8
9
9
14
9
9
9
13
10
8
14
8
14
8
10
9
11
8
13
16
16
8
25
10
22
81
31
33
43
26
33
21
25
24
26
25
61
16
26
18
21
18
21
15
18
25
40
23
12
21
8
10
14
8
8
24
13
15
8
8
20
12
8
8
11
8
30
13
10
7
11
8
8
9
7
28
8
8
8
11
9
8
9
10
9
9
22
8
8
10
9
9
8
7
9
8
9
9
9
8
34
8
10
9
7
8
9
11
8
10
9
8
11
10
8
9
8
8
9
9
8
9
9
7
8
9
9
8
8
8
7
8
8
9
11
10
12
9
7
9
8
7
7
9
9
10
13
160
161
9
11
10
174
161
11
136
140
9
131
11
10
9
10
10
155
147
10
208
157
11
178
151
13
41
45
30
11
116
11
9
40
26
9
14
101
72
8
21
60
11
9
8
11
58
82
11
10
22
10
10
11
22
68
60
56
11
29
44
10
10
11
52
10
12
11
10
10
61
48
11
10
12
90
11
10
13
10
8
30
36
10
79
11
23
13
11
9
9
8
19
10
100
10
27
12
9
9
26
9
29
9
11
9
12
27
8
9
8
24
12
8
24
10
8
11
13
34
9
9
25
9
8
17
11
39
10
11
10
9
10
14
10
15
10
14
8
11
11
12
10
10
8
8
9
11
9
27
12
8
10
8
10
26
9
10
11
10
8
33
26
8
10
10
11
8
9
11
9
10
10
8
9
8
11
9
9
8
10
10
8
10
7
10
9
9
11
10
10
8
10
9
9
8
8
8
9
10
10
8
7
9
10
9
8
11
9
9
8
10
8
10
11
10
8
11
8
11
11
9
7
10
8
9
9
11
9
11
10
9
29
11
7
10
9
8
8
11
11
10
11
12
8
10
10
9
10
9
8
10
8
8
8
10
10
8
9
10
9
8
10
11
9
10
10
11
9
8
10
8
8
9
9
9
11
8
8
8
9
8
8
9
7
9
8
10
10
8
9
9
8
9
8
10
10
8
7
8
10
10
9
9
8
9
10
10
9
8
9
10
7
8
10
8
10
10
8
7
7
8
10
7
9
9
11
10
10
8
10
11
9
11
11
10
9
10
10
8
9
10
10
11
8
11
11
10
9
9
8
8
11
9
10
9
8
10
9
10
10
11
8
11
9
11
11
8
10
9
8
8
8
8
8
7
8
9
10
8
8
11
11
8
8
9
10
10
8
8
10
8
10
7
8
8
9
10
10
9
10
9
8
10
10
8
12
10
8
7
8
9
9
8
9
10
9
8
9
8
11
10
10
9
7
11
10
8
8
10
11
9
10
9
11
10
9
8
9
9
9
