31
24
30
12
16
21
17
63
15
21
19
23
17
12
66
22
44
15
11
24
27
14
10
17
12
16
15
19
23
31
16
15
22
30
21
15
14
25
18
10
16
21
11
13
24
18
11
13
14
17
29
30
16
15
14
15
14
10
12
12
15
19
9
11
16
10
24
15
13
17
13
17
18
29
12
9
15
18
14
9
16
23
23
16
10
10
13
14
11
11
20
9
13
18
19
15
10
13
12
16
13
10
18
8
16
14
18
23
15
16
22
14
11
10
10
17
10
10
8
13
14
14
18
10
21
16
23
13
12
13
11
11
15
10
15
14
12
18
14
14
12
15
19
15
22
36
29
21
26
25
26
41
32
34
38
31
16
73
30
29
27
26
25
31
83
53
48
34
124
34
36
55
90
60
54
33
76
41
38
116
104
32
20
83
26
47
31
48
60
46
45
29
28
119
82
59
43
147
42
34
90
75
53
28
46
71
54
54
100
18
191
62
118
50
50
147
46
61
102
79
58
94
76
37
107
180
73
51
61
58
10
24
157
16
62
14
10
50
24
81
27
52
58
10
60
117
11
11
14
10
10
10
11
9
9
9
13
10
10
11
19
17
10
10
41
12
10
10
9
8
11
9
8
12
10
10
12
10
13
9
10
13
10
11
10
8
10
14
12
9
10
12
11
12
10
10
12
14
9
10
9
8
9
11
16
11
10
9
11
12
12
9
10
13
10
13
10
9
11
12
9
8
11
9
9
10
11
10
14
12
10
9
9
9
9
10
12
10
12
10
11
8
12
11
10
10
10
9
9
13
9
11
13
11
9
13
14
10
10
11
9
10
10
9
9
9
11
10
8
12
10
10
11
10
8
12
10
10
9
9
10
10
9
9
10
8
10
10
10
10
10
9
10
10
9
9
9
9
10
9
10
11
11
8
9
11
10
9
10
9
9
10
8
9
10
12
15
88
10
10
12
8
10
9
9
17
12
10
10
11
10
11
14
10
10
10
10
10
10
10
8
10
8
9
11
12
10
11
10
10
10
9
10
11
12
10
10
9
9
12
11
9
11
13
10
9
10
10
11
10
10
9
8
11
10
10
10
9
12
8
9
10
9
10
9
9
10
10
10
12
10
10
10
9
10
9
12
12
10
9
10
9
9
9
10
10
9
10
9
10
11
9
8
10
9
11
8
10
10
10
10
12
9
10
10
9
8
9
10
11
12
10
10
10
10
9
9
9
11
11
10
10
10
11
10
10
9
11
10
13
8
9
9
8
10
8
8
10
8
9
10
9
9
8
9
9
9
9
10
10
10
9
11
9
9
10
10
10
10
10
9
8
10
9
10
10
9
9
9
10
9
11
12
9
9
10
10
10
8
9
9
10
12
10
9
9
11
9
10
10
9
10
10
10
9
12
10
9
9
10
8
9
8
10
10
10
10
9
11
9
10
10
10
10
10
9
9
9
9
9
8
10
10
9
8
9
11
10
10
9
10
9
10
10
9
9
10
9
10
9
10
9
10
9
10
9
10
9
9
10
10
10
10
10
9
11
10
9
8
8
9
11
13
10
10
9
11
9
10
10
9
9
10
11
10
9
10
9
9
10
10
9
10
10
9
10
13
10
12
11
10
9
8
9
9
10
9
9
9
9
10
10
9
10
9
10
12
8
8
9
10
12
9
10
11
10
9
9
9
11
9
9
8
8
10
9
9
10
10
9
9
10
10
8
9
10
10
9
9
10
10
10
10
10
9
25
10
10
10
9
10
10
9
9
9
9
11
10
9
10
10
18
9
9
10
11
9
9
10
11
12
11
11
10
9
9
10
9
10
9
9
10
9
10
10
9
9
9
9
10
11
10
10
9
9
9
10
10
10
12
9
9
10
9
10
10
10
10
10
10
10
9
10
10
10
9
10
10
10
10
9
9
8
10
10
10
10
9
13
11
10
10
10
11
10
10
10
9
11
10
10
9
10
10
11
25
10
9
11
10
9
9
10
10
10
9
11
11
9
11
10
9
26
11
10
11
10
9
10
10
10
10
10
11
10
11
10
10
10
10
10
10
25
11
11
25
10
10
10
11
26
11
9
10
11
11
26
11
12
80
28
34
11
27
23
12
11
36
11
11
38
82
26
48
20
80
21
22
24
23
64
24
27
30
90
90
36
53
66
203
81
90
103
145
73
129
64
129
94
64
194
68
59
218
40
152
112
49
37
41
24
12
67
48
74
18
74
8
10
76
10
288
9
80
114
23
10
62
28
10
51
33
10
74
85
77
73
41
86
14
