28
20
46
22
50
17
24
13
17
24
15
32
18
10
37
28
18
12
14
15
30
14
42
12
17
19
15
11
9
15
20
13
11
19
23
21
14
12
13
16
9
28
31
25
22
16
20
8
21
28
18
9
16
12
15
11
15
13
10
16
14
10
11
37
53
11
36
39
10
12
47
12
17
38
24
37
22
13
46
39
37
49
21
18
24
37
26
66
48
50
63
83
89
29
87
72
135
74
8
40
38
49
42
25
36
25
10
33
43
24
36
64
164
15
8
15
22
46
114
53
100
24
55
197
173
106
11
63
45
138
58
130
113
119
12
124
165
15
15
19
159
22
48
16
21
29
17
12
58
209
81
32
285
67
36
20
53
56
29
33
107
35
22
126
69
30
68
219
45
49
218
190
109
47
254
137
188
134
101
147
259
20
142
12
217
24
205
85
40
11
211
122
111
129
101
39
107
49
180
98
29
28
137
152
178
47
151
144
143
24
12
119
238
117
262
364
123
27
10
12
11
15
15
58
210
120
112
116
130
139
141
19
146
206
20
14
116
174
315
17
15
187
15
188
110
144
24
13
10
152
125
214
11
11
9
13
181
88
22
374
26
174
233
404
21
74
45
119
41
21
23
96
360
82
40
8
36
20
24
374
15
237
84
74
43
45
97
16
32
53
97
204
148
134
131
11
131
147
108
111
105
10
105
9
111
104
76
14
20
113
91
100
12
100
102
119
96
103
95
93
13
13
111
192
85
108
100
86
100
103
114
105
139
200
146
10
29
146
169
74
19
19
92
19
104
102
145
55
15
168
193
26
29
264
272
43
31
25
85
127
16
115
111
386
124
114
156
159
14
19
266
124
136
113
122
138
127
144
162
111
38
177
211
157
14
156
116
121
127
19
17
19
16
17
155
24
17
19
75
114
106
499
130
180
163
20
41
11
286
192
257
87
22
70
34
149
210
239
52
102
32
27
45
65
27
32
35
149
499
139
10
25
128
152
156
130
110
120
131
136
120
113
499
13
10
9
11
23
10
10
12
12
41
11
148
227
132
121
108
121
13
131
228
143
168
166
26
10
15
10
15
45
36
199
499
288
11
11
44
21
102
259
12
279
150
321
106
106
113
49
101
23
14
14
13
12
10
11
11
9
11
11
12
12
11
14
14
15
16
20
15
21
96
109
169
169
175
146
15
154
131
65
22
181
55
220
25
28
32
34
499
117
120
132
138
130
123
135
29
111
93
126
181
88
271
29
108
25
20
499
68
41
176
169
84
11
16
124
124
132
368
76
110
193
315
125
97
45
133
170
87
119
148
369
128
141
11
21
21
29
101
19
15
14
499
133
18
9
499
18
148
28
13
99
103
124
128
112
14
112
11
14
14
14
12
11
104
111
156
144
119
130
19
145
163
120
143
128
123
202
129
11
106
135
125
106
99
29
130
94
157
142
161
198
139
499
154
202
23
299
14
50
214
12
11
30
70
131
113
129
115
107
112
45
36
210
27
156
171
169
346
158
12
12
54
30
137
53
105
122
140
172
15
50
10
153
103
161
253
33
125
128
203
61
23
114
100
96
102
35
104
108
136
177
150
178
134
134
143
192
25
150
88
28
16
13
272
149
138
128
137
293
171
26
25
23
199
201
46
21
22
271
84
206
97
48
235
175
499
254
34
22
10
11
115
138
141
171
170
156
112
119
156
146
14
499
12
12
33
9
9
10
16
32
132
118
132
161
24
32
361
149
216
149
117
191
310
49
41
9
12
21
120
387
10
31
199
155
164
248
12
69
39
71
201
259
227
188
189
149
260
300
144
126
83
29
38
198
9
11
53
113
347
118
101
106
105
104
108
111
105
101
105
99
98
120
110
99
97
102
111
100
115
115
20
16
16
13
11
14
16
11
98
107
234
169
204
242
282
99
14
104
96
435
227
153
94
96
84
18
30
16
70
163
148
166
113
29
219
311
499
127
26
108
95
101
98
109
499
160
146
186
64
151
126
98
32
56
170
116
109
59
64
64
146
10
129
23
92
122
101
115
114
142
371
144
182
147
22
313
499
15
18
14
11
20
67
25
27
192
499
138
128
174
103
106
108
109
106
108
108
113
115
115
145
21
18
99
43
116
239
20
216
242
228
140
166
41
8
8
9
9
10
13
228
87
111
282
255
136
141
155
76
80
46
141
134
499
161
118
121
129
123
124
133
164
134
136
129
499
107
209
49
72
141
170
31
170
31
57
499
152
27
14
12
95
127
126
111
118
182
192
121
212
28
41
18
33
12
385
