27
14
15
21
24
18
21
14
13
11
14
17
12
17
17
14
23
22
13
13
22
21
49
12
35
10
16
27
14
12
10
14
11
12
17
13
35
9
14
19
11
15
33
30
10
26
15
15
19
10
26
30
35
48
14
22
11
27
9
11
20
29
30
36
32
79
11
28
33
30
24
25
15
31
51
22
23
56
34
29
107
24
16
38
36
49
18
46
30
23
22
23
45
14
12
11
15
15
14
11
12
18
17
12
30
82
15
44
53
40
54
22
51
72
17
47
22
22
63
91
39
56
37
48
82
34
37
122
43
111
23
81
16
94
65
14
32
63
27
165
78
138
74
16
83
112
183
139
17
89
21
194
35
81
153
22
54
116
56
428
15
89
11
12
25
16
40
79
73
73
44
48
168
66
121
126
93
158
237
14
40
320
96
136
58
12
48
500
116
122
229
97
17
260
184
171
199
232
297
244
86
13
92
338
128
26
82
193
95
253
34
161
420
500
500
105
115
17
48
18
45
110
14
483
189
451
28
10
191
258
33
500
13
100
31
482
500
17
500
87
31
500
241
166
151
134
174
133
11
168
294
223
87
162
191
66
144
247
128
99
37
17
23
311
282
145
431
36
8
12
110
172
184
107
129
109
118
131
150
136
128
140
96
14
15
112
203
221
13
216
259
127
228
243
292
124
267
17
292
329
211
25
149
316
323
159
500
192
172
500
59
13
73
119
107
14
88
129
130
151
177
133
135
178
229
222
246
172
111
107
124
106
24
185
347
13
14
83
77
83
107
149
199
202
216
200
313
39
58
248
249
234
321
351
145
287
196
155
33
33
13
37
390
500
392
180
146
134
11
10
147
14
152
293
30
216
206
320
282
226
245
249
298
172
221
159
170
195
221
225
179
269
157
179
37
223
302
232
142
129
207
207
135
146
169
132
238
483
24
15
294
196
161
172
172
137
159
147
153
217
224
184
180
152
165
172
118
169
112
130
141
85
170
51
165
137
15
177
154
149
131
175
133
132
166
247
435
196
137
151
135
11
170
162
162
15
196
114
103
20
106
213
199
160
148
136
136
116
141
134
139
140
109
133
179
181
153
129
173
12
342
170
188
156
143
194
162
149
173
199
182
171
166
26
26
26
441
147
182
149
138
131
139
140
153
182
159
179
147
152
161
147
144
140
153
131
143
195
164
136
131
135
160
192
176
19
230
136
128
114
128
328
130
30
163
11
134
129
148
158
162
183
194
165
165
10
228
221
180
174
162
159
158
169
161
152
158
151
157
150
140
148
148
149
170
172
168
229
189
216
181
211
34
203
181
261
332
332
290
340
77
195
197
204
175
205
200
182
167
131
172
159
226
231
168
13
180
229
260
245
240
48
208
410
310
338
273
114
21
20
12
15
33
20
245
215
184
183
201
160
187
206
166
180
207
196
202
176
176
182
171
147
165
259
198
189
187
27
213
154
146
144
192
163
141
141
148
149
160
148
161
139
149
157
274
228
259
9
204
243
343
247
188
180
186
184
208
231
271
347
303
37
14
14
33
156
177
218
212
184
232
189
192
203
231
28
16
45
28
275
132
120
170
172
154
143
159
170
171
168
153
171
182
186
151
165
191
149
142
118
168
25
205
500
151
174
178
229
194
173
225
232
500
230
219
248
37
246
184
180
13
14
14
128
195
214
215
221
148
164
178
164
174
205
186
206
163
219
254
191
290
327
348
397
26
293
175
214
207
210
233
206
200
202
189
200
169
267
366
345
53
175
162
185
166
195
164
152
189
177
148
163
188
190
287
284
44
130
145
142
131
127
146
14
13
12
127
138
136
140
148
154
154
145
124
122
11
149
152
156
145
135
157
138
114
12
130
241
279
151
384
194
165
163
205
210
185
221
254
236
237
202
47
81
26
68
464
234
223
194
196
153
156
151
136
146
128
136
179
172
500
238
168
169
157
146
156
146
149
18
14
205
197
205
178
151
176
191
243
134
149
145
174
190
163
149
167
209
316
366
136
150
130
15
24
121
188
188
295
190
278
166
173
26
14
70
10
10
264
205
142
148
113
163
112
106
117
144
195
156
123
123
143
121
137
144
134
123
134
17
132
189
193
274
229
132
157
200
116
103
150
156
152
186
247
341
239
273
323
216
255
274
145
171
197
164
147
161
152
122
128
255
148
90
13
163
260
197
143
145
165
234
275
136
131
156
185
231
216
359
318
144
216
161
156
194
244
184
186
183
187
177
160
137
167
175
146
145
138
127
109
119
111
26
17
17
17
17
16
14
