36
19
22
19
26
14
14
24
13
21
37
18
15
19
47
21
9
17
42
14
15
26
14
8
15
10
22
15
14
19
19
17
10
15
14
21
54
10
11
27
14
12
16
13
13
26
14
12
20
12
15
13
37
19
14
16
20
54
12
19
62
42
25
47
10
110
23
57
20
19
9
10
21
31
18
12
37
53
16
59
35
17
17
22
83
9
11
13
55
38
42
64
63
46
24
26
38
78
47
23
23
25
74
89
14
21
121
43
41
53
34
40
135
81
31
67
59
41
63
33
20
78
65
72
164
150
92
19
92
23
256
157
100
88
161
52
58
44
44
29
57
84
114
172
67
40
222
43
31
84
88
17
32
47
309
58
239
27
46
333
272
78
37
112
15
161
21
120
113
129
344
251
17
156
121
21
94
144
54
246
118
14
17
223
144
124
12
138
12
49
238
109
322
181
224
79
69
15
67
337
93
149
162
162
150
150
271
203
115
175
35
37
58
99
22
123
189
182
57
22
103
138
178
156
194
16
92
20
165
172
169
165
10
14
138
103
109
158
289
233
195
14
215
86
385
56
13
12
208
138
137
102
186
136
177
84
12
266
181
41
18
159
14
162
230
343
277
42
31
251
398
157
164
125
130
156
191
66
32
190
208
219
190
151
9
34
211
214
156
143
14
115
112
14
123
137
10
14
206
218
195
78
170
215
15
83
150
122
152
168
142
169
465
138
99
16
12
113
448
205
185
179
44
13
11
26
313
43
224
164
155
135
194
152
157
200
147
15
164
211
146
230
190
298
459
130
11
153
163
94
270
101
198
23
53
226
499
202
146
189
152
11
155
208
284
35
199
174
215
172
150
132
172
176
229
267
26
210
141
147
155
157
166
197
154
156
151
275
375
180
14
303
113
134
165
164
241
24
35
227
315
323
293
177
151
145
171
141
12
265
329
66
21
55
51
61
255
130
28
227
359
254
36
177
159
171
276
152
162
207
211
137
114
110
107
91
108
113
125
306
271
309
284
53
87
191
233
157
52
13
12
13
88
141
221
204
205
222
150
225
289
62
131
20
143
499
338
156
118
118
120
11
129
156
126
120
128
139
146
136
11
151
194
199
251
344
102
12
13
123
117
127
186
225
206
199
16
87
34
73
185
228
239
120
158
157
131
156
32
310
155
193
57
168
119
266
390
127
133
165
182
78
196
127
127
113
128
115
118
105
99
101
97
100
108
126
111
118
114
129
124
119
169
180
306
30
30
21
33
41
434
237
30
357
308
499
118
94
86
80
100
101
126
101
95
113
109
106
11
159
499
499
10
26
117
499
499
499
11
260
14
235
42
282
283
220
297
161
46
223
189
273
320
252
207
164
9
11
278
228
429
271
281
313
379
221
273
34
27
499
109
95
27
16
15
19
16
14
12
14
12
13
14
16
13
14
14
14
20
16
17
17
16
30
97
86
499
197
215
196
124
125
145
142
125
120
124
124
206
499
132
120
101
109
111
98
499
499
35
40
499
499
499
35
11
499
44
12
30
29
27
23
88
286
499
29
93
281
118
163
175
76
298
124
19
499
219
171
204
126
499
59
40
264
166
134
148
158
178
176
85
225
224
181
223
170
130
9
148
222
179
134
153
142
141
137
139
139
223
150
184
25
199
71
13
107
105
105
105
104
126
102
104
121
113
129
140
125
125
127
117
114
92
95
90
100
95
84
94
53
77
129
154
147
115
104
100
14
111
108
114
100
103
101
100
100
104
95
78
52
76
95
118
264
184
187
118
127
195
412
330
229
205
213
323
189
229
212
334
215
178
226
72
20
124
138
129
110
82
109
256
165
187
178
18
171
350
35
8
124
113
106
97
100
96
100
91
91
92
97
96
97
94
101
97
96
99
94
100
95
98
94
94
91
91
92
87
96
92
89
89
88
86
92
88
94
90
87
91
92
93
90
87
88
88
95
93
95
86
88
86
83
29
93
130
20
8
138
499
124
125
121
120
110
109
128
123
120
118
95
93
97
90
110
105
107
101
98
103
112
93
102
108
111
145
25
16
10
123
123
101
107
107
109
99
100
10
7
10
131
110
105
109
106
99
92
99
103
105
96
101
96
93
94
97
96
94
94
91
96
92
91
83
84
97
139
130
115
109
90
106
113
105
105
97
99
10
9
11
122
111
102
107
104
99
107
97
106
99
101
100
99
100
106
105
106
107
101
101
96
102
96
97
96
97
93
101
108
100
99
95
90
82
101
93
12
82
89
79
91
87
85
102
92
88
85
81
94
95
83
