29
30
16
26
20
12
11
34
37
19
43
18
20
18
11
49
25
12
12
24
12
31
12
8
33
16
22
24
17
16
15
21
18
56
14
16
9
36
23
11
25
24
23
23
21
29
34
18
20
13
11
15
9
15
20
11
32
14
39
25
52
12
17
21
13
16
12
19
28
128
54
47
26
22
14
12
19
65
10
28
12
20
11
11
26
18
15
25
20
41
111
63
29
61
55
32
31
45
16
58
13
22
16
38
68
24
25
13
57
34
63
23
45
40
23
48
34
35
55
50
37
64
33
40
24
38
66
76
139
137
29
143
116
81
104
190
35
95
73
20
129
323
101
48
96
123
93
61
33
57
48
63
37
239
18
32
54
435
57
15
9
119
132
108
80
18
40
180
101
137
81
116
64
41
130
95
20
71
157
186
101
13
89
89
364
77
64
20
259
202
359
16
108
123
197
190
63
61
149
10
211
20
186
94
122
246
56
91
202
181
162
202
56
163
495
96
13
404
56
27
118
363
499
397
68
44
499
159
11
306
289
294
154
213
361
85
23
351
499
51
334
279
231
85
14
162
352
267
141
304
206
385
344
23
43
27
407
499
499
499
498
159
25
11
12
28
12
30
18
45
9
9
13
15
27
78
33
32
126
90
179
202
225
234
201
228
143
109
14
153
205
366
272
258
31
253
212
220
189
181
185
156
14
178
186
165
160
171
147
12
15
169
347
111
28
179
216
278
499
196
154
149
10
50
8
296
270
129
118
124
132
150
14
220
89
200
161
499
154
182
192
227
215
318
68
27
100
186
131
149
17
257
378
194
225
449
150
149
127
125
124
118
118
15
16
12
16
17
19
12
17
16
15
21
13
18
14
20
18
16
13
19
18
21
18
20
19
20
170
168
12
10
11
184
189
167
99
178
188
286
170
12
10
486
499
57
259
343
499
229
170
161
147
158
166
242
236
201
188
225
429
11
159
157
148
126
376
145
224
171
180
194
449
17
166
143
145
206
113
273
206
125
146
140
171
46
169
167
155
35
19
165
185
180
176
230
268
154
167
12
499
211
128
138
149
138
150
135
150
159
168
209
269
216
267
333
152
171
232
109
499
284
26
12
62
499
31
34
172
81
63
80
130
180
499
207
233
499
303
173
175
183
176
157
345
155
14
164
15
18
13
16
133
261
101
101
100
98
119
135
121
92
137
130
110
12
11
12
15
13
13
14
11
13
10
13
10
13
18
13
12
12
17
15
116
135
148
160
29
249
147
127
124
113
120
126
126
121
141
141
172
156
158
129
148
141
119
133
126
161
197
273
271
147
193
190
20
11
86
164
7
10
150
132
152
499
263
145
160
137
59
131
118
110
102
105
114
127
122
124
112
105
113
110
105
11
153
109
118
351
152
154
499
170
138
143
217
56
34
213
147
118
190
220
359
133
10
10
11
203
177
166
144
141
146
135
172
151
154
146
148
141
11
11
165
274
247
11
11
34
128
176
166
222
149
11
314
132
145
201
174
11
343
181
158
144
143
135
158
165
172
185
150
136
134
130
182
176
157
159
154
183
23
154
38
136
140
121
11
11
164
141
125
139
126
108
106
109
104
105
12
106
235
133
127
135
116
148
172
44
146
202
219
62
32
169
15
14
21
15
54
150
144
173
168
159
151
171
160
223
178
171
163
162
126
142
137
137
126
149
132
157
137
135
131
133
144
151
164
221
169
169
217
132
145
185
143
141
13
185
283
215
306
221
198
183
239
309
203
339
74
10
55
57
8
43
235
250
243
259
213
292
200
221
170
209
169
141
10
97
191
183
215
31
213
321
231
345
138
127
14
239
191
205
224
249
253
285
245
221
146
33
205
219
195
164
163
160
14
186
381
212
181
113
174
203
202
155
236
168
196
135
127
142
139
122
141
143
151
148
125
15
144
145
181
157
198
146
163
160
139
137
136
128
136
9
10
166
110
117
11
164
178
196
154
161
158
163
418
236
167
149
156
145
14
137
151
139
11
8
9
149
150
168
163
134
132
122
150
164
147
149
145
157
140
152
166
138
133
200
499
238
104
185
220
173
164
163
138
111
112
143
119
109
106
499
101
14
8
9
11
68
27
62
60
38
499
499
279
174
187
185
153
137
151
164
209
311
259
152
156
171
150
152
151
132
143
127
129
125
19
139
151
148
142
147
156
150
155
132
148
230
270
162
164
247
190
162
137
139
170
18
135
147
189
182
183
166
159
146
153
128
158
140
174
194
184
159
180
169
149
162
10
10
13
17
15
17
139
191
