36
19
71
16
19
14
13
28
20
15
14
14
17
16
35
13
14
17
11
16
65
20
18
20
17
22
10
19
19
19
21
13
15
12
12
14
18
47
13
30
13
13
18
18
15
9
33
11
18
16
13
36
19
10
12
15
49
48
76
92
39
25
12
36
12
13
21
14
16
19
16
38
15
16
44
45
24
13
17
12
31
18
23
29
29
35
22
35
13
12
14
25
23
17
22
35
55
24
85
22
50
21
13
20
28
36
25
33
21
62
32
34
25
22
77
32
13
14
48
97
12
22
92
10
18
32
26
17
21
75
18
15
113
44
23
30
28
26
12
43
35
31
151
23
75
62
123
23
85
82
55
81
22
156
89
151
32
116
93
134
95
182
123
132
88
266
87
146
28
293
58
76
94
15
21
16
69
53
78
34
95
110
310
204
162
194
222
303
115
75
121
72
51
11
293
139
144
168
128
127
19
284
179
104
72
70
237
214
123
16
144
132
170
92
39
112
231
242
200
330
153
26
95
140
209
213
108
24
137
149
277
150
78
134
260
249
36
500
224
173
264
14
235
500
136
56
209
272
500
45
8
12
500
211
161
500
241
140
500
42
144
149
26
96
281
293
118
11
144
141
117
115
94
11
14
116
18
16
16
138
150
167
120
124
326
150
120
104
104
100
44
145
153
139
119
114
121
107
107
22
104
102
113
113
133
139
153
128
145
167
177
150
157
46
20
15
154
195
354
235
197
117
232
203
175
133
108
127
19
17
12
134
98
13
227
289
320
228
209
158
108
22
49
92
163
140
145
160
130
115
105
122
21
105
111
115
105
125
125
113
108
97
96
113
113
138
152
444
364
252
205
45
171
176
157
53
219
18
148
87
190
482
378
23
332
377
175
105
105
116
132
171
182
197
134
131
500
131
33
25
31
407
330
500
317
190
154
173
144
164
170
187
43
181
284
308
500
15
266
352
384
286
259
23
29
185
447
236
347
24
141
143
134
134
123
132
139
138
119
129
121
138
121
120
25
141
163
207
171
146
122
91
119
110
132
140
110
31
219
10
55
146
230
197
156
445
236
181
110
193
243
194
137
144
162
198
12
55
175
185
174
181
219
199
230
169
126
110
112
108
105
97
100
97
87
70
47
38
46
60
165
112
122
135
143
157
227
75
55
57
46
75
123
138
118
127
121
137
164
173
237
93
248
477
108
500
85
99
94
95
108
100
105
99
77
84
85
100
139
127
128
15
14
97
92
128
271
43
79
170
347
187
86
500
165
183
161
153
148
142
138
165
132
117
130
165
261
187
222
257
458
300
169
144
146
155
147
143
126
139
129
156
135
126
120
11
11
427
190
177
160
175
174
170
178
172
192
156
203
166
150
142
134
190
158
134
180
161
136
124
10
144
178
173
138
11
134
155
227
179
249
284
251
247
263
198
229
150
161
139
142
136
9
231
377
172
151
128
125
112
118
108
92
89
167
243
104
11
500
100
13
107
99
105
110
124
159
220
358
11
203
151
270
138
123
117
136
114
112
106
112
104
99
11
140
167
194
158
143
136
134
132
127
89
188
168
226
295
314
155
107
111
103
149
161
155
125
140
142
154
155
166
170
166
336
344
471
267
165
185
229
245
324
282
176
200
23
157
10
24
427
263
500
42
195
223
245
185
13
199
247
348
219
204
168
150
13
202
199
231
226
221
500
258
234
176
38
20
12
10
197
500
165
138
127
113
122
130
131
119
111
121
126
128
112
109
113
128
119
113
118
116
121
116
118
162
133
128
119
124
125
109
99
109
104
107
106
114
97
109
115
123
11
9
10
293
54
11
286
171
179
160
172
146
144
158
121
119
9
10
237
240
297
226
236
268
169
173
156
167
168
151
157
160
151
147
134
163
11
251
229
500
119
95
95
99
12
10
12
149
211
176
132
136
137
149
13
176
221
178
194
119
143
178
164
175
205
170
175
232
261
235
345
265
495
15
227
216
294
234
438
368
434
396
329
500
120
126
23
109
126
131
129
132
123
132
126
131
130
128
136
126
119
128
121
123
135
130
126
125
130
125
121
113
110
105
133
148
133
149
140
117
122
120
112
113
126
110
99
105
117
118
115
109
111
115
18
112
128
125
141
122
122
11
139
241
193
291
166
158
170
184
422
189
16
158
426
172
149
170
195
173
206
183
79
22
12
11
189
188
313
203
271
170
174
455
138
169
167
188
171
158
177
149
157
162
180
225
198
150
171
29
107
196
200
157
199
129
194
395
318
305
375
49
27
157
145
127
114
123
