32
40
32
35
13
13
12
21
38
21
14
56
17
15
14
41
14
53
17
33
20
42
14
11
12
17
10
19
11
14
32
14
19
29
12
41
28
11
20
17
32
22
18
13
18
16
20
12
14
16
12
24
15
10
17
11
43
16
39
17
45
60
13
106
25
70
30
39
63
15
17
51
23
59
24
16
42
19
52
11
13
42
10
21
22
76
11
22
19
14
30
13
37
26
38
35
28
20
56
66
40
28
16
75
12
58
63
15
82
61
66
76
27
88
36
26
22
66
153
56
49
37
123
14
56
42
15
22
27
40
105
90
20
61
27
16
52
47
112
132
21
14
127
88
147
172
79
99
120
40
298
25
35
27
61
106
121
82
53
11
407
198
20
38
43
120
109
29
23
35
90
151
48
126
116
172
44
72
24
21
93
43
67
148
116
35
55
171
14
127
64
291
216
111
173
195
19
80
32
212
138
38
163
147
13
212
43
142
64
181
21
18
10
47
85
129
273
28
500
236
113
229
19
16
131
72
24
378
40
28
384
14
500
81
72
500
186
97
14
231
500
12
34
31
26
500
201
171
46
17
36
47
15
84
61
500
500
17
77
304
161
135
203
29
500
271
44
23
14
500
383
14
207
8
14
11
14
13
129
15
10
13
101
137
159
35
157
139
125
185
189
58
14
66
29
16
144
12
477
21
273
12
136
121
17
127
135
72
146
125
128
144
13
19
122
500
500
26
12
10
11
14
11
17
20
17
59
500
11
415
9
15
17
12
26
113
90
37
131
143
105
112
99
101
17
17
15
139
142
164
134
125
132
152
85
87
31
172
23
25
422
352
123
45
30
13
44
217
220
50
47
221
136
38
218
96
39
99
91
48
149
106
87
75
81
86
77
79
104
124
111
110
98
91
317
30
159
74
138
132
22
54
79
91
11
29
122
500
104
21
26
130
343
361
66
57
73
82
25
72
73
500
14
11
33
104
32
62
35
51
20
27
19
153
133
158
11
118
104
217
139
122
71
131
135
32
10
18
15
30
115
186
65
77
62
64
36
101
62
252
98
13
100
348
31
35
491
47
20
97
100
100
92
96
95
12
92
92
10
10
12
15
13
128
116
111
117
153
165
59
113
75
124
133
138
115
112
120
60
16
39
13
148
249
158
23
109
115
165
121
88
218
92
121
11
123
115
152
167
148
134
59
205
140
177
91
198
58
217
201
173
215
102
39
14
47
55
59
30
71
185
27
148
11
130
164
137
500
447
26
231
83
56
250
157
93
72
151
106
496
12
12
13
12
15
11
11
11
13
14
15
14
15
12
14
12
16
14
16
16
14
14
15
18
25
20
23
20
19
88
78
118
191
95
28
75
21
89
93
300
114
122
118
121
124
64
81
103
44
48
127
47
116
149
86
125
127
95
95
94
84
79
90
93
89
100
99
98
108
104
100
117
106
107
104
116
132
152
136
110
19
15
15
13
15
12
14
14
12
12
13
18
121
165
154
147
167
126
11
408
101
48
179
143
80
177
279
96
77
89
97
11
19
72
91
106
90
125
94
24
24
93
99
109
197
106
51
50
143
19
105
113
17
11
15
15
16
23
21
17
94
134
392
87
229
11
9
93
98
289
45
62
249
101
93
17
91
91
90
87
88
42
90
97
18
23
21
17
14
16
17
18
98
115
123
101
108
103
13
100
113
59
10
14
196
26
15
327
165
148
125
108
107
25
500
83
48
18
500
17
35
101
11
95
82
100
27
168
51
44
500
288
46
108
59
26
303
103
23
34
13
29
11
14
20
40
103
282
32
13
10
12
14
109
129
126
193
31
80
175
151
153
14
11
10
500
174
121
117
133
150
155
284
163
134
106
31
45
17
149
243
49
112
104
121
154
120
168
153
142
128
17
125
12
32
36
87
110
197
43
82
23
24
62
32
233
35
43
50
43
27
51
35
117
31
217
108
112
107
92
123
110
146
105
100
106
107
134
57
39
112
127
16
11
21
141
170
124
236
153
106
154
399
16
40
59
11
44
16
14
11
56
256
185
500
17
15
182
115
33
21
209
28
47
235
23
46
137
48
86
235
130
155
54
31
154
500
48
96
102
140
109
110
108
31
102
96
101
73
100
90
26
54
21
26
95
95
92
96
96
98
88
93
129
132
141
106
102
17
32
36
90
97
95
13
90
90
84
88
71
63
59
126
21
10
10
10
12
12
13
41
94
95
101
86
95
114
11
240
147
80
116
115
103
118
109
76
274
10
12
118
144
110
110
448
94
59
67
122
172
