36
22
19
18
16
17
23
47
21
18
28
11
24
9
11
22
12
36
23
14
29
17
10
23
17
11
45
11
30
16
37
18
14
39
40
10
17
40
29
20
14
12
18
33
18
16
10
14
30
14
11
26
13
14
23
17
8
14
28
14
37
16
24
16
13
20
24
13
12
15
23
9
22
13
14
19
12
24
20
22
12
12
14
13
25
25
21
11
32
11
19
10
16
15
16
22
13
32
16
18
16
11
19
9
16
14
14
14
24
13
14
17
19
11
13
11
17
11
109
13
10
14
13
17
15
15
15
14
16
12
20
15
14
30
12
17
13
12
17
10
25
19
13
9
18
14
20
12
19
17
9
12
10
12
9
16
15
20
11
25
21
23
17
11
15
10
9
10
14
16
36
10
13
12
12
11
11
8
13
10
11
17
80
12
14
11
11
11
12
11
10
9
12
14
13
9
12
13
10
12
13
10
11
12
10
13
13
11
14
12
10
14
12
15
13
11
9
9
12
11
15
11
12
8
27
12
10
10
8
12
8
11
10
8
12
36
11
18
13
9
12
10
9
17
12
10
14
11
15
10
14
21
31
16
11
26
11
14
12
11
12
16
16
32
15
14
16
11
34
13
13
12
13
13
14
13
12
13
20
12
14
14
11
17
15
21
14
31
13
11
12
12
16
12
14
11
11
13
20
14
11
14
11
16
12
12
17
13
17
12
12
14
15
13
13
14
12
14
10
14
14
11
11
15
12
15
14
12
13
12
10
10
14
12
12
14
13
10
13
12
12
12
15
10
11
10
13
10
15
10
12
10
13
11
14
10
11
11
10
10
11
12
9
11
12
11
12
11
13
12
10
11
11
12
12
10
14
11
10
10
10
12
11
10
12
10
10
10
12
11
14
9
12
9
11
11
13
11
10
9
11
11
9
9
12
11
13
10
11
12
12
8
10
10
12
10
12
10
9
10
12
12
10
11
11
14
10
11
11
12
9
9
11
11
9
12
10
11
11
17
17
10
10
9
12
10
10
10
9
9
10
9
12
10
11
10
10
15
13
12
12
10
12
10
10
11
11
17
11
13
10
10
14
11
10
10
10
12
10
11
11
12
10
11
9
13
13
11
11
10
10
9
11
9
10
12
10
14
9
12
9
10
12
12
12
9
12
9
9
13
9
11
9
10
11
12
9
11
9
11
11
12
9
11
12
11
11
9
12
12
10
12
12
9
14
12
9
12
13
11
12
12
10
9
12
10
10
12
10
13
9
12
13
11
11
10
11
12
15
11
12
10
10
12
9
12
11
12
12
9
12
12
10
11
10
11
9
10
16
10
13
13
12
13
11
14
13
11
13
14
11
11
14
11
10
10
15
11
13
12
12
14
15
11
10
14
11
11
13
11
13
17
14
12
16
10
15
11
13
22
12
11
14
16
50
11
11
10
12
15
47
11
11
19
46
13
21
16
12
17
15
82
81
91
16
500
320
9
9
10
8
9
10
11
11
10
10
9
8
10
10
15
10
10
9
10
9
9
10
10
9
10
10
40
8
10
10
10
9
11
10
9
9
11
11
10
9
9
10
10
8
9
10
51
9
43
87
11
11
10
42
87
10
11
12
11
11
45
10
11
46
11
12
47
37
12
9
34
57
33
42
28
19
12
37
38
45
35
36
40
27
43
13
45
27
28
23
11
23
40
14
19
34
25
16
30
24
23
23
37
50
31
23
41
37
30
25
35
43
21
22
19
45
32
39
11
12
39
25
37
15
9
36
24
27
18
35
33
20
11
11
46
15
17
36
9
16
32
29
27
33
32
28
10
24
32
28
11
41
29
10
32
43
23
37
41
11
11
31
10
34
11
26
10
13
10
11
10
41
11
13
11
10
44
38
11
11
26
9
37
11
27
10
12
28
38
24
25
12
10
21
12
11
10
10
34
11
10
8
11
29
11
10
9
9
35
10
37
19
10
15
10
10
9
11
28
10
31
10
38
10
10
14
9
9
11
11
11
12
9
9
10
11
9
10
10
8
10
10
11
11
10
11
9
11
10
9
11
9
10
10
9
8
9
10
12
9
10
10
10
10
11
40
9
11
10
8
11
10
11
11
10
11
10
11
10
11
10
10
10
9
46
10
8
10
9
11
9
10
8
9
9
10
10
9
10
8
12
10
8
11
10
10
9
9
9
10
9
10
8
8
10
11
9
10
11
10
9
8
9
9
9
10
10
9
10
10
10
10
8
9
10
10
10
8
9
9
9
8
11
11
9
9
10
9
8
10
8
8
10
