34
16
27
22
15
40
10
12
13
24
59
41
57
53
29
18
12
16
21
8
16
9
18
13
21
17
24
13
14
13
14
19
22
43
50
27
16
13
22
39
10
11
16
14
13
18
16
18
10
21
21
23
14
24
40
31
26
21
14
12
22
33
14
37
10
22
14
11
16
31
12
10
13
13
65
59
31
12
28
26
66
18
43
21
12
22
102
31
16
76
52
43
91
33
38
51
48
54
17
63
34
90
18
33
12
54
53
33
87
36
22
36
35
51
33
36
15
62
21
23
22
26
40
62
25
34
115
36
16
28
32
31
32
40
50
58
53
71
131
26
111
181
84
323
45
77
19
26
38
228
176
30
53
15
20
80
317
217
109
46
55
113
163
91
35
91
299
146
41
263
109
72
173
153
203
26
47
103
41
122
24
18
15
84
165
95
83
182
196
162
210
62
27
243
24
287
365
156
74
157
399
13
253
154
25
77
317
145
133
116
164
118
120
167
215
223
72
38
198
469
172
319
13
12
93
12
21
149
107
135
106
161
32
145
127
109
14
151
193
141
128
215
206
293
240
237
55
230
31
363
408
14
16
16
19
21
19
18
18
20
31
122
500
500
75
10
14
210
278
270
112
500
271
387
88
60
33
327
493
225
175
181
166
153
165
11
11
302
163
131
125
13
121
135
129
131
127
128
25
152
143
129
119
123
156
380
216
231
279
171
46
11
11
64
483
444
272
203
206
175
17
336
58
180
181
151
166
131
127
138
134
137
9
13
131
131
139
119
113
148
153
144
16
233
159
210
179
184
141
147
20
147
126
183
166
169
170
162
164
81
157
125
134
129
124
129
109
212
160
172
130
118
117
122
130
127
109
119
120
120
114
116
106
113
10
15
137
118
96
96
100
77
66
61
133
10
138
102
109
124
104
113
89
97
95
13
112
130
189
157
43
166
218
367
123
114
111
120
115
128
125
130
129
127
129
119
131
129
128
125
126
122
118
120
118
118
10
181
143
143
145
135
137
116
126
124
118
87
137
193
162
148
145
18
189
170
137
148
148
154
202
82
9
11
141
146
131
136
135
143
165
139
131
148
140
127
134
137
124
136
134
116
136
128
133
133
167
34
133
116
120
120
129
135
128
137
133
151
149
147
142
128
128
129
146
133
133
164
126
127
10
139
121
116
122
111
113
111
111
114
115
121
118
113
117
102
34
118
117
119
118
117
116
109
115
114
116
111
107
111
118
114
105
105
109
121
100
13
12
26
123
140
202
338
215
180
209
298
370
223
175
129
133
136
125
290
26
15
214
15
140
140
163
139
267
149
158
148
142
134
119
125
122
125
136
130
118
124
124
124
121
118
115
129
115
107
113
103
114
108
119
112
118
119
114
113
111
125
103
115
11
11
259
115
119
119
101
203
244
331
20
29
172
268
411
191
193
142
137
140
115
131
319
209
143
134
128
133
115
106
110
134
128
123
11
11
11
118
137
134
147
140
160
151
223
223
118
117
124
129
200
157
73
30
211
119
17
120
148
146
155
150
145
150
169
154
180
466
160
118
191
188
104
11
10
11
10
21
14
12
11
15
14
19
59
126
131
167
225
414
209
219
191
179
172
175
166
162
193
181
184
166
173
166
165
172
184
213
197
181
180
184
167
171
165
167
162
186
169
166
139
126
162
138
134
136
122
131
150
11
131
142
142
146
142
139
148
131
135
129
114
122
135
130
26
81
147
208
222
215
185
174
141
127
127
117
155
23
94
199
500
29
23
36
74
500
150
181
183
180
147
135
202
178
169
137
142
157
148
171
143
151
125
129
124
112
122
118
128
122
123
121
119
115
109
102
107
109
111
105
9
9
11
9
9
136
98
102
103
98
97
91
101
98
87
89
86
84
54
106
192
13
18
11
12
62
146
152
13
10
107
93
87
86
92
81
84
84
90
88
92
94
92
98
93
94
95
99
102
98
92
94
90
96
97
49
26
18
45
101
188
124
110
109
116
104
102
111
111
12
103
113
106
101
100
98
109
116
110
118
103
100
12
13
11
13
14
14
12
12
13
14
12
12
12
13
13
14
15
11
16
11
13
13
11
15
12
11
12
15
15
15
11
13
15
13
15
11
16
12
13
14
13
12
14
14
14
13
12
13
14
12
17
16
17
15
16
27
27
23
22
25
25
23
19
22
20
21
15
19
17
15
16
15
18
18
14
16
16
14
19
15
15
12
15
13
15
13
13
14
13
18
16
17
14
13
18
14
21
19
18
19
27
17
32
54
8
9
108
48
