25
18
18
21
19
17
34
41
14
15
23
49
19
16
11
12
32
13
14
13
17
10
10
22
20
18
14
17
18
13
12
21
13
20
38
22
17
13
42
15
10
15
29
14
28
8
13
12
19
12
17
9
13
12
38
12
11
14
14
21
18
17
17
14
11
11
16
18
25
13
12
25
13
12
11
14
14
19
14
14
21
12
12
10
11
9
15
15
15
12
11
13
11
10
14
12
12
38
18
17
24
15
10
10
19
14
13
13
11
11
18
11
14
11
45
13
10
10
14
12
10
15
11
13
9
17
13
9
15
22
16
9
16
12
13
12
9
16
20
16
15
9
10
10
12
11
10
9
13
10
10
9
9
17
16
10
12
12
37
10
9
13
16
26
11
11
11
11
11
11
13
13
22
11
10
16
23
10
12
22
10
13
13
11
12
13
14
10
16
11
10
11
10
9
13
11
10
13
10
10
15
9
12
9
10
9
11
11
10
11
10
10
10
8
10
10
10
13
9
10
9
10
10
11
12
17
16
17
12
9
14
12
10
10
9
11
12
11
9
8
8
11
12
14
13
10
14
14
9
9
14
53
11
11
11
11
12
11
10
13
10
10
13
11
13
9
9
22
14
10
8
11
12
10
11
9
8
12
23
12
10
14
10
8
11
10
10
11
14
9
9
14
9
11
14
10
12
8
14
10
12
10
11
10
16
23
9
12
10
13
8
14
9
10
10
10
11
24
10
12
9
37
35
40
37
40
30
40
42
35
49
31
29
31
19
15
49
40
28
31
26
16
15
46
27
18
15
36
12
53
26
24
9
35
21
36
15
23
19
15
19
14
17
19
21
13
19
32
15
18
13
10
51
16
20
21
19
14
13
14
18
12
29
21
24
26
21
23
14
20
16
12
19
14
27
20
18
16
25
18
21
12
32
13
17
18
17
8
18
9
13
12
24
21
19
24
16
21
16
22
13
9
17
15
14
10
22
11
21
29
9
9
17
9
9
17
14
23
8
13
8
15
8
11
18
12
17
22
24
15
11
22
12
16
25
9
14
14
16
14
8
15
13
13
10
13
26
18
9
24
9
23
19
22
10
11
12
23
18
20
16
10
13
21
8
13
18
17
14
18
22
10
14
12
19
10
11
14
23
11
8
14
12
17
11
24
12
22
10
9
9
18
10
18
14
31
12
8
12
17
13
14
9
12
10
9
8
18
9
9
13
31
70
33
27
12
17
31
11
11
13
17
12
12
20
15
17
15
17
17
17
15
15
20
31
12
10
16
19
10
18
30
43
12
18
22
27
65
62
22
42
23
13
31
18
21
22
18
48
37
26
18
22
33
48
38
27
25
34
49
75
56
11
30
28
9
9
8
9
26
10
10
9
10
24
9
10
10
12
9
10
10
9
9
10
10
10
9
9
9
9
9
10
8
10
10
10
9
9
9
10
9
9
10
8
11
10
10
9
10
9
9
9
13
11
10
9
9
10
10
8
8
9
10
9
9
11
10
9
9
11
9
10
10
12
10
9
9
10
8
8
10
11
9
12
10
9
10
9
9
9
10
9
9
10
10
10
9
9
8
10
8
10
9
9
10
9
8
10
8
9
9
9
10
8
8
9
9
9
9
9
9
10
9
10
10
12
10
10
9
10
10
9
10
9
10
10
10
8
9
10
9
8
9
10
10
11
9
10
10
10
9
9
9
9
9
10
10
10
8
9
10
10
9
9
9
9
9
11
10
9
10
8
9
10
10
10
9
9
10
9
10
9
8
8
9
10
9
9
9
9
10
9
9
10
8
9
9
9
9
12
10
10
10
9
11
10
11
10
10
9
9
9
10
9
9
10
10
10
10
11
10
8
10
9
10
9
8
10
10
10
10
9
9
9
8
8
11
10
9
9
10
9
8
8
10
9
9
10
8
9
9
10
10
10
10
10
9
10
10
9
10
9
9
10
10
10
10
8
9
9
10
10
10
11
10
8
10
10
10
9
10
9
9
9
10
10
9
10
10
8
9
11
8
10
10
8
9
9
9
9
10
8
10
9
10
9
12
10
10
10
9
10
10
10
9
10
9
10
9
10
9
10
10
10
9
10
9
9
9
9
10
8
10
10
9
8
9
9
9
9
11
10
10
10
9
9
10
9
8
9
10
10
10
10
8
9
9
8
10
8
11
10
11
10
8
9
9
10
9
10
11
8
10
12
9
10
11
10
10
9
9
9
9
10
11
10
9
10
11
10
9
9
9
10
9
8
10
10
9
10
8
8
10
10
9
11
10
9
10
