30
59
16
21
17
21
11
11
25
26
63
9
63
31
12
37
22
29
17
21
12
29
16
34
16
22
20
54
24
14
38
18
29
22
14
13
42
18
13
13
19
19
26
14
28
16
19
18
17
14
12
11
18
11
28
28
30
13
14
32
27
21
26
12
12
13
15
28
35
27
11
9
13
10
28
16
10
21
13
29
13
17
10
23
20
12
17
11
10
21
32
25
10
9
29
12
12
17
39
13
10
17
12
10
29
13
17
16
15
12
13
15
10
10
13
15
15
11
19
14
9
9
12
13
13
15
16
9
12
10
22
19
15
11
11
26
11
10
11
11
11
11
19
9
14
14
10
16
12
11
12
10
13
11
12
15
21
11
12
10
11
14
14
20
11
11
15
15
12
17
12
22
10
15
11
18
12
14
11
18
14
20
14
18
22
16
17
17
23
14
16
25
23
14
23
18
17
19
30
13
18
21
26
22
13
19
22
24
26
19
22
20
13
35
21
27
25
20
19
31
28
23
33
29
12
81
41
40
13
10
9
13
9
10
11
15
16
10
8
9
13
12
10
17
10
12
10
12
11
10
10
10
9
11
10
22
10
12
12
9
8
9
14
10
9
8
8
9
12
10
8
13
10
9
11
9
9
8
12
8
11
9
10
14
11
11
10
12
8
9
12
11
10
10
10
13
11
11
9
8
11
9
9
12
10
10
12
10
9
11
10
11
12
8
10
12
13
10
11
8
9
10
11
11
9
10
8
9
9
8
9
10
9
10
11
12
10
10
11
11
9
10
10
12
10
11
11
9
9
13
10
9
10
14
9
11
13
9
10
9
10
9
10
14
9
11
10
9
11
10
9
9
9
10
12
11
9
9
10
12
10
12
9
8
10
12
12
10
10
10
10
10
12
9
9
12
9
12
9
10
10
13
8
8
10
9
10
10
10
9
9
9
12
11
9
12
11
8
8
11
10
10
10
10
11
10
10
11
10
9
12
10
8
10
10
10
9
9
9
10
10
10
8
10
11
10
10
15
9
10
9
13
11
12
8
8
9
10
9
9
12
9
8
9
8
12
9
9
9
12
8
10
8
8
9
10
9
12
11
11
8
10
10
11
9
9
9
10
9
10
9
10
11
9
10
9
9
10
9
10
10
10
10
11
12
9
10
9
10
9
12
11
10
9
10
9
12
9
9
11
9
9
10
10
11
9
8
10
10
8
11
9
9
10
10
10
9
9
10
10
8
11
8
11
10
10
10
8
11
9
8
8
9
10
11
10
10
8
9
9
10
9
10
9
8
9
9
10
9
10
10
11
9
9
10
10
9
10
9
13
9
12
12
10
10
9
10
10
10
10
10
10
10
14
10
11
10
9
9
10
9
9
17
10
10
12
9
12
12
9
9
12
9
10
10
8
10
15
8
12
8
9
9
10
9
9
10
9
10
11
9
10
11
10
9
9
10
9
10
10
12
10
9
12
12
9
12
11
14
13
12
11
9
10
11
10
9
10
9
12
12
11
11
12
12
14
9
11
12
12
12
14
10
10
11
14
11
10
9
11
10
10
13
13
11
12
11
13
10
14
13
9
10
13
11
9
9
10
12
11
13
13
10
12
12
11
11
10
13
13
11
10
13
11
10
11
13
11
10
12
13
14
11
11
10
11
10
12
11
14
12
12
14
10
12
11
13
11
10
12
12
14
12
11
10
12
11
14
10
15
9
9
10
10
11
12
12
13
10
11
11
13
11
10
11
12
12
13
14
11
14
14
15
12
14
13
22
35
8
8
8
10
9
10
10
9
8
9
11
9
10
9
10
11
11
11
9
11
9
9
10
9
10
10
10
10
10
10
8
9
10
9
10
11
9
10
8
9
10
10
9
10
9
9
10
8
11
10
10
9
8
10
10
9
11
11
9
10
10
8
9
9
10
10
10
9
9
10
10
8
9
10
9
10
9
9
8
10
10
10
9
9
10
11
8
10
10
10
9
8
10
10
9
10
9
9
8
9
9
11
9
10
10
8
10
9
9
8
8
12
9
10
10
9
9
11
10
8
9
9
10
10
10
8
10
8
11
10
10
9
8
8
9
10
10
11
10
8
10
9
10
9
10
10
9
9
9
9
8
10
9
9
10
9
10
9
9
10
8
9
9
8
9
10
8
8
9
10
9
10
8
10
10
10
10
9
9
9
10
10
8
9
11
9
10
9
10
9
10
10
10
9
9
9
10
10
10
10
10
10
9
11
8
10
9
10
10
9
9
9
9
10
9
10
10
8
9
9
9
9
