28
15
69
34
13
11
12
13
22
21
14
9
21
13
16
11
9
21
16
13
26
19
17
18
15
19
12
15
11
19
11
16
26
18
9
13
12
10
9
14
10
33
16
7
10
12
14
19
15
20
9
8
29
22
15
22
10
13
8
21
11
25
14
9
22
19
21
24
36
37
11
37
35
17
27
20
11
20
16
19
22
23
16
39
51
47
16
50
26
29
20
15
51
11
26
101
10
13
13
37
52
56
24
20
45
13
46
33
24
44
23
37
29
29
51
47
12
20
18
17
16
45
58
64
60
20
65
67
80
34
25
56
17
19
22
11
28
51
44
37
39
94
20
11
31
80
14
64
74
192
354
82
38
155
361
248
45
61
37
50
29
226
110
118
156
99
202
128
125
95
12
30
24
66
103
268
61
105
458
12
10
42
12
166
260
123
493
348
136
142
151
148
150
17
12
187
12
200
36
84
9
9
11
22
46
23
92
175
56
8
319
238
103
203
91
16
63
15
153
146
22
179
208
162
145
136
147
19
133
215
323
15
363
145
194
237
499
27
33
281
152
131
149
144
125
129
127
107
121
11
123
158
118
118
115
113
107
104
122
101
124
126
140
105
156
124
141
27
193
216
254
313
307
61
20
175
56
47
77
105
137
194
67
165
272
350
254
58
449
16
16
80
126
329
83
313
324
245
80
210
356
337
499
181
172
14
16
206
122
74
69
83
279
145
9
13
84
213
146
161
95
123
151
95
151
140
201
188
274
56
266
92
309
100
287
141
132
139
294
499
499
499
15
114
499
95
22
177
218
98
12
195
86
220
261
164
125
118
12
140
143
164
149
133
122
8
121
124
117
117
112
108
59
100
101
24
22
20
15
12
11
16
22
25
18
24
23
24
18
20
24
28
20
15
26
101
254
128
145
468
428
372
184
157
158
306
299
260
188
223
226
13
245
499
89
202
384
251
244
223
192
170
138
171
174
160
162
147
23
11
9
14
14
14
12
16
14
14
11
15
16
11
11
17
16
17
13
15
17
22
17
23
29
160
220
176
230
180
165
158
11
146
308
38
11
29
182
201
366
160
201
253
234
254
143
230
180
224
259
165
144
170
164
146
190
196
167
164
169
159
137
139
179
233
159
140
149
138
122
137
125
171
150
161
154
131
115
131
135
125
189
145
141
150
181
158
247
499
218
148
149
157
152
217
240
249
190
178
228
324
338
499
154
129
131
145
154
142
137
153
133
139
137
132
128
147
128
144
141
117
130
161
148
138
161
183
198
267
499
179
156
153
132
130
169
84
49
472
152
158
183
145
135
127
143
169
148
142
144
151
140
66
121
65
113
116
126
34
154
170
155
184
193
160
196
387
276
206
118
113
23
41
31
51
10
9
15
9
9
8
23
9
22
29
18
23
80
9
25
170
304
146
178
179
157
178
13
206
192
170
158
173
162
209
214
224
172
148
128
126
115
120
113
126
113
127
161
145
164
93
12
73
187
366
360
236
305
183
210
197
205
219
218
174
173
145
165
171
162
144
147
146
146
135
134
125
131
120
18
147
138
141
157
162
168
176
157
178
177
181
197
167
175
176
170
175
154
137
128
138
140
128
131
128
124
126
124
118
116
109
11
9
121
178
130
129
134
131
164
153
130
128
121
139
128
120
116
22
11
114
51
80
113
150
159
140
187
162
163
157
159
157
160
120
138
124
116
111
173
140
223
103
119
124
111
115
343
156
153
155
141
237
224
170
121
141
161
122
119
117
95
101
89
88
96
100
105
100
61
54
104
106
137
104
112
112
111
109
106
119
105
118
99
148
118
116
189
62
149
128
125
128
127
141
123
131
147
129
135
115
120
117
119
115
127
127
136
11
11
142
138
127
134
142
147
138
232
57
140
25
105
140
123
146
147
135
128
123
117
101
98
104
103
99
95
80
94
108
86
14
108
118
103
117
109
100
92
108
81
77
121
89
88
88
130
120
97
113
170
218
132
140
174
59
9
12
10
74
37
146
121
384
103
107
83
83
89
70
78
70
82
65
62
82
83
78
90
84
80
83
80
180
115
62
99
106
75
73
80
98
86
122
113
100
95
87
111
170
172
110
113
113
130
141
99
112
101
98
211
102
109
98
88
79
102
132
95
83
81
52
125
105
114
129
158
155
150
146
130
84
88
79
84
84
76
69
76
72
91
81
75
75
72
77
79
82
77
77
96
82
84
94
102
97
106
131
98
102
99
89
78
109
21
8
12
107
116
95
137
131
125
121
119
156
167
134
114
111
99
105
