33
15
26
21
14
39
9
11
12
23
58
40
56
52
28
17
11
15
20
7
15
8
17
12
20
16
23
12
13
12
13
18
21
42
49
26
15
12
21
38
9
10
15
13
12
17
15
17
9
20
20
22
13
23
39
30
25
20
13
11
21
32
13
36
9
21
13
10
15
30
11
9
12
12
64
58
30
11
27
25
65
17
42
20
11
21
101
30
15
75
51
42
90
32
37
50
47
53
16
62
33
89
17
32
11
53
52
32
86
35
21
35
34
50
32
35
14
61
20
22
21
25
39
61
24
33
114
35
15
27
31
30
31
39
49
57
52
70
130
25
110
180
83
322
44
76
18
25
37
227
175
29
52
14
19
79
316
216
108
45
54
112
162
90
34
90
298
145
40
262
108
71
172
152
202
25
46
102
40
121
23
17
14
83
164
94
82
181
195
161
209
61
26
242
23
286
364
155
73
156
398
12
252
153
24
76
316
144
132
115
163
117
119
166
214
222
71
37
197
468
171
318
12
11
92
11
20
148
106
134
105
160
31
144
126
108
13
150
192
140
127
214
205
292
239
236
54
229
30
362
407
13
15
15
18
20
18
17
17
19
30
121
499
499
74
9
13
209
277
269
111
499
270
386
87
59
32
326
492
224
174
180
165
152
164
10
10
301
162
130
124
12
120
134
128
130
126
127
24
151
142
128
118
122
155
379
215
230
278
170
45
10
10
63
482
443
271
202
205
174
16
335
57
179
180
150
165
130
126
137
133
136
8
12
130
130
138
118
112
147
152
143
15
232
158
209
178
183
140
146
19
146
125
182
165
168
169
161
163
80
156
124
133
128
123
128
108
211
159
171
129
117
116
121
129
126
108
118
119
119
113
115
105
112
9
14
136
117
95
95
99
76
65
60
132
9
137
101
108
123
103
112
88
96
94
12
111
129
188
156
42
165
217
366
122
113
110
119
114
127
124
129
128
126
128
118
130
128
127
124
125
121
117
119
117
117
9
180
142
142
144
134
136
115
125
123
117
86
136
192
161
147
144
17
188
169
136
147
147
153
201
81
8
10
140
145
130
135
134
142
164
138
130
147
139
126
133
136
123
135
133
115
135
127
132
132
166
33
132
115
119
119
128
134
127
136
132
150
148
146
141
127
127
128
145
132
132
163
125
126
9
138
120
115
121
110
112
110
110
113
114
120
117
112
116
101
33
117
116
118
117
116
115
108
114
113
115
110
106
110
117
113
104
104
108
120
99
12
11
25
122
139
201
337
214
179
208
297
369
222
174
128
132
135
124
289
25
14
213
14
139
139
162
138
266
148
157
147
141
133
118
124
121
124
135
129
117
123
123
123
120
117
114
128
114
106
112
102
113
107
118
111
117
118
113
112
110
124
102
114
10
10
258
114
118
118
100
202
243
330
19
28
171
267
410
190
192
141
136
139
114
130
318
208
142
133
127
132
114
105
109
133
127
122
10
10
10
117
136
133
146
139
159
150
222
222
117
116
123
128
199
156
72
29
210
118
16
119
147
145
154
149
144
149
168
153
179
465
159
117
190
187
103
10
9
10
9
20
13
11
10
14
13
18
58
125
130
166
224
413
208
218
190
178
171
174
165
161
192
180
183
165
172
165
164
171
183
212
196
180
179
183
166
170
164
166
161
185
168
165
138
125
161
137
133
135
121
130
149
10
130
141
141
145
141
138
147
130
134
128
113
121
134
129
25
80
146
207
221
214
184
173
140
126
126
116
154
22
93
198
499
28
22
35
73
499
149
180
182
179
146
134
201
177
168
136
141
156
147
170
142
150
124
128
123
111
121
117
127
121
122
120
118
114
108
101
106
108
110
104
8
8
10
8
8
135
97
101
102
97
96
90
100
97
86
88
85
83
53
105
191
12
17
10
11
61
145
151
12
9
106
92
86
85
91
80
83
83
89
87
91
93
91
97
92
93
94
98
101
97
91
93
89
95
96
48
25
17
44
100
187
123
109
108
115
103
101
110
110
11
102
112
105
100
99
97
108
115
109
117
102
99
11
12
10
12
13
13
11
11
12
13
11
11
11
12
12
13
14
10
15
10
12
12
10
14
11
10
11
14
14
14
10
12
14
12
14
10
15
11
12
13
12
11
13
13
13
12
11
12
13
11
16
15
16
14
15
26
26
22
21
24
24
22
18
21
19
20
14
18
16
14
15
14
17
17
13
15
15
13
18
14
14
11
14
12
14
12
12
13
12
17
15
16
13
12
17
13
20
18
17
18
26
16
31
53
7
8
107
47
