22
11
16
35
17
14
45
18
13
20
19
27
18
52
13
10
19
36
11
21
11
17
22
16
43
11
30
16
11
10
17
20
13
11
13
17
15
10
49
9
17
26
21
13
13
17
18
15
18
14
23
14
16
10
14
19
13
13
10
16
27
15
14
16
38
15
23
17
27
44
31
45
30
66
49
36
43
30
16
133
90
33
16
35
14
108
39
46
32
55
52
41
41
44
56
44
24
23
33
18
10
9
47
9
43
12
47
56
18
27
15
70
47
39
76
59
69
137
139
16
14
16
9
42
12
15
17
76
14
82
63
107
93
77
135
14
50
25
37
65
17
56
116
17
137
129
10
16
64
13
53
39
35
15
86
98
81
147
18
138
35
32
12
16
12
34
40
115
127
99
117
103
38
13
103
223
107
56
28
202
132
129
169
69
437
119
35
96
124
158
23
113
128
37
139
14
13
15
32
181
146
104
167
48
74
91
75
149
58
12
22
20
14
19
22
215
192
93
245
196
33
251
187
17
221
500
10
11
12
23
26
48
59
327
225
16
174
16
255
22
111
127
500
36
24
15
13
253
26
173
19
12
13
20
127
204
132
12
14
127
206
185
11
61
126
101
118
16
119
16
18
33
19
15
21
21
18
17
15
17
16
16
26
19
21
25
21
36
28
173
172
163
188
30
164
29
225
197
164
14
193
187
107
28
44
120
137
238
178
198
500
313
23
294
107
228
169
200
191
30
12
212
165
145
13
155
179
144
144
168
134
144
136
15
280
293
221
22
14
122
135
160
97
165
313
226
149
148
152
136
12
500
11
133
16
12
63
27
274
24
500
20
500
204
23
15
329
56
441
17
115
139
13
14
21
121
123
104
18
23
130
34
110
136
228
191
266
11
12
12
12
83
250
171
135
196
14
92
146
18
14
134
152
274
500
148
14
13
18
15
123
162
128
109
85
22
117
21
24
158
150
32
154
102
104
15
24
16
150
20
134
167
500
500
183
40
153
27
43
119
119
13
13
172
230
155
113
161
161
24
17
142
113
112
131
13
12
120
125
107
116
106
128
84
13
112
149
9
195
107
100
97
108
13
158
115
119
105
122
117
96
93
11
56
40
11
143
58
123
176
117
100
103
95
28
15
131
141
136
12
325
113
76
97
14
11
12
98
95
22
23
25
23
11
16
20
26
95
123
120
171
11
12
168
120
190
195
168
135
132
107
64
62
52
10
190
312
276
128
82
49
53
99
61
43
29
16
27
500
185
237
55
500
12
31
27
109
124
137
37
53
27
27
188
139
134
140
119
106
105
10
110
112
109
94
90
72
105
93
70
108
102
93
85
65
103
102
16
95
98
13
89
100
96
91
90
93
17
95
114
107
125
114
94
93
74
112
94
63
9
157
21
49
41
76
84
21
113
89
79
91
111
57
50
105
12
11
61
68
67
35
39
17
105
96
97
93
94
50
23
15
101
109
102
98
19
96
10
114
163
114
60
75
114
93
24
95
140
44
117
135
500
500
125
40
11
12
14
12
13
132
189
73
181
147
121
137
147
114
147
116
85
51
102
148
147
11
10
10
36
42
169
57
103
14
65
176
161
25
163
110
106
12
144
118
10
30
33
139
111
140
180
39
27
187
31
172
131
48
29
32
12
12
220
43
135
133
34
54
44
179
134
184
14
42
163
149
150
108
136
139
139
108
267
30
29
30
15
71
34
244
11
500
91
80
17
16
18
12
100
73
164
27
128
278
122
23
114
170
154
216
113
109
114
100
131
145
181
84
84
75
73
14
202
44
93
90
99
259
12
33
99
132
15
27
48
33
17
132
158
151
128
113
113
11
12
25
23
11
53
108
127
109
86
81
93
74
15
15
10
110
144
155
135
239
133
12
196
52
12
146
191
134
15
147
129
12
13
239
39
240
18
13
174
201
181
282
304
111
43
16
15
112
103
135
473
102
97
108
111
113
97
122
31
98
114
123
109
141
110
109
108
126
124
127
18
118
111
155
51
21
110
207
29
179
28
27
168
131
110
92
17
11
28
54
96
103
108
93
108
112
107
101
84
104
89
19
14
12
88
73
80
99
88
66
18
97
26
15
21
91
21
20
29
12
14
14
15
16
13
12
13
11
12
10
12
14
12
11
12
11
12
11
10
10
13
11
11
13
11
12
10
10
13
10
9
9
10
11
9
10
9
13
11
11
10
11
10
12
12
14
13
17
16
15
18
16
15
14
14
21
18
14
14
17
18
12
87
88
161
500
428
173
141
136
21
136
162
195
218
