22
14
21
13
25
25
18
11
10
31
27
24
14
32
10
24
20
41
20
15
9
23
12
17
17
14
12
9
22
10
26
18
24
20
14
10
12
10
17
16
28
14
15
12
22
13
10
14
21
26
14
37
15
20
37
27
37
40
22
18
19
32
14
11
16
20
18
22
9
25
9
18
27
17
15
13
11
33
36
65
10
14
69
67
35
32
17
67
98
61
25
47
11
17
47
45
38
65
31
229
23
38
51
46
41
175
101
65
44
91
90
50
21
74
10
12
23
23
10
15
13
100
72
45
25
43
120
259
31
65
163
331
18
69
96
142
59
178
246
499
15
25
10
91
15
102
25
128
44
51
44
140
11
61
294
175
17
39
354
12
27
15
18
13
20
27
38
47
124
170
272
133
19
190
491
46
38
127
55
276
79
153
119
109
128
122
77
198
71
42
169
390
328
249
90
109
380
205
132
42
207
141
114
111
97
142
12
141
94
198
393
290
170
26
9
499
366
460
499
56
50
72
254
377
86
365
414
11
28
84
274
119
103
161
123
29
29
306
171
186
185
137
12
14
18
101
278
396
155
180
175
147
96
65
134
122
151
121
220
90
178
275
279
234
227
340
228
276
165
259
279
145
12
179
158
181
179
25
292
499
37
33
14
13
312
125
136
144
152
114
90
107
89
17
13
46
46
65
66
115
144
327
272
499
89
52
226
239
483
31
454
57
28
125
499
499
499
247
158
13
155
148
100
156
371
125
88
91
103
157
44
85
54
130
110
126
136
114
136
132
499
139
184
30
99
127
190
202
128
9
174
224
185
133
117
14
11
133
136
16
142
139
165
147
137
144
170
207
163
34
218
201
211
142
173
236
157
281
157
158
402
496
321
280
221
160
169
161
167
160
210
103
183
14
207
165
186
164
167
135
127
140
198
136
117
116
14
164
160
160
151
150
155
21
19
20
13
17
15
20
16
20
23
22
24
26
70
185
300
241
285
173
160
155
129
161
171
185
166
161
195
291
199
158
181
143
129
158
174
167
144
14
201
163
178
233
249
220
175
179
183
182
166
167
145
203
140
145
146
131
139
126
173
148
112
96
112
143
85
499
153
139
172
158
132
128
163
316
200
406
11
10
247
140
167
133
119
154
125
168
139
150
166
184
160
127
123
11
137
32
148
499
114
104
115
129
130
113
9
135
138
121
105
105
118
134
115
11
195
258
114
120
9
435
131
144
127
186
141
229
199
181
147
133
157
151
150
180
285
214
149
14
306
219
499
499
499
115
111
118
110
100
107
108
122
128
113
105
139
105
36
15
14
15
77
165
122
135
135
140
319
121
134
130
129
259
115
113
185
139
151
153
205
499
401
278
211
191
158
424
46
358
212
160
174
202
252
183
204
231
29
22
483
170
231
97
404
174
199
138
178
243
247
209
58
12
69
228
181
265
185
125
132
231
228
202
231
225
129
147
211
132
104
277
240
210
26
30
13
132
195
189
290
127
85
77
74
47
112
254
186
192
211
109
79
106
86
78
26
90
136
77
116
139
201
110
209
200
137
173
188
187
235
181
11
304
296
219
11
16
133
150
142
168
195
205
199
91
142
396
195
124
92
116
85
10
381
198
189
180
13
69
79
244
195
171
226
180
227
204
192
180
309
110
121
108
98
98
112
227
202
256
215
287
350
231
24
13
138
23
10
11
14
19
23
164
160
120
100
101
83
81
105
314
128
166
132
145
142
115
107
138
133
143
148
155
101
93
152
160
112
104
104
122
147
96
12
102
123
126
107
106
132
200
11
170
133
113
224
185
147
136
275
262
188
394
115
12
11
11
52
28
38
65
147
437
337
240
172
148
144
150
185
188
174
163
192
224
121
154
144
288
326
167
131
156
183
226
13
172
136
143
122
124
110
127
126
155
219
435
238
305
58
168
70
103
17
12
10
52
12
65
43
499
499
97
152
112
104
78
93
90
75
83
84
104
140
139
133
148
143
136
196
204
176
148
164
134
122
103
94
99
93
88
94
90
10
25
10
202
128
62
45
34
40
31
46
49
118
55
56
62
58
66
123
54
60
63
141
247
171
175
190
156
157
120
106
103
102
91
36
19
10
10
15
15
90
104
96
90
91
90
92
93
95
20
89
95
92
94
89
94
98
20
95
105
95
91
108
94
94
94
93
93
39
153
169
187
247
228
224
217
168
145
142
124
113
114
110
111
154
149
140
171
107
103
99
114
101
113
47
76
93
103
104
101
103
98
103
114
109
107
104
92
99
38
106
100
108
178
