38
23
88
8
10
12
23
17
20
19
68
8
22
40
17
18
14
15
17
24
32
17
13
16
11
39
14
15
12
51
12
10
8
23
15
14
10
21
13
35
21
16
12
20
12
15
12
21
14
15
11
17
23
19
11
13
10
35
34
20
19
17
15
14
36
14
8
28
39
20
19
17
9
19
13
14
12
24
20
13
25
18
18
18
17
24
12
27
14
12
11
27
20
42
26
20
18
16
15
21
20
20
21
38
25
45
55
49
31
45
24
59
14
17
14
40
7
41
67
69
19
9
11
84
38
13
19
42
16
19
11
27
30
29
26
50
22
24
27
17
39
26
22
24
27
28
24
36
13
68
22
22
37
41
12
18
43
32
104
45
57
21
68
71
76
28
35
72
36
28
34
133
36
138
138
115
114
100
59
113
138
31
159
159
35
25
151
66
32
46
93
95
90
183
302
327
118
282
390
212
38
161
36
10
11
11
25
89
209
176
169
109
78
135
50
179
98
57
109
55
161
305
283
171
254
465
272
127
358
347
53
178
97
26
218
268
499
499
499
489
10
189
114
23
11
15
25
69
51
16
499
475
499
499
172
118
10
11
12
132
499
499
129
98
119
51
34
40
45
236
401
268
499
172
19
38
265
283
499
494
190
120
21
14
15
67
186
145
119
109
104
105
99
100
41
34
73
110
102
96
60
91
96
51
26
13
22
41
102
122
139
161
186
226
243
137
15
138
170
175
164
173
226
188
499
9
499
115
12
36
499
16
455
499
29
20
13
48
34
303
499
499
286
24
42
89
499
8
13
133
499
133
11
499
499
499
372
499
193
499
214
220
116
18
8
9
44
45
48
13
21
29
27
22
24
30
23
45
39
37
73
499
499
400
257
169
210
211
194
183
207
101
125
12
499
161
13
131
122
140
131
139
146
221
499
499
499
45
499
499
499
174
154
10
9
10
11
10
10
10
11
9
9
9
11
13
14
10
13
10
151
44
9
56
499
18
23
20
25
24
69
311
184
195
159
140
316
323
394
465
314
274
323
207
151
146
146
176
166
139
106
12
11
13
113
133
128
116
91
90
83
82
86
129
128
137
139
134
142
158
149
143
123
12
11
48
160
183
499
499
151
12
176
167
192
222
198
221
276
237
277
499
499
499
499
268
25
499
499
308
103
116
100
98
499
499
499
135
8
8
499
95
12
9
11
55
499
12
11
11
19
16
18
141
147
158
228
499
499
499
499
499
499
499
9
12
12
13
12
14
16
16
12
18
19
76
176
246
499
29
109
127
117
117
99
75
107
125
103
108
499
499
389
404
499
499
98
208
83
114
114
18
13
97
113
100
109
105
97
87
97
112
122
135
130
424
8
9
154
154
138
143
119
97
28
18
100
114
103
104
100
98
101
96
93
65
103
110
105
105
109
67
96
98
97
104
96
95
105
99
88
86
92
96
82
95
101
89
93
93
91
18
12
88
74
97
128
117
103
115
126
118
98
97
91
11
11
11
92
102
100
99
99
96
84
86
88
82
84
84
81
89
89
86
89
105
109
87
20
14
14
13
21
97
103
106
101
101
107
101
102
92
87
117
107
101
121
140
499
180
113
115
174
65
178
164
138
333
153
43
159
499
499
25
18
11
12
499
46
430
135
112
109
111
112
101
99
104
97
99
101
105
115
100
101
108
107
116
109
103
117
114
119
122
154
129
126
134
126
280
77
109
120
106
108
129
115
112
109
116
100
92
111
114
199
181
155
218
286
175
117
111
116
108
118
146
137
129
161
195
126
137
145
183
148
126
135
121
241
158
134
261
33
11
9
11
48
364
214
225
143
142
103
111
123
139
92
113
180
134
135
116
105
202
178
148
157
153
152
131
128
119
106
125
109
124
126
123
127
132
114
117
118
113
107
120
123
112
142
129
116
346
115
119
109
118
90
119
191
164
218
183
149
327
40
179
53
111
19
18
139
118
135
117
118
114
114
123
111
117
115
106
108
101
107
117
115
124
107
119
112
104
101
101
102
99
109
100
121
103
113
100
99
110
107
110
116
68
46
115
156
218
131
499
167
99
46
38
21
14
95
120
104
113
112
124
155
207
228
141
133
133
134
381
190
137
116
143
131
101
125
264
201
78
153
143
133
146
279
286
130
125
115
114
128
140
113
12
10
138
127
206
25
168
70
389
113
117
135
140
499
307
192
163
308
150
121
352
156
110
127
232
203
125
125
131
122
153
111
106
104
91
99
95
96
99
116
204
133
59
22
25
91
110
198
93
272
240
201
117
