27
16
15
19
26
27
24
9
14
13
25
20
28
17
19
15
27
9
13
16
16
40
23
11
23
11
20
16
10
13
25
11
17
20
27
29
19
15
17
33
17
13
12
14
11
29
29
36
12
27
34
20
18
19
11
24
33
25
20
12
15
23
12
16
29
13
26
16
21
17
39
12
22
23
51
17
33
64
28
38
90
116
13
22
16
46
31
16
21
47
24
67
26
13
48
35
45
42
17
49
60
33
88
55
10
16
43
59
17
15
22
17
83
48
35
86
180
46
32
56
80
48
32
34
60
119
79
31
12
199
105
170
63
94
171
137
158
82
99
17
21
17
18
32
17
26
30
23
81
52
28
26
27
42
52
36
38
70
35
36
62
60
20
15
63
71
124
167
41
50
120
25
102
27
81
128
39
46
133
118
81
111
149
131
266
216
41
60
50
196
192
171
155
198
47
14
12
10
16
70
114
136
160
135
151
34
122
182
133
182
143
232
115
126
18
151
130
15
67
221
74
12
173
97
19
417
208
172
143
31
366
359
37
12
11
237
80
250
252
209
141
14
22
17
26
18
33
23
76
308
261
215
143
143
263
195
162
169
14
167
277
354
298
181
34
20
175
141
130
350
500
40
45
25
36
315
322
162
181
195
220
119
27
479
165
15
63
251
393
363
327
423
141
139
133
138
144
125
119
114
16
14
16
15
115
139
115
123
132
135
180
206
212
248
17
166
132
12
12
10
226
15
105
95
114
26
157
133
140
147
125
165
168
133
162
140
175
21
150
156
128
108
160
155
222
214
202
229
116
114
133
134
118
177
175
108
133
120
119
130
17
43
112
153
184
253
194
213
284
226
251
288
238
253
190
12
55
195
155
146
133
130
14
14
18
22
20
17
20
150
340
139
164
160
133
119
127
129
132
12
202
150
135
133
138
119
115
150
187
250
150
130
123
142
124
122
118
124
111
117
117
147
140
162
145
153
148
140
238
185
175
147
159
131
122
128
128
129
124
124
124
125
127
125
132
135
157
16
12
14
16
14
17
15
146
188
196
241
218
332
411
272
262
164
151
129
133
139
158
153
155
129
130
130
126
115
120
115
14
146
154
165
154
153
196
70
156
15
82
303
184
183
260
334
193
215
290
215
198
174
18
17
14
12
17
14
20
27
26
51
111
133
122
107
113
113
108
120
107
100
98
87
109
124
118
139
173
370
216
178
142
123
189
188
133
14
130
136
125
93
103
110
128
208
160
126
161
157
130
132
106
92
85
102
124
134
124
11
42
28
79
29
48
27
10
50
108
143
129
27
12
154
31
278
224
222
154
139
136
127
117
112
110
98
500
27
20
55
10
12
500
500
500
154
18
190
290
245
267
134
153
247
294
16
51
316
105
162
195
98
98
95
96
99
102
95
101
23
14
104
113
100
110
118
109
129
122
111
108
70
55
85
162
137
125
118
119
125
111
107
11
71
143
229
172
205
178
136
153
156
156
136
136
120
127
113
106
103
104
100
98
97
95
15
103
14
17
11
18
20
64
131
138
127
115
98
108
108
114
122
115
119
117
122
113
121
129
117
109
96
72
84
124
116
136
104
156
175
150
125
122
116
120
111
109
109
105
102
98
101
95
95
13
12
12
14
13
12
12
12
17
15
16
12
14
54
256
181
262
178
208
191
186
119
187
257
232
159
462
176
188
173
287
109
145
136
194
140
147
182
132
120
130
196
227
209
108
26
85
124
123
147
168
135
154
306
141
129
284
273
391
460
313
223
229
217
190
245
274
14
12
152
184
58
41
78
256
115
119
132
135
106
97
78
34
101
164
500
500
17
16
21
19
17
16
15
13
13
16
14
18
12
14
17
14
12
18
17
15
13
18
14
16
14
17
15
17
18
14
18
20
20
18
18
23
20
27
22
24
25
28
26
24
23
19
19
20
18
17
22
19
20
17
18
18
17
19
20
17
18
20
26
21
23
18
23
21
21
18
22
22
20
18
18
25
24
20
16
22
18
23
18
23
29
24
21
21
29
21
31
26
16
20
21
22
24
25
9
30
29
34
63
114
66
107
102
131
124
107
115
107
124
114
131
127
116
113
116
121
137
141
133
151
145
137
156
173
148
155
207
178
170
172
238
163
212
213
209
347
196
21
11
9
71
258
185
212
262
263
267
360
239
205
169
148
162
172
382
319
282
273
281
188
241
180
164
101
127
161
16
13
112
158
136
159
168
140
142
176
195
206
281
202
179
182
155
158
146
148
165
142
112
12
10
10
232
260
144
141
148
