26
13
14
20
23
17
20
13
12
10
13
16
11
16
16
13
22
21
12
12
21
20
48
11
34
9
15
26
13
11
9
13
10
11
16
12
34
8
13
18
10
14
32
29
9
25
14
14
18
9
25
29
34
47
13
21
10
26
8
10
19
28
29
35
31
78
10
27
32
29
23
24
14
30
50
21
22
55
33
28
106
23
15
37
35
48
17
45
29
22
21
22
44
13
11
10
14
14
13
10
11
17
16
11
29
81
14
43
52
39
53
21
50
71
16
46
21
21
62
90
38
55
36
47
81
33
36
121
42
110
22
80
15
93
64
13
31
62
26
164
77
137
73
15
82
111
182
138
16
88
20
193
34
80
152
21
53
115
55
427
14
88
10
11
24
15
39
78
72
72
43
47
167
65
120
125
92
157
236
13
39
319
95
135
57
11
47
499
115
121
228
96
16
259
183
170
198
231
296
243
85
12
91
337
127
25
81
192
94
252
33
160
419
499
499
104
114
16
47
17
44
109
13
482
188
450
27
9
190
257
32
499
12
99
30
481
499
16
499
86
30
499
240
165
150
133
173
132
10
167
293
222
86
161
190
65
143
246
127
98
36
16
22
310
281
144
430
35
7
11
109
171
183
106
128
108
117
130
149
135
127
139
95
13
14
111
202
220
12
215
258
126
227
242
291
123
266
16
291
328
210
24
148
315
322
158
499
191
171
499
58
12
72
118
106
13
87
128
129
150
176
132
134
177
228
221
245
171
110
106
123
105
23
184
346
12
13
82
76
82
106
148
198
201
215
199
312
38
57
247
248
233
320
350
144
286
195
154
32
32
12
36
389
499
391
179
145
133
10
9
146
13
151
292
29
215
205
319
281
225
244
248
297
171
220
158
169
194
220
224
178
268
156
178
36
222
301
231
141
128
206
206
134
145
168
131
237
482
23
14
293
195
160
171
171
136
158
146
152
216
223
183
179
151
164
171
117
168
111
129
140
84
169
50
164
136
14
176
153
148
130
174
132
131
165
246
434
195
136
150
134
10
169
161
161
14
195
113
102
19
105
212
198
159
147
135
135
115
140
133
138
139
108
132
178
180
152
128
172
11
341
169
187
155
142
193
161
148
172
198
181
170
165
25
25
25
440
146
181
148
137
130
138
139
152
181
158
178
146
151
160
146
143
139
152
130
142
194
163
135
130
134
159
191
175
18
229
135
127
113
127
327
129
29
162
10
133
128
147
157
161
182
193
164
164
9
227
220
179
173
161
158
157
168
160
151
157
150
156
149
139
147
147
148
169
171
167
228
188
215
180
210
33
202
180
260
331
331
289
339
76
194
196
203
174
204
199
181
166
130
171
158
225
230
167
12
179
228
259
244
239
47
207
409
309
337
272
113
20
19
11
14
32
19
244
214
183
182
200
159
186
205
165
179
206
195
201
175
175
181
170
146
164
258
197
188
186
26
212
153
145
143
191
162
140
140
147
148
159
147
160
138
148
156
273
227
258
8
203
242
342
246
187
179
185
183
207
230
270
346
302
36
13
13
32
155
176
217
211
183
231
188
191
202
230
27
15
44
27
274
131
119
169
171
153
142
158
169
170
167
152
170
181
185
150
164
190
148
141
117
167
24
204
499
150
173
177
228
193
172
224
231
499
229
218
247
36
245
183
179
12
13
13
127
194
213
214
220
147
163
177
163
173
204
185
205
162
218
253
190
289
326
347
396
25
292
174
213
206
209
232
205
199
201
188
199
168
266
365
344
52
174
161
184
165
194
163
151
188
176
147
162
187
189
286
283
43
129
144
141
130
126
145
13
12
11
126
137
135
139
147
153
153
144
123
121
10
148
151
155
144
134
156
137
113
11
129
240
278
150
383
193
164
162
204
209
184
220
253
235
236
201
46
80
25
67
463
233
222
193
195
152
155
150
135
145
127
135
178
171
499
237
167
168
156
145
155
145
148
17
13
204
196
204
177
150
175
190
242
133
148
144
173
189
162
148
166
208
315
365
135
149
129
14
23
120
187
187
294
189
277
165
172
25
13
69
9
9
263
204
141
147
112
162
111
105
116
143
194
155
122
122
142
120
136
143
133
122
133
16
131
188
192
273
228
131
156
199
115
102
149
155
151
185
246
340
238
272
322
215
254
273
144
170
196
163
146
160
151
121
127
254
147
89
12
162
259
196
142
144
164
233
274
135
130
155
184
230
215
358
317
143
215
160
155
193
243
183
185
182
186
176
159
136
166
174
145
144
137
126
108
118
110
25
16
16
16
16
15
13
