33
21
24
22
34
16
43
19
15
26
18
17
19
14
40
26
19
11
19
13
10
22
20
25
21
9
28
19
12
40
46
32
27
12
15
14
10
18
19
40
22
14
35
12
25
24
21
10
15
30
17
12
17
25
16
9
23
15
17
51
13
25
19
15
35
10
35
9
18
10
14
30
11
11
29
22
11
23
13
14
21
33
14
15
12
11
17
11
11
10
16
19
21
11
10
19
29
26
11
11
38
12
11
12
20
9
14
13
17
14
11
11
14
22
12
15
18
12
17
11
14
15
10
12
16
9
19
12
13
8
21
11
14
18
12
12
10
12
34
10
17
17
20
17
12
10
15
13
12
19
11
16
11
9
13
12
13
11
16
10
11
11
13
12
14
8
10
17
14
21
13
21
16
11
15
8
12
10
10
20
11
19
10
10
10
15
14
10
10
10
11
10
13
9
17
10
11
8
17
14
11
9
12
13
10
11
10
12
11
12
11
8
13
13
14
9
12
15
14
17
11
10
13
26
16
14
11
10
9
9
12
8
12
12
13
10
9
9
9
10
13
22
10
11
11
17
11
10
11
10
9
10
11
10
10
8
9
13
9
10
10
10
17
13
10
16
8
15
8
9
10
10
11
8
9
9
11
10
11
10
10
11
12
12
12
11
12
10
8
11
10
10
15
8
13
14
10
11
11
11
13
9
11
13
9
9
11
9
13
13
16
9
10
8
9
12
9
8
10
12
9
12
11
9
10
9
9
11
11
13
8
9
11
11
12
10
9
11
11
11
9
10
10
8
8
10
16
10
9
10
8
10
9
10
11
10
9
10
11
11
8
10
10
14
10
10
11
12
10
11
8
10
11
9
10
11
10
10
11
9
9
13
10
8
10
11
10
10
9
9
9
8
11
12
10
11
12
9
10
8
10
9
10
10
9
10
11
10
10
8
9
9
10
9
11
10
10
9
9
11
9
12
10
9
10
10
10
11
9
9
8
10
8
11
8
10
10
9
10
10
11
9
10
9
10
9
10
10
14
9
10
9
9
9
9
8
10
12
10
9
12
11
9
9
9
9
9
10
10
9
11
10
10
10
8
11
9
9
9
9
13
11
9
9
10
9
10
10
9
9
9
10
12
9
10
8
10
8
12
9
10
8
8
9
10
11
10
10
10
10
10
9
10
8
11
8
9
9
10
10
11
10
10
11
8
10
10
8
11
9
9
10
9
10
9
9
8
9
9
11
9
9
9
8
12
14
10
11
9
9
8
9
10
9
11
9
8
10
9
12
10
9
9
10
10
8
9
9
10
10
9
9
10
13
10
10
10
11
10
10
9
11
9
10
9
10
14
10
9
8
10
8
10
9
10
9
10
9
9
11
9
9
9
11
9
12
11
10
9
10
10
10
10
11
10
9
9
10
10
9
9
9
9
9
9
10
8
8
9
10
10
8
8
11
10
8
10
9
10
10
10
10
11
9
9
11
10
9
8
8
10
10
11
9
10
9
9
10
10
9
10
8
11
10
10
9
9
10
8
10
9
10
9
10
10
10
12
10
10
10
8
9
9
9
10
8
9
10
9
9
9
10
10
9
11
10
9
9
10
10
9
10
9
8
9
9
9
9
10
8
9
8
9
9
10
10
10
9
9
9
9
8
10
10
10
9
10
13
9
9
9
10
8
8
8
10
10
10
9
8
11
10
9
11
12
9
9
9
10
10
10
9
10
8
10
9
10
9
10
11
10
9
10
9
10
10
10
10
10
10
9
8
9
11
9
10
10
8
10
8
9
10
10
10
10
9
9
9
9
10
10
8
9
9
9
9
9
9
9
8
9
8
10
10
9
12
9
9
9
10
10
8
9
10
10
10
10
10
10
8
10
9
9
9
9
10
9
10
10
10
10
8
8
10
10
11
10
9
10
10
9
10
8
9
9
9
11
10
9
10
10
9
10
9
10
10
10
9
10
9
9
10
8
10
10
10
10
9
10
10
10
9
9
9
9
11
8
9
9
9
10
9
9
9
10
10
10
9
10
9
9
10
10
8
9
10
11
10
9
10
10
8
10
10
10
10
9
11
10
9
9
9
11
10
10
10
10
10
11
10
8
8
11
9
10
10
9
10
9
10
10
8
8
11
9
10
9
8
10
10
10
10
8
9
9
9
10
9
8
8
10
10
10
9
8
9
9
9
9
8
10
10
10
9
10
9
9
10
8
9
9
8
8
9
10
9
9
9
9
9
9
10
9
10
10
10
9
9
10
8
10
11
10
10
9
9
9
10
10
9
