32
20
23
21
33
15
42
18
14
25
17
16
18
13
39
25
18
10
18
12
9
21
19
24
20
8
27
18
11
39
45
31
26
11
14
13
9
17
18
39
21
13
34
11
24
23
20
9
14
29
16
11
16
24
15
8
22
14
16
50
12
24
18
14
34
9
34
8
17
9
13
29
10
10
28
21
10
22
12
13
20
32
13
14
11
10
16
10
10
9
15
18
20
10
9
18
28
25
10
10
37
11
10
11
19
8
13
12
16
13
10
10
13
21
11
14
17
11
16
10
13
14
9
11
15
8
18
11
12
7
20
10
13
17
11
11
9
11
33
9
16
16
19
16
11
9
14
12
11
18
10
15
10
8
12
11
12
10
15
9
10
10
12
11
13
7
9
16
13
20
12
20
15
10
14
7
11
9
9
19
10
18
9
9
9
14
13
9
9
9
10
9
12
8
16
9
10
7
16
13
10
8
11
12
9
10
9
11
10
11
10
7
12
12
13
8
11
14
13
16
10
9
12
25
15
13
10
9
8
8
11
7
11
11
12
9
8
8
8
9
12
21
9
10
10
16
10
9
10
9
8
9
10
9
9
7
8
12
8
9
9
9
16
12
9
15
7
14
7
8
9
9
10
7
8
8
10
9
10
9
9
10
11
11
11
10
11
9
7
10
9
9
14
7
12
13
9
10
10
10
12
8
10
12
8
8
10
8
12
12
15
8
9
7
8
11
8
7
9
11
8
11
10
8
9
8
8
10
10
12
7
8
10
10
11
9
8
10
10
10
8
9
9
7
7
9
15
9
8
9
7
9
8
9
10
9
8
9
10
10
7
9
9
13
9
9
10
11
9
10
7
9
10
8
9
10
9
9
10
8
8
12
9
7
9
10
9
9
8
8
8
7
10
11
9
10
11
8
9
7
9
8
9
9
8
9
10
9
9
7
8
8
9
8
10
9
9
8
8
10
8
11
9
8
9
9
9
10
8
8
7
9
7
10
7
9
9
8
9
9
10
8
9
8
9
8
9
9
13
8
9
8
8
8
8
7
9
11
9
8
11
10
8
8
8
8
8
9
9
8
10
9
9
9
7
10
8
8
8
8
12
10
8
8
9
8
9
9
8
8
8
9
11
8
9
7
9
7
11
8
9
7
7
8
9
10
9
9
9
9
9
8
9
7
10
7
8
8
9
9
10
9
9
10
7
9
9
7
10
8
8
9
8
9
8
8
7
8
8
10
8
8
8
7
11
13
9
10
8
8
7
8
9
8
10
8
7
9
8
11
9
8
8
9
9
7
8
8
9
9
8
8
9
12
9
9
9
10
9
9
8
10
8
9
8
9
13
9
8
7
9
7
9
8
9
8
9
8
8
10
8
8
8
10
8
11
10
9
8
9
9
9
9
10
9
8
8
9
9
8
8
8
8
8
8
9
7
7
8
9
9
7
7
10
9
7
9
8
9
9
9
9
10
8
8
10
9
8
7
7
9
9
10
8
9
8
8
9
9
8
9
7
10
9
9
8
8
9
7
9
8
9
8
9
9
9
11
9
9
9
7
8
8
8
9
7
8
9
8
8
8
9
9
8
10
9
8
8
9
9
8
9
8
7
8
8
8
8
9
7
8
7
8
8
9
9
9
8
8
8
8
7
9
9
9
8
9
12
8
8
8
9
7
7
7
9
9
9
8
7
10
9
8
10
11
8
8
8
9
9
9
8
9
7
9
8
9
8
9
10
9
8
9
8
9
9
9
9
9
9
8
7
8
10
8
9
9
7
9
7
8
9
9
9
9
8
8
8
8
9
9
7
8
8
8
8
8
8
8
7
8
7
9
9
8
11
8
8
8
9
9
7
8
9
9
9
9
9
9
7
9
8
8
8
8
9
8
9
9
9
9
7
7
9
9
10
9
8
9
9
8
9
7
8
8
8
10
9
8
9
9
8
9
8
9
9
9
8
9
8
8
9
7
9
9
9
9
8
9
9
9
8
8
8
8
10
7
8
8
8
9
8
8
8
9
9
9
8
9
8
8
9
9
7
8
9
10
9
8
9
9
7
9
9
9
9
8
10
9
8
8
8
10
9
9
9
9
9
10
9
7
7
10
8
9
9
8
9
8
9
9
7
7
10
8
9
8
7
9
9
9
9
7
8
8
8
9
8
7
7
9
9
9
8
7
8
8
8
8
7
9
9
9
8
9
8
8
9
7
8
8
7
7
8
9
8
8
8
8
8
8
9
8
9
9
9
8
8
9
7
9
10
9
9
8
8
8
9
9
8
