200
200
200
200
200
200
200
200
200
200
200
200
200
200
200
200
200
200
200
200
200
200
200
200
200
200
200
200
200
200
200
200
200
200
200
200
200
200
200
200
200
200
200
200
200
200
200
200
200
200
200
200
200
200
200
200
200
200
200
200
200
200
200
200
200
200
200
200
200
200
200
200
200
200
200
200
200
200
200
200
200
200
200
200
200
200
200
200
200
200
200
200
200
200
200
200
200
200
200
200
200
200
200
200
200
200
200
200
200
200
200
200
200
200
200
200
200
200
200
200
200
200
200
200
200
200
200
200
200
200
200
200
200
200
200
200
200
200
200
200
200
200
200
200
200
200
200
200
200
200
200
200
200
200
200
200
200
200
200
200
200
200
200
200
200
200
200
200
200
200
200
200
200
200
200
200
200
200
200
200
200
200
200
200
200
200
200
200
200
200
200
200
200
200
200
200
200
200
200
200
200
200
200
200
200
200
200
200
200
200
200
200
200
200
200
200
200
200
200
200
200
200
200
200
200
200
200
200
200
200
200
200
200
200
200
200
200
200
200
200
200
200
200
200
200
200
200
200
200
200
200
200
200
200
200
200
200
200
200
200
200
200
200
200
200
200
200
200
200
200
200
200
200
200
200
200
200
200
200
200
200
200
200
200
200
200
200
200
200
200
200
200
200
200
200
200
200
200
200
200
200
200
200
200
200
200
200
200
200
200
200
200
200
200
200
200
200
200
200
200
200
200
200
200
200
200
200
200
200
200
200
200
200
200
200
200
200
200
200
200
200
200
200
200
200
200
200
200
200
200
200
200
200
200
200
200
200
200
200
200
200
200
200
200
200
200
200
200
200
200
200
200
200
200
200
200
200
200
200
200
200
200
200
200
200
200
200
200
200
200
200
200
200
200
200
200
200
200
200
200
200
200
200
200
200
200
200
200
200
200
200
200
200
200
200
200
200
200
200
200
200
200
200
200
200
200
200
200
200
200
200
200
200
200
200
200
200
200
200
200
200
200
200
200
200
200
200
200
200
200
200
200
200
200
200
200
200
200
200
200
200
200
200
200
200
200
200
200
200
200
200
200
200
200
200
200
200
200
200
200
200
200
200
200
200
200
200
200
200
200
200
200
200
200
200
200
200
200
200
200
151
200
200
167
200
200
200
147
200
200
200
200
200
200
200
200
200
200
200
200
200
200
200
200
200
200
200
200
200
200
200
200
200
200
200
200
200
200
200
200
200
200
135
200
200
200
200
200
200
200
200
200
159
200
200
200
200
200
200
200
200
200
157
200
200
200
200
200
122
172
200
200
146
200
120
200
133
194
149
200
175
200
200
200
151
148
181
200
200
200
132
144
200
139
200
173
135
142
156
150
200
189
200
144
156
165
168
149
149
147
145
127
159
140
144
146
114
161
144
176
142
107
135
200
153
132
147
142
141
151
128
148
140
139
161
143
145
148
140
136
142
143
138
159
142
140
130
140
138
144
138
145
142
132
100
130
154
151
169
144
150
177
148
200
200
165
160
200
162
200
134
163
200
140
200
179
150
157
146
200
190
153
176
108
200
192
159
145
200
160
145
131
104
85
126
93
130
135
139
109
160
200
154
143
161
88
104
88
149
163
113
88
164
141
152
158
91
161
140
140
154
103
169
138
142
88
157
147
144
90
159
188
97
175
154
152
88
155
171
151
156
140
129
164
136
187
173
89
153
141
155
123
84
148
135
132
150
140
152
144
144
144
134
158
157
139
135
146
132
162
188
200
200
200
159
140
134
90
138
131
154
151
171
92
200
200
138
145
89
112
170
140
167
172
91
171
145
110
154
173
112
127
104
144
176
148
158
143
144
109
179
88
185
164
149
158
139
147
133
111
165
92
85
111
153
156
136
150
144
117
112
122
141
158
115
142
150
88
114
139
142
105
145
200
108
116
164
162
164
104
139
104
91
161
120
161
88
97
96
160
106
100
153
109
147
90
124
106
148
95
104
139
104
92
153
146
105
174
152
98
184
158
162
136
89
152
90
135
162
135
158
162
157
163
142
105
133
192
171
118
108
104
147
200
200
160
185
164
135
200
137
139
131
162
156
168
177
162
131
154
86
181
131
149
172
200
139
200
155
147
101
100
110
175
138
145
89
110
166
92
109
145
107
136
200
118
139
159
105
93
137
99
104
137
163
106
140
136
122
176
144
146
114
109
106
143
137
144
156
140
154
94
150
109
143
146
168
143
141
150
136
108
158
167
136
135
200
107
162
89
149
182
107
157
118
154
132
137
162
153
