-199
-199
-199
-199
-199
-199
-199
-199
-199
-199
-199
-199
-199
-199
-199
-199
-199
-199
-199
-199
-199
-199
-199
-199
-199
-199
-199
-199
-199
-199
-199
-199
-199
-199
-199
-199
-199
-199
-199
-199
-199
-199
-199
-199
-199
-199
-199
-199
-199
-199
-199
-199
-199
-199
-199
-199
-199
-199
-199
-199
-199
-199
-199
-199
-199
-199
-199
-199
-199
-199
-199
-199
-199
-199
-199
-199
-199
-199
-199
-199
-199
-199
-199
-199
-199
-199
-199
-199
-199
-199
-199
-199
-199
-199
-199
-199
-199
-199
-199
-199
-199
-199
-199
-199
-199
-199
-199
-199
-199
-199
-199
-199
-199
-199
-199
-199
-199
-199
-199
-199
-199
-199
-199
-199
-199
-199
-199
-199
-199
-199
-199
-199
-199
-199
-199
-199
-199
-199
-199
-199
-199
-199
-199
-199
-199
-199
-199
-199
-199
-199
-199
-199
-199
-199
-199
-199
-199
-199
-199
-199
-199
-199
-199
-199
-199
-199
-199
-199
-199
-199
-199
-199
-199
-199
-199
-199
-199
-199
-199
-199
-199
-199
-199
-199
-199
-199
-199
-199
-199
-199
-199
-199
-199
-199
-199
-199
-199
-199
-199
-199
-199
-199
-199
-199
-199
-199
-199
-199
-199
-199
-199
-199
-199
-199
-199
-199
-199
-199
-199
-199
-199
-199
-199
-199
-199
-199
-199
-199
-199
-199
-177
-199
-199
-199
-199
-199
-199
-199
-199
-199
-199
-199
-199
-199
-199
-199
-199
-199
-199
-199
-199
-199
-199
-199
-199
-199
-199
-199
-199
-199
-199
-199
-199
-199
-199
-199
-199
-199
-199
-199
-199
-199
-199
-199
-199
-199
-199
-199
-199
-199
-199
-199
-199
-199
-199
-199
-199
-199
-199
-199
-199
-199
-199
-199
-199
-199
-199
-199
-199
-199
-199
-199
-199
-199
-199
-199
-199
-199
-199
-199
-199
-199
-199
-199
-199
-199
-199
-199
-199
-199
-199
-199
-199
-199
-199
-199
-199
-199
-199
-199
-199
-199
-199
-199
-199
-199
-199
-199
-199
-199
-199
-199
-199
-199
-199
-199
-199
-199
-199
-150
-199
-199
-199
-199
-199
-199
-199
-199
-199
-199
-199
-199
-199
-167
-199
-199
-199
-199
-188
-199
-199
-199
-199
-199
-199
-199
-199
-199
-199
-199
-199
-199
-199
-199
-163
-195
-199
-199
-199
-199
-184
-199
-199
-199
-199
-199
-199
-199
-199
-199
-199
-199
-199
-199
-199
-199
-155
-179
-150
-152
-199
-199
-160
-199
-148
-199
-110
-138
-129
-192
-144
-162
-172
-199
-165
-199
-164
-147
-164
-175
-170
-144
-197
-100
-105
-163
-166
-122
-154
-152
-129
-156
-160
-149
-158
-151
-165
-154
-93
-153
-154
-159
-146
-149
-189
-189
-94
-162
-156
-171
-142
-145
-151
-145
-148
-150
-93
-143
-155
-152
-157
-146
-152
-137
-149
-115
-143
-147
-141
-186
-199
-143
-144
-131
-139
-157
-161
-140
-131
-147
-152
-140
-146
-133
-144
-152
-141
-138
-158
-149
-157
-163
-152
-149
-166
-151
-155
-112
-184
-114
-110
-100
-122
-140
-144
-144
-118
-126
-111
-117
-112
-123
-152
-142
-118
-118
-117
-123
-122
-117
-121
-129
-176
-151
-125
-133
-119
-125
-149
-116
-145
-117
-111
-164
-172
-157
-163
-118
-149
-144
-148
-141
-147
-87
-169
-162
-152
-149
-163
-142
-155
-130
-153
-93
-145
-173
-145
-104
-88
-199
-159
-144
-93
-137
-109
-182
-163
-173
-96
-186
-143
-175
-145
-130
-160
-87
-158
-155
-136
-146
-146
-84
-148
-179
-93
-141
-114
-169
-88
-119
-150
-171
-96
-145
-106
-158
-152
-140
-175
-96
-154
-97
-159
-158
-126
-160
-89
-111
-162
-90
-162
-135
-149
-102
-159
-130
-160
-179
-199
-166
-157
-134
-199
-104
-199
-135
-142
-138
-199
-154
-198
-199
-199
-166
-153
-117
-94
-160
-131
-93
-127
-163
-199
-164
-98
-134
-135
-175
-157
-145
-151
-129
-135
-154
-147
-109
-151
-144
-153
-137
-138
-147
-136
-142
-146
-85
-136
-152
-130
-170
-178
-140
-158
-157
-134
-157
-159
-131
-139
-145
-158
-86
-99
-129
-147
-145
-145
-158
-157
-152
-142
-91
-149
-129
-140
-100
-96
-164
-155
-145
-148
-104
-153
-134
-170
-133
-152
-104
-148
-148
-158
-151
-149
-157
-199
-144
-122
-199
-98
-92
-149
-199
-152
-95
-151
-146
-101
-162
-133
-158
-156
-88
-150
-156
-142
-139
-94
-152
-199
-107
-143
-150
-125
-96
-149
-142
-142
-169
-145
-139
-157
-142
-150
-151
-157
-155
-100
-140
-137
-191
-142
-96
-139
-129
-165
-115
-137
-138
-186
-179
-93
-142
-154
-136
-145
-159
-187
-147
-159
-149
-84
-110
-83
-150
-155
-143
-105
-106
-139
-148
-137
-142
-144
-92
-142
-155
-150
-137
-138
-111
-97
-148
-109
-149
-164
-139
-155
-123
-148
-148
-145
-108
-84
-157
-91
-136
-141
-161
-103
-103
-112
-180
-140
-199
-120
-175
-199
-168
-123
-108
-144
-96
-158
-140
-95
-153
-133
-101
-164
-127
-141
-141
-85
-159
-106
-133
-160
-132
-98
-161
-157
-143
-121
-158
-140
-131
-142
-130
-83
-116
-138
-111
-95
-152
-144
-126
-137
-128
-126
-133
-118
-130
-107
-159
-84
-137
-148
-164
-149
-135
-135
-169
-166
-144
-89
-84
-131
-141
-130
-127
-111
-103
-158
-141
-123
-86
-141
-134
-139
-155
-89
-156
-122
-89
-150
-156
-199
-156
-86
-147
-88
-172
-150
-91
-96
-99
-185
-192
-179
-87
-142
-116
-145
-94
-156
-143
-171
-115
-153
-172
-167
-166
-115
-90
-95
-165
-149
-145
-158
-135
-131
-150
-151
-161
-147
-84
-146
-156
-136
-145
-138
-97
-131
-136
-137
-180
-88
-150
-119
-138
-131
-138
-139
-139
-161
-97
-91
-147
-87
-140
-181
-87
-94
-145
-169
-91
-147
-151
-143
-86
-144
-84
-84
-86
-152
-86
-144
-113
-86
-147
