200
200
200
200
200
200
200
200
200
200
200
200
200
200
200
200
200
200
200
200
200
200
200
200
200
200
200
200
200
200
200
200
200
200
200
200
200
200
200
200
200
200
200
200
200
200
200
200
200
200
200
200
200
200
200
200
200
200
200
200
200
200
200
200
200
200
200
200
200
200
200
200
200
200
200
200
200
200
200
200
200
200
200
200
200
200
200
200
200
200
200
200
200
200
200
200
200
200
200
200
200
200
200
200
200
200
200
200
200
200
200
200
200
200
200
200
200
200
200
200
200
200
200
200
200
200
200
200
200
200
200
200
200
200
200
200
200
200
200
200
200
200
200
200
200
200
200
200
200
200
200
200
200
200
200
200
200
200
200
200
190
200
200
200
200
200
200
200
200
200
200
200
200
200
200
200
200
200
200
200
200
200
200
200
200
175
175
123
192
200
200
200
161
197
183
180
166
158
162
187
155
156
167
200
154
161
200
194
157
186
200
200
158
167
172
168
200
200
200
200
200
200
200
200
200
200
200
176
200
200
200
200
200
200
200
187
200
200
200
200
200
200
200
200
200
200
200
200
200
200
200
200
200
200
200
171
200
153
200
200
200
200
179
170
200
189
180
167
200
200
160
200
152
200
187
170
171
200
161
168
200
183
170
183
170
151
129
124
125
122
155
200
197
200
188
200
200
200
200
200
200
166
199
200
172
200
168
200
200
129
200
200
200
200
200
171
200
125
200
200
163
200
200
200
166
200
118
200
164
157
200
200
200
159
193
200
158
200
172
172
95
119
154
153
198
148
200
161
199
166
119
121
173
117
200
143
118
148
149
193
166
115
196
118
161
160
190
161
109
158
200
156
151
164
185
191
154
200
164
113
153
146
152
121
163
150
128
147
145
112
156
151
200
200
133
194
200
169
175
156
183
156
200
182
191
200
200
200
200
200
184
200
200
163
188
168
124
190
167
200
200
198
200
113
193
200
194
200
124
124
200
200
200
162
168
184
173
176
114
158
114
137
127
159
116
117
194
144
124
154
164
120
114
119
118
121
117
120
173
124
118
116
118
171
117
115
125
120
111
163
168
115
162
112
128
88
128
149
116
129
161
132
95
111
125
169
120
120
128
116
142
89
123
121
114
200
142
133
138
200
138
153
131
200
200
148
138
120
200
200
169
165
166
200
200
111
166
197
200
194
100
89
191
174
173
142
136
163
157
136
158
91
168
142
89
147
171
156
141
128
152
179
163
91
149
145
142
130
144
84
176
151
157
164
148
147
141
152
174
105
150
164
200
145
122
151
145
104
143
154
168
154
177
200
146
152
149
156
171
135
144
124
153
148
142
146
169
144
118
200
130
122
156
162
200
157
157
139
148
158
166
171
150
140
166
147
123
200
198
200
200
153
148
151
85
118
200
137
158
175
169
172
150
198
150
151
123
146
138
155
94
118
114
165
178
141
142
150
135
116
110
89
109
150
200
101
125
132
183
145
151
165
90
140
90
113
104
91
117
163
128
156
147
137
167
151
162
191
144
145
165
123
121
154
197
175
182
145
127
160
120
145
200
150
116
150
200
170
115
200
200
170
200
200
200
167
200
160
164
129
175
118
145
117
164
147
151
149
118
145
143
136
150
156
160
179
171
137
142
156
167
156
139
142
171
98
145
178
179
140
120
115
136
161
165
158
99
148
153
140
143
89
188
159
148
147
156
166
138
141
162
171
151
144
162
103
150
162
131
166
138
93
150
160
94
185
117
143
167
98
150
137
164
148
96
149
133
135
156
153
162
114
164
96
200
166
185
200
196
160
200
151
195
145
100
162
200
161
177
200
195
200
164
162
157
167
111
141
91
200
200
115
103
91
146
200
200
159
138
136
144
87
86
152
133
109
135
96
200
153
136
91
142
176
109
200
147
170
121
200
188
152
110
163
91
83
132
155
93
169
85
175
129
123
118
151
165
173
94
140
86
115
151
112
163
171
99
130
172
124
200
121
170
170
125
148
89
154
150
147
114
167
138
135
154
152
164
128
152
138
93
95
88
105
112
154
95
163
165
84
97
132
129
157
87
169
150
150
85
164
89
154
93
131
104
154
163
166
200
128
155
96
162
144
167
88
112
157
112
99
152
90
115
172
112
157
109
128
167
151
148
97
165
148
136
158
174
146
113
100
169
146
168
111
107
111
200
111
171
158
128
167
157
169
155
123
141
119
123
112
200
116
114
152
86
112
112
115
113
132
150
93
125
120
116
89
158
147
127
126
114
126
167
160
151
120
118
97
89
116
