-199
-199
-199
-199
-199
-199
-199
-199
-199
-199
-199
-199
-199
-199
-199
-199
-199
-199
-199
-199
-199
-199
-199
-199
-199
-199
-199
-199
-199
-199
-199
-199
-199
-199
-199
-199
-199
-199
-199
-199
-199
-199
-199
-199
-199
-199
-199
-199
-199
-199
-199
-199
-199
-199
-199
-199
-199
-199
-199
-199
-199
-199
-199
-199
-199
-199
-199
-199
-199
-199
-199
-199
-199
-199
-199
-199
-199
-199
-199
-199
-199
-199
-199
-199
-199
-199
-199
-199
-199
-199
-199
-199
-199
-199
-199
-199
-199
-199
-199
-199
-199
-199
-199
-199
-199
-199
-199
-199
-199
-199
-199
-199
-199
-199
-199
-199
-199
-199
-199
-199
-199
-199
-199
-199
-199
-199
-199
-199
-199
-199
-199
-199
-199
-199
-199
-199
-199
-199
-199
-199
-199
-199
-199
-199
-199
-199
-199
-199
-199
-199
-199
-199
-199
-199
-199
-199
-199
-199
-199
-199
-199
-199
-199
-199
-199
-199
-199
-199
-199
-199
-199
-199
-199
-199
-199
-199
-199
-199
-199
-199
-199
-199
-199
-199
-199
-199
-199
-199
-199
-199
-199
-199
-199
-199
-199
-199
-199
-199
-199
-199
-199
-199
-199
-199
-199
-199
-199
-199
-199
-199
-199
-199
-199
-199
-199
-199
-199
-199
-199
-199
-197
-199
-199
-199
-199
-199
-199
-199
-199
-199
-199
-199
-199
-199
-199
-199
-199
-199
-199
-183
-199
-199
-199
-199
-199
-190
-199
-199
-199
-199
-199
-199
-199
-199
-178
-199
-170
-199
-199
-174
-163
-199
-199
-160
-157
-152
-169
-157
-199
-188
-180
-160
-170
-143
-159
-135
-123
-199
-168
-181
-149
-167
-143
-149
-162
-150
-156
-175
-167
-199
-199
-199
-199
-199
-170
-158
-151
-126
-199
-199
-199
-128
-185
-199
-170
-177
-171
-199
-153
-199
-124
-199
-164
-199
-198
-126
-199
-165
-120
-199
-121
-199
-199
-199
-128
-199
-199
-148
-158
-148
-199
-199
-164
-171
-154
-199
-139
-164
-160
-178
-158
-199
-161
-199
-199
-199
-199
-199
-199
-128
-199
-199
-183
-126
-199
-189
-165
-199
-199
-199
-159
-121
-199
-133
-172
-127
-199
-144
-172
-199
-155
-180
-161
-162
-199
-156
-147
-152
-156
-144
-155
-136
-155
-125
-159
-131
-162
-85
-154
-159
-142
-149
-138
-160
-184
-160
-150
-159
-156
-154
-161
-155
-125
-175
-155
-144
-199
-159
-117
-162
-146
-156
-199
-147
-138
-169
-199
-166
-145
-199
-199
-199
-199
-146
-162
-153
-125
-164
-117
-149
-155
-152
-199
-161
-150
-123
-154
-165
-145
-138
-153
-199
-146
-151
-149
-157
-113
-120
-151
-149
-141
-100
-149
-142
-153
-156
-148
-121
-166
-155
-119
-152
-94
-199
-157
-154
-199
-169
-199
-152
-112
-149
-143
-145
-199
-155
-199
-199
-161
-199
-168
-199
-199
-199
-199
-89
-199
-199
-199
-199
-193
-179
-199
-169
-168
-198
-105
-199
-159
-161
-199
-158
-157
-150
-170
-199
-199
-199
-199
-196
-199
-199
-145
-158
-151
-131
-139
-143
-156
-116
-158
-113
-95
-192
-199
-199
-177
-96
-187
-147
-100
-95
-156
-114
-92
-165
-118
-164
-109
-172
-139
-157
-110
-166
-155
-117
-148
-169
-163
-160
-105
-87
-153
-165
-148
-164
-152
-176
-96
-187
-115
-199
-186
-199
-199
-199
-113
-199
-178
-96
-116
-183
-154
-199
-199
-151
-159
-199
-147
-197
-153
-147
-199
-121
-85
-136
-158
-111
-150
-137
-156
-101
-134
-138
-165
-199
-166
-134
-162
-159
-149
-115
-148
-135
-148
-158
-124
-135
-156
-115
-188
-166
-199
-119
-195
-187
-109
-194
-165
-108
-95
-152
-158
-102
-136
-91
-158
-115
-95
-189
-187
-108
-184
-109
-199
-188
-109
-169
-160
-199
-88
-90
-177
-107
-193
-150
-120
-108
-164
-145
-172
-112
-122
-177
-145
-98
-166
-158
-112
-186
-87
-99
-97
-108
-107
-170
-168
-106
-85
-112
-105
-107
-110
-133
-107
-102
-110
-127
-115
-183
-115
-102
-189
-195
-105
-174
-163
-190
-169
-199
-171
-96
-125
-89
-192
-199
-163
-118
-181
-109
-110
-114
-89
-163
-144
-186
-105
-162
-123
-105
-86
-174
-111
-122
-106
-172
-107
-108
-106
-139
-145
-103
-101
-107
-97
-105
-120
-108
-168
-108
-115
-143
-113
-128
-110
-178
-199
-182
-86
-112
-174
-143
-176
-149
-147
-83
-142
-150
-137
-85
-145
-129
-161
-152
-108
-199
-151
-130
-111
-87
-113
-192
-152
-142
-178
-160
-86
-141
-153
-86
-132
-133
-161
-160
-109
-179
-162
-144
-136
-140
-111
-83
-171
-156
-101
-101
-161
-84
-156
-155
-186
-96
-121
-111
-151
-114
-142
-149
-149
-199
-107
-149
-120
-199
-159
-175
-165
-121
-167
-123
-164
-132
-199
-124
-126
-191
-185
-170
-199
-118
-199
-169
-141
-99
-168
-199
-112
-119
-168
-102
-94
-199
-116
-87
-161
-112
-156
-121
-149
-130
-90
-157
-96
-163
-164
-169
-179
-140
-112
-116
-141
-108
-148
-173
-126
-115
-163
-116
-144
-112
-109
-110
-112
-154
-114
-141
-158
-123
-149
-144
-110
-103
-117
-117
-194
-144
-152
-126
-143
-131
-199
-158
-128
-167
-166
-120
-161
-125
-159
-135
-176
-129
-159
-137
-130
-124
-178
-178
-130
-197
-140
-199
-170
-150
-197
-199
-195
-149
-199
-195
-131
-199
-151
-180
-128
-166
-88
-133
-93
-155
-199
-152
-163
-85
-96
-184
-171
-189
-144
-117
-89
-187
-130
-92
-107
-122
-127
-199
-125
-125
-129
-126
-125
-110
-116
-122
-125
-117
-115
-126
-112
-117
-99
-118
-127
-149
-164
-110
-118
-115
-174
-123
-150
-131
-162
-90
-113
-114
-153
-115
-109
-116
-191
-87
-85
-179
-122
-112
-89
-159
-157
-150
-89
-172
-102
-108
-156
-92
-199
-162
-95
-109
-155
-88
-158
-119
-90
-135
-106
-112
