-199
-199
-199
-199
-199
-199
-199
-199
-199
-199
-199
-199
-199
-199
-199
-199
-199
-199
-199
-199
-199
-199
-199
-199
-199
-199
-199
-199
-199
-199
-199
-199
-199
-199
-199
-199
-199
-199
-199
-199
-199
-199
-199
-199
-199
-199
-199
-199
-199
-199
-199
-199
-199
-199
-199
-199
-199
-199
-199
-199
-199
-199
-199
-199
-199
-199
-199
-199
-199
-199
-199
-199
-199
-199
-199
-199
-199
-199
-199
-199
-199
-199
-199
-199
-199
-199
-199
-199
-199
-199
-199
-199
-199
-199
-199
-199
-199
-199
-199
-199
-199
-199
-199
-199
-199
-199
-199
-199
-199
-199
-199
-199
-199
-199
-199
-199
-199
-199
-199
-199
-199
-199
-199
-199
-199
-199
-199
-199
-199
-199
-199
-199
-199
-199
-199
-199
-199
-199
-199
-199
-199
-199
-199
-199
-199
-199
-199
-199
-199
-199
-199
-199
-199
-199
-199
-199
-199
-199
-199
-199
-189
-199
-199
-199
-199
-199
-199
-199
-199
-199
-199
-199
-199
-199
-199
-199
-199
-199
-199
-199
-199
-199
-199
-199
-199
-174
-174
-122
-191
-199
-199
-199
-160
-196
-182
-179
-165
-157
-161
-186
-154
-155
-166
-199
-153
-160
-199
-193
-156
-185
-199
-199
-157
-166
-171
-167
-199
-199
-199
-199
-199
-199
-199
-199
-199
-199
-199
-175
-199
-199
-199
-199
-199
-199
-199
-186
-199
-199
-199
-199
-199
-199
-199
-199
-199
-199
-199
-199
-199
-199
-199
-199
-199
-199
-199
-170
-199
-152
-199
-199
-199
-199
-178
-169
-199
-188
-179
-166
-199
-199
-159
-199
-151
-199
-186
-169
-170
-199
-160
-167
-199
-182
-169
-182
-169
-150
-128
-123
-124
-121
-154
-199
-196
-199
-187
-199
-199
-199
-199
-199
-199
-165
-198
-199
-171
-199
-167
-199
-199
-128
-199
-199
-199
-199
-199
-170
-199
-124
-199
-199
-162
-199
-199
-199
-165
-199
-117
-199
-163
-156
-199
-199
-199
-158
-192
-199
-157
-199
-171
-171
-94
-118
-153
-152
-197
-147
-199
-160
-198
-165
-118
-120
-172
-116
-199
-142
-117
-147
-148
-192
-165
-114
-195
-117
-160
-159
-189
-160
-108
-157
-199
-155
-150
-163
-184
-190
-153
-199
-163
-112
-152
-145
-151
-120
-162
-149
-127
-146
-144
-111
-155
-150
-199
-199
-132
-193
-199
-168
-174
-155
-182
-155
-199
-181
-190
-199
-199
-199
-199
-199
-183
-199
-199
-162
-187
-167
-123
-189
-166
-199
-199
-197
-199
-112
-192
-199
-193
-199
-123
-123
-199
-199
-199
-161
-167
-183
-172
-175
-113
-157
-113
-136
-126
-158
-115
-116
-193
-143
-123
-153
-163
-119
-113
-118
-117
-120
-116
-119
-172
-123
-117
-115
-117
-170
-116
-114
-124
-119
-110
-162
-167
-114
-161
-111
-127
-87
-127
-148
-115
-128
-160
-131
-94
-110
-124
-168
-119
-119
-127
-115
-141
-88
-122
-120
-113
-199
-141
-132
-137
-199
-137
-152
-130
-199
-199
-147
-137
-119
-199
-199
-168
-164
-165
-199
-199
-110
-165
-196
-199
-193
-99
-88
-190
-173
-172
-141
-135
-162
-156
-135
-157
-90
-167
-141
-88
-146
-170
-155
-140
-127
-151
-178
-162
-90
-148
-144
-141
-129
-143
-83
-175
-150
-156
-163
-147
-146
-140
-151
-173
-104
-149
-163
-199
-144
-121
-150
-144
-103
-142
-153
-167
-153
-176
-199
-145
-151
-148
-155
-170
-134
-143
-123
-152
-147
-141
-145
-168
-143
-117
-199
-129
-121
-155
-161
-199
-156
-156
-138
-147
-157
-165
-170
-149
-139
-165
-146
-122
-199
-197
-199
-199
-152
-147
-150
-84
-117
-199
-136
-157
-174
-168
-171
-149
-197
-149
-150
-122
-145
-137
-154
-93
-117
-113
-164
-177
-140
-141
-149
-134
-115
-109
-88
-108
-149
-199
-100
-124
-131
-182
-144
-150
-164
-89
-139
-89
-112
-103
-90
-116
-162
-127
-155
-146
-136
-166
-150
-161
-190
-143
-144
-164
-122
-120
-153
-196
-174
-181
-144
-126
-159
-119
-144
-199
-149
-115
-149
-199
-169
-114
-199
-199
-169
-199
-199
-199
-166
-199
-159
-163
-128
-174
-117
-144
-116
-163
-146
-150
-148
-117
-144
-142
-135
-149
-155
-159
-178
-170
-136
-141
-155
-166
-155
-138
-141
-170
-97
-144
-177
-178
-139
-119
-114
-135
-160
-164
-157
-98
-147
-152
-139
-142
-88
-187
-158
-147
-146
-155
-165
-137
-140
-161
-170
-150
-143
-161
-102
-149
-161
-130
-165
-137
-92
-149
-159
-93
-184
-116
-142
-166
-97
-149
-136
-163
-147
-95
-148
-132
-134
-155
-152
-161
-113
-163
-95
-199
-165
-184
-199
-195
-159
-199
-150
-194
-144
-99
-161
-199
-160
-176
-199
-194
-199
-163
-161
-156
-166
-110
-140
-90
-199
-199
-114
-102
-90
-145
-199
-199
-158
-137
-135
-143
-86
-85
-151
-132
-108
-134
-95
-199
-152
-135
-90
-141
-175
-108
-199
-146
-169
-120
-199
-187
-151
-109
-162
-90
-82
-131
-154
-92
-168
-84
-174
-128
-122
-117
-150
-164
-172
-93
-139
-85
-114
-150
-111
-162
-170
-98
-129
-171
-123
-199
-120
-169
-169
-124
-147
-88
-153
-149
-146
-113
-166
-137
-134
-153
-151
-163
-127
-151
-137
-92
-94
-87
-104
-111
-153
-94
-162
-164
-83
-96
-131
-128
-156
-86
-168
-149
-149
-84
-163
-88
-153
-92
-130
-103
-153
-162
-165
-199
-127
-154
-95
-161
-143
-166
-87
-111
-156
-111
-98
-151
-89
-114
-171
-111
-156
-108
-127
-166
-150
-147
-96
-164
-147
-135
-157
-173
-145
-112
-99
-168
-145
-167
-110
-106
-110
-199
-110
-170
-157
-127
-166
-156
-168
-154
-122
-140
-118
-122
-111
-199
-115
-113
-151
-85
-111
-111
-114
-112
-131
-149
-92
-124
-119
-115
-88
-157
-146
-126
-125
-113
-125
-166
-159
-150
-119
-117
-96
-88
-115
