200
200
200
200
200
200
200
200
200
200
200
200
200
200
200
200
200
200
200
200
200
200
200
200
200
200
200
200
200
200
200
200
200
200
200
200
200
200
200
200
200
200
200
200
200
200
200
200
200
200
200
200
200
200
200
200
200
200
200
200
200
200
200
200
200
200
200
200
200
200
200
200
200
200
200
200
200
200
200
200
200
200
200
200
200
200
200
200
200
200
200
200
200
200
200
200
200
200
200
200
200
200
200
200
200
200
200
200
200
200
200
200
200
200
200
200
200
200
200
200
200
200
200
200
200
200
200
200
200
200
200
200
200
200
200
200
200
200
200
200
200
200
200
200
200
200
200
200
200
200
200
200
200
200
200
200
200
200
200
200
200
200
200
200
200
200
200
200
200
200
200
200
200
200
200
200
200
200
200
200
200
200
200
200
200
200
200
200
200
200
200
200
200
200
200
200
200
200
200
200
200
200
200
200
200
200
200
200
200
200
200
200
200
200
200
200
200
200
200
200
200
200
200
200
200
200
200
200
200
200
200
200
200
200
200
200
200
200
200
200
200
200
200
200
200
200
200
200
200
200
200
200
200
200
200
200
200
200
200
200
200
200
200
200
200
200
200
200
200
200
200
200
200
200
200
200
200
200
200
200
200
200
200
200
200
200
200
200
200
200
200
200
200
200
200
200
200
200
200
200
200
200
200
200
200
200
200
200
200
200
200
200
200
200
200
200
200
200
200
200
200
200
200
200
200
200
200
200
200
200
200
200
200
200
200
200
200
200
200
200
200
200
200
200
200
200
200
200
200
200
200
200
200
200
200
200
200
200
200
200
200
200
200
200
200
200
200
200
200
200
200
200
200
200
200
200
200
200
200
200
200
200
200
200
200
200
200
200
200
200
200
200
200
168
200
179
200
200
200
200
200
200
188
200
200
200
133
165
200
200
155
153
137
158
174
126
163
131
124
94
156
148
98
177
168
171
161
154
159
109
135
200
200
200
178
148
162
165
200
200
200
200
200
200
200
200
200
200
200
200
200
193
200
97
200
167
161
110
153
148
112
153
143
109
114
185
120
155
133
157
148
140
121
126
144
167
166
185
114
115
176
146
88
112
111
137
123
160
109
139
147
139
138
115
154
130
187
137
200
170
117
200
119
117
165
119
162
188
155
153
200
111
150
115
164
131
159
155
200
165
137
149
137
200
116
154
119
200
126
178
150
200
200
157
200
178
164
200
91
200
200
200
200
200
200
200
200
200
200
142
161
196
200
169
200
200
200
192
161
134
154
120
135
152
165
141
175
150
101
94
106
169
131
154
149
132
159
158
148
106
165
158
154
174
200
158
122
161
106
180
163
113
158
133
165
127
153
102
112
157
163
154
164
159
200
147
173
160
200
123
114
159
200
200
161
174
191
200
155
200
200
164
200
200
173
112
200
200
200
165
185
200
200
200
178
200
200
136
200
200
97
200
150
155
200
181
149
151
161
170
151
200
93
170
186
194
200
166
121
177
154
112
155
151
153
152
93
141
91
142
144
155
156
165
177
167
169
161
156
87
154
164
161
162
165
89
121
163
146
150
158
157
149
85
127
146
157
155
163
86
143
91
106
169
167
200
200
190
171
168
200
157
174
200
109
153
169
154
110
147
200
144
200
106
143
200
86
125
151
200
161
149
173
170
157
94
115
173
99
106
127
93
127
128
195
173
153
142
146
108
108
113
169
153
154
113
138
88
116
151
101
130
126
86
131
107
142
161
114
192
96
103
106
149
171
200
141
121
159
130
114
114
110
179
120
107
87
135
134
172
106
200
105
134
148
133
104
99
128
137
106
88
160
154
162
116
115
111
156
148
109
153
139
165
184
138
99
137
109
107
126
115
122
200
118
118
143
128
158
133
150
144
131
105
200
158
141
93
135
99
200
139
112
112
110
168
171
113
168
132
100
120
196
149
108
154
200
107
120
175
123
139
104
162
132
136
109
197
155
151
141
114
127
200
102
97
172
89
89
146
122
175
167
184
135
89
104
151
108
109
150
133
176
103
167
113
106
102
138
118
170
98
191
176
115
112
99
135
148
105
106
200
108
98
127
190
172
110
142
96
151
104
178
106
171
86
90
108
105
107
108
106
127
142
176
92
110
158
117
106
200
109
89
141
108
105
108
185
140
110
107
100
101
157
142
141
200
146
200
118
129
134
106
158
114
200
183
146
159
158
112
172
200
126
108
137
112
147
121
150
120
93
157
87
146
85
200
120
109
150
188
109
98
174
200
191
163
134
119
117
