-199
-199
-199
-199
-199
-199
-199
-199
-199
-199
-199
-199
-199
-199
-199
-199
-199
-199
-199
-199
-199
-199
-199
-199
-199
-199
-199
-199
-199
-199
-199
-199
-199
-199
-199
-199
-199
-199
-199
-199
-199
-199
-199
-199
-199
-199
-199
-199
-199
-199
-199
-199
-199
-199
-199
-199
-199
-199
-199
-199
-199
-199
-199
-199
-199
-199
-199
-199
-199
-199
-199
-199
-199
-199
-199
-199
-199
-199
-199
-199
-199
-199
-199
-199
-199
-199
-199
-199
-199
-199
-199
-199
-199
-199
-199
-199
-199
-199
-199
-199
-199
-199
-199
-199
-199
-199
-199
-199
-199
-199
-199
-199
-199
-199
-199
-199
-199
-199
-199
-199
-199
-199
-199
-199
-199
-199
-199
-199
-199
-199
-199
-199
-199
-199
-199
-199
-199
-199
-199
-199
-199
-199
-199
-199
-199
-199
-199
-199
-199
-199
-199
-199
-199
-199
-199
-199
-199
-199
-199
-199
-199
-199
-199
-199
-199
-199
-199
-199
-199
-199
-199
-199
-199
-199
-199
-199
-199
-199
-199
-199
-199
-199
-199
-199
-199
-199
-199
-199
-199
-199
-199
-199
-199
-199
-199
-199
-199
-199
-199
-199
-199
-199
-199
-199
-199
-199
-199
-199
-199
-199
-199
-199
-199
-199
-199
-199
-199
-199
-199
-199
-199
-199
-199
-199
-199
-199
-199
-199
-199
-199
-199
-199
-199
-199
-199
-199
-199
-199
-199
-199
-199
-199
-199
-199
-199
-199
-199
-199
-199
-199
-199
-199
-199
-199
-199
-199
-199
-199
-199
-199
-199
-199
-199
-199
-199
-199
-199
-199
-199
-199
-199
-199
-199
-199
-199
-199
-199
-199
-199
-199
-199
-199
-199
-199
-199
-199
-199
-199
-199
-199
-199
-199
-199
-199
-199
-199
-199
-199
-199
-199
-199
-199
-199
-199
-199
-199
-199
-199
-199
-199
-199
-199
-199
-199
-199
-199
-199
-199
-199
-199
-199
-199
-199
-199
-199
-199
-199
-199
-199
-199
-199
-199
-199
-199
-199
-199
-199
-199
-199
-199
-199
-199
-199
-199
-199
-199
-199
-199
-199
-199
-199
-199
-199
-199
-199
-199
-199
-199
-199
-199
-199
-199
-199
-199
-199
-199
-199
-199
-199
-155
-199
-199
-199
-199
-199
-199
-199
-199
-199
-199
-199
-199
-199
-199
-199
-199
-199
-199
-199
-199
-199
-199
-199
-199
-199
-199
-199
-199
-199
-199
-199
-199
-199
-199
-199
-199
-199
-199
-199
-199
-199
-199
-199
-199
-199
-199
-199
-199
-199
-199
-199
-199
-199
-199
-199
-199
-199
-199
-199
-199
-199
-199
-199
-199
-199
-199
-160
-137
-156
-199
-199
-199
-175
-199
-158
-199
-199
-185
-199
-199
-199
-199
-191
-199
-199
-199
-134
-199
-199
-199
-199
-199
-199
-199
-199
-199
-199
-199
-199
-166
-122
-199
-199
-199
-199
-138
-199
-199
-128
-199
-199
-199
-154
-199
-191
-118
-166
-130
-120
-155
-199
-117
-193
-151
-138
-171
-131
-168
-96
-136
-128
-147
-112
-87
-161
-170
-173
-171
-199
-141
-98
-108
-94
-111
-176
-187
-172
-144
-138
-179
-116
-147
-155
-152
-133
-135
-177
-182
-148
-170
-144
-149
-160
-143
-152
-150
-94
-147
-149
-138
-142
-152
-140
-127
-148
-137
-145
-149
-95
-146
-160
-199
-142
-171
-199
-199
-199
-171
-156
-199
-147
-141
-153
-150
-139
-199
-199
-157
-153
-156
-199
-149
-159
-199
-158
-146
-138
-148
-146
-164
-150
-153
-111
-144
-162
-117
-199
-148
-163
-169
-159
-145
-154
-171
-135
-119
-144
-116
-88
-152
-151
-120
-154
-199
-150
-120
-104
-158
-149
-161
-111
-153
-199
-155
-136
-139
-144
-135
-141
-105
-131
-148
-122
-177
-171
-160
-178
-105
-133
-190
-88
-156
-150
-133
-135
-138
-104
-87
-135
-149
-163
-154
-125
-92
-136
-162
-158
-174
-146
-143
-159
-154
-150
-139
-131
-131
-125
-123
-86
-103
-108
-178
-159
-141
-162
-124
-155
-92
-88
-111
-138
-133
-199
-154
-131
-116
-139
-146
-130
-148
-103
-149
-169
-138
-88
-86
-96
-103
-155
-151
-199
-162
-162
-88
-134
-109
-199
-137
-187
-174
-148
-92
-114
-85
-94
-111
-131
-129
-100
-150
-90
-162
-134
-147
-155
-140
-136
-146
-138
-148
-88
-196
-85
-156
-98
-138
-112
-199
-142
-129
-174
-149
-145
-168
-154
-140
-160
-146
-88
-131
-91
-91
-104
-100
-89
-145
-92
-180
-98
-99
-131
-83
-143
-184
-140
-134
-141
-86
-95
-142
-144
-136
-148
-146
-167
-163
-92
-139
-148
-178
-145
-136
-137
-87
-105
-148
-150
-155
-149
-87
-86
-163
-94
-141
-90
-139
-144
-139
-86
-83
-144
-142
-147
-90
-85
-92
-131
-96
-152
-92
-139
-120
-102
-99
-90
-89
-152
-121
-147
-156
-152
-154
-165
-138
-85
-91
-152
-153
-88
-90
-157
-103
-155
-156
-85
-159
-160
-87
-93
-144
-162
-95
-87
-196
-172
-149
-154
-143
-147
-103
-142
-93
-144
-85
-145
-155
-104
-184
-93
-84
-88
-199
-83
-146
-88
-149
-145
-86
-84
-98
-98
-157
-141
-151
-144
-172
-86
-148
-199
-108
-147
-140
-141
-141
-142
-144
-138
-86
-87
-139
-90
-140
-89
-149
-141
-133
-148
-137
-183
-199
-199
-199
-181
-199
-197
-172
-154
-149
-113
-88
-123
-160
-124
-119
-100
-114
-86
-109
-152
-156
-179
-114
-111
-95
-117
-123
-119
-111
-110
-96
-107
-170
-113
-109
-119
-115
-108
-158
-110
-105
-113
-199
-170
-110
-87
-101
-109
-111
-111
-155
-116
-98
-92
-152
-169
-158
-111
-186
-83
-98
-85
-109
-90
-109
-107
-157
-111
-92
-107
-138
-114
-167
-101
-171
-108
-92
-110
-190
-86
-110
-181
-139
-92
-114
-158
-145
-117
-162
-106
-114
-94
-155
-199
-86
-101
-94
-150
-150
-153
-158
-155
-119
-139
-112
-127
-123
-138
-126
-109
-124
