200
200
200
200
200
200
200
200
200
200
200
200
200
200
200
200
200
200
200
200
200
200
200
200
200
200
200
200
200
200
200
200
200
200
200
200
200
200
200
200
200
200
200
200
200
200
200
200
200
200
200
200
200
200
200
200
200
200
200
200
200
200
200
200
200
200
200
200
200
200
200
200
200
200
200
200
200
200
200
200
200
200
200
200
200
200
200
200
200
200
200
200
200
200
200
200
200
200
200
200
200
200
200
200
200
200
200
200
200
200
200
200
200
200
200
200
200
200
200
200
200
200
200
200
200
200
200
200
200
200
200
200
200
200
200
200
200
200
200
200
200
200
200
200
200
200
200
200
200
200
200
200
200
200
200
200
200
200
200
200
200
200
200
200
200
200
200
200
200
200
200
200
200
200
200
200
200
200
200
200
200
200
200
200
200
200
200
200
200
200
200
200
200
200
200
200
200
200
200
200
200
200
200
200
200
200
200
200
200
200
200
200
200
200
200
200
200
200
200
200
200
200
200
200
200
184
200
200
200
200
200
200
200
200
200
200
200
200
200
200
200
200
200
200
200
200
200
200
200
200
200
200
200
200
200
200
200
200
200
200
200
200
200
200
200
200
200
200
200
200
200
200
200
200
200
200
200
200
200
200
200
200
200
200
200
200
200
200
200
200
200
200
200
200
200
200
200
200
200
200
200
200
200
200
200
200
200
200
200
200
200
200
200
200
200
200
200
200
200
200
200
200
200
200
200
200
200
200
200
200
200
200
200
200
200
200
200
200
200
200
200
200
165
200
200
200
200
200
180
200
200
200
200
165
200
200
170
200
200
200
200
159
200
200
200
200
200
200
200
200
200
200
170
200
200
200
200
200
200
200
169
200
200
200
200
200
200
200
200
200
191
200
200
200
200
189
200
200
148
200
200
200
200
200
200
200
200
200
200
200
200
200
200
200
200
200
200
200
200
200
200
200
200
200
200
200
200
158
200
200
200
200
200
200
200
155
200
200
200
150
200
200
200
193
200
200
200
200
200
200
200
200
129
200
200
132
200
128
190
200
168
200
200
171
200
200
200
195
200
115
200
200
200
200
200
200
200
200
200
200
198
200
200
111
200
178
200
200
200
200
200
200
200
131
182
200
131
125
200
200
179
161
161
200
200
133
133
163
200
118
119
114
112
199
154
200
172
131
164
164
139
153
188
146
130
145
164
117
163
163
138
200
153
143
116
98
159
188
126
138
169
148
144
148
141
99
165
137
165
133
199
147
173
200
157
159
182
162
156
163
101
147
88
200
170
166
185
90
164
176
112
151
98
188
130
146
132
156
155
150
155
154
153
149
158
146
160
89
96
119
109
128
147
145
176
143
140
132
130
127
150
86
162
167
150
144
139
152
142
145
146
128
142
164
174
133
141
141
140
161
142
136
150
143
134
149
141
162
142
141
152
149
145
91
149
200
150
134
137
150
116
141
135
140
143
136
136
150
172
116
148
181
200
121
185
181
180
200
179
88
200
181
179
162
174
97
200
153
93
141
169
170
115
176
155
200
167
143
200
174
149
159
160
142
90
200
200
113
191
141
118
154
138
132
89
123
128
159
136
159
100
115
113
152
153
85
143
199
155
175
174
94
108
115
136
153
130
130
128
87
119
118
97
143
84
149
130
142
108
89
130
113
132
141
127
140
150
154
139
161
97
153
176
107
151
152
112
112
84
163
84
158
158
127
92
136
146
126
114
111
156
146
142
126
151
84
133
96
93
107
114
121
137
147
145
126
90
156
164
143
139
104
148
112
123
151
166
165
165
93
159
138
88
86
139
97
195
162
134
112
112
143
115
91
159
116
140
109
131
111
113
90
94
200
158
127
87
179
116
87
148
155
87
144
158
103
105
165
112
138
145
137
91
121
88
143
149
121
106
109
105
97
120
112
105
91
110
111
149
138
126
109
112
156
94
108
104
86
145
88
88
155
111
144
107
93
95
109
149
160
85
152
93
112
83
147
143
87
141
142
140
112
159
85
146
108
108
145
86
143
160
136
159
89
144
99
170
115
133
118
128
139
133
109
99
102
99
88
187
107
88
140
127
137
101
133
94
107
179
149
139
132
87
106
109
124
200
160
150
116
106
92
112
112
96
158
110
114
144
89
148
93
90
138
151
108
106
146
89
150
147
147
88
130
123
111
108
117
114
151
115
112
93
88
89
150
124
139
116
126
122
139
125
149
104
85
98
129
98
86
163
91
149
118
119
118
93
106
84
151
109
110
106
158
156
117
115
85
142
122
