-199
-199
-199
-199
-199
-199
-199
-199
-199
-199
-199
-199
-199
-199
-199
-199
-199
-199
-199
-199
-199
-199
-199
-199
-199
-199
-199
-199
-199
-199
-199
-199
-199
-199
-199
-199
-199
-199
-199
-199
-199
-199
-199
-199
-199
-199
-199
-199
-199
-199
-199
-199
-199
-199
-199
-199
-199
-199
-199
-199
-199
-199
-199
-199
-199
-199
-199
-199
-199
-199
-199
-199
-199
-199
-199
-199
-199
-199
-199
-199
-199
-199
-199
-199
-199
-199
-199
-199
-199
-199
-199
-199
-199
-199
-199
-199
-199
-199
-199
-199
-199
-199
-199
-199
-199
-199
-199
-199
-199
-199
-199
-199
-199
-199
-199
-199
-199
-199
-199
-199
-199
-199
-199
-199
-199
-199
-199
-199
-199
-199
-199
-199
-199
-199
-199
-199
-199
-199
-199
-199
-199
-199
-199
-199
-199
-199
-199
-199
-199
-199
-199
-199
-199
-199
-199
-199
-199
-199
-199
-199
-199
-199
-199
-199
-199
-199
-199
-199
-199
-199
-199
-199
-199
-199
-199
-199
-199
-199
-199
-199
-199
-199
-199
-199
-199
-199
-199
-199
-199
-199
-199
-199
-199
-199
-199
-199
-199
-199
-199
-199
-199
-199
-199
-199
-199
-199
-199
-199
-199
-199
-199
-199
-199
-199
-199
-199
-199
-199
-199
-199
-199
-199
-199
-199
-199
-199
-199
-199
-199
-199
-199
-199
-199
-199
-199
-199
-199
-199
-199
-199
-199
-199
-199
-199
-164
-199
-199
-199
-199
-199
-199
-199
-199
-199
-199
-199
-199
-199
-199
-199
-199
-199
-199
-199
-199
-199
-199
-199
-199
-199
-199
-199
-199
-199
-199
-199
-199
-199
-199
-199
-199
-199
-199
-199
-199
-199
-199
-199
-199
-199
-199
-199
-199
-199
-199
-199
-199
-199
-199
-199
-170
-199
-199
-199
-199
-199
-199
-199
-199
-199
-199
-199
-199
-199
-199
-199
-199
-199
-199
-199
-199
-199
-199
-199
-199
-199
-199
-199
-199
-199
-199
-199
-199
-199
-199
-180
-199
-199
-199
-199
-199
-199
-199
-199
-199
-199
-199
-199
-199
-199
-199
-199
-199
-199
-199
-199
-199
-199
-199
-199
-199
-199
-199
-199
-199
-199
-199
-199
-199
-199
-199
-199
-199
-199
-199
-199
-199
-163
-141
-199
-199
-199
-199
-199
-199
-185
-199
-199
-199
-199
-172
-199
-199
-155
-199
-199
-199
-199
-199
-199
-199
-199
-199
-199
-131
-181
-199
-199
-199
-199
-199
-199
-199
-199
-199
-183
-199
-199
-199
-191
-189
-199
-199
-199
-199
-199
-199
-193
-120
-194
-170
-199
-163
-182
-150
-139
-199
-199
-187
-166
-154
-164
-199
-191
-137
-199
-128
-152
-199
-171
-199
-153
-183
-155
-152
-176
-108
-148
-188
-167
-165
-149
-104
-169
-168
-167
-144
-165
-169
-156
-106
-96
-163
-150
-91
-155
-160
-107
-199
-199
-129
-161
-99
-190
-148
-199
-199
-165
-166
-160
-152
-199
-134
-154
-122
-147
-197
-88
-155
-199
-194
-152
-194
-108
-138
-199
-165
-151
-147
-118
-187
-199
-158
-185
-187
-163
-160
-175
-161
-150
-116
-114
-142
-199
-114
-145
-113
-117
-148
-148
-199
-164
-88
-191
-153
-199
-199
-164
-151
-158
-153
-110
-183
-142
-148
-141
-144
-147
-155
-168
-136
-141
-155
-107
-89
-127
-199
-147
-158
-138
-106
-138
-103
-133
-145
-88
-108
-135
-187
-146
-158
-96
-183
-106
-149
-140
-176
-132
-135
-151
-98
-199
-156
-149
-170
-138
-137
-157
-136
-106
-148
-129
-114
-155
-117
-139
-152
-88
-138
-118
-120
-109
-108
-141
-199
-144
-180
-151
-110
-135
-172
-143
-92
-105
-152
-149
-109
-142
-110
-181
-110
-103
-150
-108
-164
-159
-167
-154
-132
-199
-111
-199
-126
-144
-108
-176
-114
-147
-156
-147
-179
-150
-114
-138
-156
-185
-158
-154
-100
-141
-196
-164
-199
-157
-134
-149
-162
-158
-199
-156
-118
-104
-171
-158
-139
-193
-166
-142
-149
-164
-172
-141
-164
-148
-119
-149
-147
-107
-83
-154
-121
-140
-142
-149
-199
-174
-131
-132
-199
-150
-97
-85
-173
-138
-129
-199
-91
-86
-122
-143
-136
-153
-154
-85
-87
-93
-163
-164
-93
-139
-143
-160
-86
-163
-87
-146
-130
-132
-145
-147
-139
-109
-105
-174
-133
-161
-156
-199
-136
-154
-178
-113
-111
-117
-112
-155
-82
-118
-144
-154
-120
-109
-94
-135
-144
-110
-159
-144
-161
-97
-109
-115
-179
-155
-151
-167
-91
-189
-144
-109
-167
-110
-187
-134
-157
-100
-108
-151
-155
-114
-152
-134
-96
-169
-88
-192
-93
-167
-104
-163
-95
-90
-146
-90
-199
-91
-199
-101
-149
-142
-199
-177
-134
-97
-159
-158
-134
-84
-152
-159
-154
-155
-150
-155
-120
-86
-162
-88
-110
-143
-91
-89
-154
-115
-154
-156
-163
-166
-144
-104
-84
-144
-146
-143
-142
-139
-142
-182
-85
-163
-157
-151
-199
-142
-139
-199
-195
-110
-154
-108
-144
-97
-96
-115
-128
-89
-106
-122
-148
-174
-165
-147
-92
-92
-110
-173
-88
-185
-169
-186
-191
-173
-157
-93
-188
-173
-166
-116
-182
-86
-149
-92
-149
-148
-152
-179
-153
-149
-154
-146
-85
-85
-90
-90
-148
-96
-86
-121
-185
-110
-146
-152
-149
-95
-91
-158
-193
-88
-133
-145
-148
-151
-168
-86
-91
-82
-142
-143
-157
-83
-91
-175
-97
-173
-102
-146
-142
-89
-147
-147
-83
-82
-178
-96
-85
-178
-141
-84
-98
-167
-89
-162
-147
-154
-145
-98
-147
-115
-144
-93
-99
-88
-148
-143
-145
-160
-173
-126
-140
-89
-109
-152
-108
-164
-141
-144
-109
-87
-156
-154
-179
-105
-153
-84
-92
-145
-168
-93
-93
-143
-142
-87
-180
-158
-87
-110
-89
-199
-95
-186
-199
-133
-160
-98
-162
-140
-144
-93
-141
-109
-141
-138
-96
-169
-111
-167
-99
-91
-133
-141
