-199
-199
-199
-199
-199
-199
-199
-199
-199
-199
-199
-199
-199
-199
-199
-199
-199
-199
-199
-199
-199
-199
-199
-199
-199
-199
-199
-199
-199
-199
-199
-199
-199
-199
-199
-199
-199
-199
-199
-199
-199
-199
-199
-199
-199
-199
-199
-199
-199
-199
-199
-199
-199
-199
-199
-199
-199
-199
-199
-199
-199
-199
-199
-199
-199
-199
-199
-199
-199
-199
-199
-199
-199
-199
-199
-199
-199
-199
-199
-199
-199
-199
-199
-199
-199
-199
-199
-199
-199
-199
-199
-199
-199
-199
-199
-199
-199
-199
-199
-199
-199
-199
-199
-199
-199
-199
-199
-199
-199
-199
-199
-199
-199
-199
-199
-199
-199
-199
-199
-199
-199
-199
-199
-199
-199
-199
-199
-199
-199
-199
-199
-199
-199
-199
-199
-199
-199
-199
-199
-199
-199
-199
-199
-199
-199
-199
-199
-199
-199
-199
-199
-199
-199
-199
-199
-199
-199
-199
-199
-199
-199
-199
-199
-199
-199
-199
-199
-199
-199
-199
-199
-199
-199
-199
-199
-199
-199
-199
-199
-199
-199
-199
-199
-199
-199
-199
-199
-199
-199
-199
-199
-199
-199
-199
-199
-199
-199
-199
-199
-199
-199
-199
-199
-199
-199
-199
-199
-199
-199
-199
-199
-199
-199
-199
-199
-199
-199
-199
-199
-199
-199
-199
-199
-199
-199
-199
-199
-199
-199
-199
-199
-199
-199
-199
-199
-199
-199
-199
-199
-199
-199
-199
-199
-195
-199
-199
-199
-199
-199
-199
-199
-199
-199
-199
-199
-199
-199
-199
-199
-199
-199
-199
-199
-199
-199
-199
-199
-199
-199
-199
-199
-199
-199
-199
-199
-199
-199
-199
-199
-199
-199
-199
-199
-199
-199
-199
-199
-199
-199
-199
-199
-199
-199
-199
-199
-199
-199
-199
-199
-199
-199
-199
-199
-199
-199
-199
-199
-199
-199
-199
-199
-199
-199
-199
-199
-197
-199
-199
-199
-199
-199
-199
-199
-199
-199
-199
-199
-199
-199
-199
-199
-199
-199
-199
-199
-199
-199
-199
-199
-199
-199
-199
-199
-199
-199
-199
-199
-199
-199
-199
-199
-199
-136
-172
-164
-199
-199
-186
-177
-197
-199
-199
-199
-165
-199
-199
-199
-199
-154
-199
-199
-120
-179
-148
-157
-140
-146
-146
-126
-159
-148
-151
-149
-143
-146
-144
-177
-148
-179
-145
-149
-150
-143
-155
-145
-149
-142
-145
-169
-125
-157
-146
-199
-179
-151
-153
-199
-199
-156
-151
-155
-148
-152
-144
-199
-199
-199
-139
-154
-137
-140
-138
-90
-146
-151
-149
-107
-145
-151
-155
-142
-149
-152
-142
-158
-149
-144
-145
-199
-147
-137
-150
-125
-137
-141
-199
-140
-142
-191
-154
-162
-152
-149
-199
-154
-163
-156
-151
-145
-158
-153
-146
-152
-199
-93
-141
-140
-161
-199
-110
-143
-199
-154
-141
-142
-137
-104
-139
-141
-139
-148
-153
-136
-136
-170
-174
-158
-145
-181
-110
-148
-154
-155
-140
-147
-161
-165
-146
-138
-114
-166
-195
-95
-95
-107
-152
-141
-136
-123
-142
-134
-138
-140
-137
-136
-147
-113
-136
-144
-135
-134
-143
-138
-135
-137
-135
-141
-133
-134
-135
-134
-134
-140
-143
-139
-138
-157
-138
-134
-139
-139
-158
-149
-159
-158
-199
-153
-154
-145
-199
-199
-164
-199
-199
-150
-163
-135
-159
-135
-152
-199
-166
-138
-173
-144
-146
-142
-137
-138
-153
-183
-165
-147
-148
-154
-155
-136
-199
-147
-156
-137
-148
-151
-146
-159
-198
-157
-148
-151
-144
-152
-148
-135
-149
-137
-138
-152
-182
-152
-133
-150
-98
-135
-90
-132
-113
-112
-133
-141
-112
-98
-132
-108
-105
-107
-190
-141
-167
-173
-146
-166
-199
-104
-199
-87
-156
-138
-137
-104
-199
-158
-199
-89
-138
-106
-199
-153
-111
-113
-161
-153
-137
-109
-131
-95
-114
-87
-158
-137
-134
-145
-176
-116
-150
-148
-149
-147
-150
-109
-149
-134
-106
-117
-114
-144
-109
-116
-113
-156
-115
-109
-145
-157
-106
-133
-96
-150
-108
-133
-150
-130
-156
-112
-92
-84
-86
-142
-129
-111
-122
-117
-105
-192
-168
-148
-125
-156
-106
-108
-156
-87
-150
-158
-167
-199
-141
-140
-153
-172
-85
-107
-86
-145
-134
-121
-88
-199
-156
-156
-85
-86
-145
-135
-164
-105
-105
-107
-94
-100
-149
-110
-147
-105
-133
-84
-138
-91
-142
-143
-136
-158
-164
-91
-144
-147
-83
-149
-143
-122
-135
-133
-159
-141
-93
-158
-94
-140
-151
-137
-84
-143
-92
-90
-198
-146
-147
-102
-134
-163
-91
-130
-142
-156
-136
-111
-120
-158
-149
-160
-163
-154
-135
-158
-158
-167
-139
-151
-138
-132
-134
-138
-88
-175
-159
-132
-162
-140
-125
-97
-83
-174
-137
-132
-139
-89
-145
-199
-191
-127
-137
-90
-165
-149
-133
-178
-140
-146
-91
-96
-88
-148
-178
-98
-154
-173
-199
-199
-85
-94
-147
-162
-142
-135
-93
-153
-159
-157
-199
-154
-160
-135
-104
-149
-157
-153
-82
-97
-148
-185
-94
-151
-155
-92
-156
-141
-89
-147
-98
-159
-124
-199
-91
-89
-152
-105
-160
-96
-148
-149
-95
-159
-134
-85
-156
-96
-126
-87
-148
-161
-91
-159
-138
-199
-134
-142
-144
-92
-93
-162
-191
-150
-199
-146
-152
-147
-142
-136
-199
-199
-150
-199
-95
-138
-97
-143
-158
-171
-108
-199
-146
-199
-199
-147
-199
-199
-142
-146
-149
-175
-143
-142
-100
-199
-148
-199
-147
-154
-199
-166
-152
-153
-157
-138
-140
-134
-157
-140
-124
-86
-146
-92
-199
-160
-179
-138
-140
-137
-151
-143
-138
-169
-97
-98
-90
-93
-156
-88
-95
-144
-143
-142
-166
-145
-158
-132
-149
-159
-199
-152
-153
-183
-192
-106
-86
-150
-135
-155
-147
-196
-142
-90
-85
-90
-138
-164
-199
-87
-167
-89
-99
-178
-181
-91
-145
-88
-155
-169
-95
-148
-151
