200
200
200
200
200
200
200
200
200
200
200
200
200
200
200
200
200
200
200
200
200
200
200
200
200
200
200
200
200
200
200
200
200
200
200
200
200
200
200
200
200
200
200
200
200
200
200
200
200
200
200
200
200
200
200
200
200
200
200
200
200
200
200
200
200
200
200
200
200
200
200
200
200
200
200
200
200
200
200
200
200
200
200
200
200
200
200
200
200
200
200
200
200
200
200
200
200
200
200
200
200
200
200
200
200
200
200
200
200
200
200
200
200
200
200
200
200
200
200
200
200
200
200
200
200
200
200
200
200
200
200
200
200
200
200
200
200
200
200
200
200
200
200
200
200
200
200
200
200
200
200
200
200
200
200
200
200
200
200
200
200
200
200
200
200
200
200
200
200
200
200
200
200
200
200
200
200
200
200
200
200
200
200
200
200
200
200
200
200
200
200
200
200
200
200
200
200
200
200
200
200
200
200
200
200
200
200
200
200
200
200
200
200
200
200
200
200
200
200
200
200
200
200
200
200
200
200
200
200
200
200
200
200
200
200
200
200
200
200
200
200
200
200
200
200
200
200
200
200
200
200
200
200
200
200
200
200
200
200
200
200
200
200
200
200
200
200
200
200
200
200
200
200
200
200
200
200
200
200
200
200
200
200
200
200
200
200
200
200
200
200
200
200
200
180
200
200
200
200
200
200
183
200
200
200
200
200
200
200
200
200
200
200
200
180
200
200
200
200
170
200
200
200
185
174
200
200
121
200
180
124
174
150
170
169
176
156
155
192
146
150
144
144
150
174
200
195
200
200
138
200
200
200
188
200
200
200
200
200
200
200
200
200
200
200
195
200
200
200
200
119
200
200
200
200
140
200
163
127
115
200
200
157
149
200
146
149
146
167
158
160
200
200
138
200
149
145
152
144
157
152
161
179
200
174
155
156
200
145
170
156
127
200
200
200
130
200
151
176
124
164
98
148
143
126
177
200
128
153
129
158
141
152
96
156
148
147
200
117
152
148
168
176
144
158
176
165
164
157
200
145
166
200
200
177
158
200
118
165
200
123
200
200
200
143
151
151
123
94
135
160
200
200
149
144
174
154
126
200
200
164
154
153
114
200
146
163
150
154
200
110
152
151
181
116
172
153
153
152
140
152
184
139
178
116
153
152
122
152
147
108
122
155
117
200
198
200
200
111
162
113
200
117
185
108
112
126
187
153
152
200
162
163
162
154
92
159
174
139
97
141
163
107
144
128
148
190
154
131
102
164
138
144
110
106
172
198
146
192
150
200
141
141
161
105
151
183
140
183
147
145
93
200
144
200
200
152
89
163
174
116
174
149
166
167
93
200
161
87
110
165
101
170
150
113
86
144
142
177
103
89
156
176
200
200
92
182
200
109
113
96
197
124
153
147
129
142
151
105
144
104
88
186
157
154
148
155
91
136
88
112
160
142
169
99
178
158
191
149
142
87
117
141
169
171
164
147
120
184
104
200
200
200
200
200
200
200
200
129
200
200
186
94
178
124
200
158
120
101
153
119
179
93
159
157
116
187
99
119
145
115
127
163
128
200
119
200
151
200
126
189
138
200
163
199
156
200
150
121
138
146
191
147
126
150
88
200
127
144
200
156
134
156
161
122
149
175
163
118
140
144
149
158
166
93
167
161
200
123
166
109
167
147
160
154
174
103
151
174
169
158
161
193
111
186
200
120
168
175
95
127
161
200
112
200
123
200
200
172
149
148
150
165
171
117
152
105
159
126
200
121
164
167
178
200
200
200
200
200
118
200
193
197
165
184
200
111
163
109
126
200
183
182
168
118
106
166
118
105
160
113
114
123
108
200
117
116
108
89
147
112
195
106
106
119
162
109
101
113
118
109
110
117
109
140
92
114
164
123
112
93
175
100
177
156
200
153
185
200
160
87
192
193
178
176
163
173
169
200
112
155
100
140
85
142
152
98
111
107
109
114
109
175
112
108
111
111
159
140
151
135
112
164
184
200
109
107
200
162
189
138
164
88
114
105
107
176
101
125
162
116
183
156
111
151
105
190
155
137
200
179
200
200
200
200
200
200
200
200
200
200
200
200
143
200
200
200
200
84
200
200
200
166
151
200
200
166
155
128
200
154
187
160
188
167
167
168
200
200
143
176
145
200
156
163
159
200
165
166
152
162
165
160
193
152
136
184
142
170
182
120
130
141
87
109
113
146
165
114
104
185
169
85
125
115
141
200
172
125
156
171
114
130
194
140
142
169
165
200
200
200
200
200
200
200
126
174
122
95
188
