200
200
200
200
200
200
200
200
200
200
200
200
200
200
200
200
200
200
200
200
200
200
200
200
200
200
200
200
200
200
200
200
200
200
200
200
200
200
200
200
200
200
200
200
200
200
200
200
200
200
200
200
200
200
200
200
200
200
200
200
200
200
200
200
200
200
200
200
200
200
200
200
200
200
200
200
200
200
200
200
200
200
200
200
200
200
200
200
200
200
200
200
200
200
200
200
200
200
200
200
200
200
200
200
200
200
200
200
200
200
200
200
200
200
200
200
200
200
200
200
200
200
200
200
200
200
200
200
200
200
200
200
200
200
200
200
200
200
200
200
200
200
200
200
200
200
200
200
200
200
200
200
200
200
200
200
200
200
200
200
200
200
200
200
200
200
200
200
200
200
200
200
200
200
200
200
200
200
200
200
200
200
200
200
200
200
200
200
200
200
200
200
200
200
200
200
200
200
200
200
200
200
200
200
200
200
200
200
200
200
200
200
200
146
200
200
170
200
200
200
200
200
200
200
200
200
200
200
200
200
200
200
200
200
200
200
200
200
200
200
200
200
200
200
200
200
200
200
200
200
200
200
161
200
200
200
200
200
200
200
200
200
200
200
200
200
200
200
200
200
200
200
200
200
200
200
200
200
200
200
200
200
200
200
200
200
200
200
200
200
200
200
200
200
200
200
200
200
200
200
200
200
200
200
200
200
200
200
200
200
200
200
200
200
200
200
200
200
200
200
186
200
200
200
200
171
200
177
200
200
200
200
200
200
200
200
200
200
200
200
200
200
200
200
200
200
200
200
200
200
200
200
200
200
182
200
200
200
200
200
200
120
200
200
200
200
200
200
200
200
193
200
200
200
200
200
200
200
172
200
200
200
200
200
200
200
200
200
200
200
200
200
143
176
200
200
160
200
200
190
200
200
162
200
153
157
200
200
200
200
200
200
200
200
200
200
200
148
168
191
132
155
152
153
200
163
157
200
200
186
159
197
151
150
200
148
155
158
200
159
200
149
154
150
154
200
143
148
159
151
173
153
146
153
109
151
154
168
152
200
145
111
140
118
113
125
129
143
121
200
139
122
165
132
151
200
200
114
119
136
128
132
191
146
167
117
117
124
162
115
200
119
142
115
187
115
138
150
118
147
145
175
160
200
145
167
119
134
170
189
128
151
135
148
157
114
152
117
146
88
153
161
143
172
152
180
154
107
145
120
147
87
154
159
139
113
159
101
164
148
162
98
114
109
200
159
89
136
114
107
103
175
114
153
116
143
106
163
94
141
99
155
104
143
112
145
160
156
141
141
138
197
95
153
109
200
86
107
146
110
200
111
89
133
100
88
182
137
104
110
154
94
154
135
105
150
94
91
142
103
163
168
94
96
155
107
107
107
103
114
132
132
131
134
123
138
147
125
145
157
134
118
137
110
150
113
130
112
97
112
169
128
88
109
113
137
119
117
119
112
152
143
117
94
88
113
91
134
171
100
116
95
122
99
116
118
122
156
112
140
107
133
114
100
179
119
115
124
112
96
114
145
153
156
86
147
88
143
165
113
88
92
86
144
114
106
148
155
137
159
93
146
97
145
89
89
102
113
114
107
147
84
115
118
115
147
100
111
107
159
179
105
84
156
158
147
158
151
88
86
86
103
84
111
159
83
122
93
86
170
155
161
104
97
150
106
150
162
157
137
165
157
107
157
103
86
163
86
149
151
146
123
86
87
160
106
148
100
138
164
175
117
152
137
141
139
129
176
181
89
87
137
85
136
147
159
84
156
135
109
145
149
144
115
107
156
112
147
104
156
101
88
145
162
104
86
141
85
147
170
111
144
180
85
92
138
137
99
141
176
146
137
105
89
93
105
143
168
144
91
150
140
132
85
96
97
122
167
116
138
91
143
143
145
143
89
119
142
86
101
163
114
145
148
146
138
148
89
158
89
114
110
142
94
145
146
155
120
138
88
149
143
85
88
152
194
157
144
123
109
112
200
182
149
109
135
144
130
136
173
148
139
150
145
147
113
86
109
147
144
94
130
157
189
139
119
152
137
136
129
119
118
123
119
200
87
123
116
187
152
141
136
118
119
94
150
107
145
112
126
151
121
122
110
106
122
127
117
137
127
147
134
156
125
115
135
114
130
123
138
141
144
86
160
155
146
172
124
122
127
124
119
155
127
111
146
126
113
150
113
200
113
148
96
140
200
155
131
147
145
165
90
156
150
166
89
111
117
167
190
162
146
161
125
127
142
119
149
127
116
121
122
128
129
147
115
116
152
130
143
