-199
-199
-199
-199
-199
-199
-199
-199
-199
-199
-199
-199
-199
-199
-199
-199
-199
-199
-199
-199
-199
-199
-199
-199
-199
-199
-199
-199
-199
-199
-199
-199
-199
-199
-199
-199
-199
-199
-199
-199
-199
-199
-199
-199
-199
-199
-199
-199
-199
-199
-199
-199
-199
-199
-199
-199
-199
-199
-199
-199
-199
-199
-199
-199
-199
-199
-199
-199
-199
-199
-199
-199
-199
-199
-199
-199
-199
-199
-199
-199
-199
-199
-199
-199
-199
-199
-199
-199
-199
-199
-199
-199
-199
-199
-199
-199
-199
-199
-199
-199
-199
-199
-199
-199
-199
-199
-199
-199
-199
-199
-199
-199
-199
-199
-199
-199
-199
-199
-199
-199
-199
-199
-199
-199
-199
-199
-199
-199
-199
-199
-199
-199
-199
-199
-199
-199
-199
-199
-199
-199
-199
-199
-199
-199
-199
-199
-199
-199
-199
-199
-199
-199
-199
-199
-199
-199
-199
-199
-199
-199
-199
-199
-199
-199
-199
-199
-199
-199
-199
-199
-199
-199
-199
-199
-199
-199
-199
-199
-199
-199
-199
-199
-199
-199
-199
-199
-199
-199
-199
-199
-199
-199
-199
-199
-199
-199
-199
-199
-199
-199
-199
-199
-199
-199
-199
-199
-199
-199
-199
-199
-199
-199
-199
-199
-199
-199
-199
-199
-199
-199
-199
-199
-199
-199
-199
-199
-199
-199
-199
-199
-199
-199
-199
-199
-199
-199
-199
-199
-199
-199
-199
-199
-199
-199
-199
-199
-199
-199
-199
-199
-199
-199
-199
-199
-199
-199
-199
-199
-199
-199
-199
-199
-199
-199
-199
-199
-199
-199
-199
-199
-199
-199
-199
-199
-199
-199
-199
-199
-199
-199
-199
-199
-199
-199
-199
-199
-199
-199
-199
-199
-199
-199
-199
-199
-199
-199
-199
-199
-199
-199
-199
-199
-199
-199
-199
-199
-199
-199
-199
-199
-199
-199
-199
-199
-199
-199
-199
-199
-199
-199
-199
-199
-199
-199
-199
-199
-199
-199
-199
-199
-199
-199
-199
-199
-199
-199
-199
-199
-199
-199
-199
-199
-199
-199
-199
-199
-199
-199
-199
-199
-199
-199
-199
-199
-199
-199
-199
-199
-199
-199
-199
-199
-199
-199
-199
-199
-199
-199
-199
-199
-199
-199
-199
-199
-199
-199
-199
-199
-199
-199
-188
-199
-199
-199
-199
-199
-199
-199
-199
-199
-199
-199
-199
-159
-199
-199
-199
-199
-199
-199
-199
-143
-199
-199
-199
-199
-199
-199
-198
-199
-199
-199
-199
-199
-199
-199
-154
-199
-123
-199
-199
-176
-199
-199
-169
-199
-199
-199
-199
-199
-199
-159
-199
-199
-183
-199
-199
-199
-157
-199
-199
-199
-192
-199
-154
-183
-199
-164
-199
-149
-143
-121
-115
-179
-181
-135
-173
-174
-143
-195
-190
-112
-185
-150
-191
-174
-197
-180
-149
-171
-124
-146
-149
-141
-128
-145
-118
-154
-139
-193
-199
-146
-144
-147
-199
-199
-146
-111
-116
-146
-137
-148
-137
-138
-199
-143
-169
-141
-113
-143
-148
-147
-137
-173
-140
-144
-139
-152
-198
-163
-140
-144
-199
-199
-199
-144
-199
-199
-182
-164
-141
-148
-199
-153
-199
-199
-199
-199
-199
-199
-199
-199
-199
-199
-199
-199
-199
-199
-199
-199
-163
-140
-199
-199
-171
-157
-199
-199
-160
-169
-157
-163
-165
-115
-161
-155
-142
-161
-92
-126
-117
-151
-199
-152
-133
-164
-145
-114
-148
-137
-112
-160
-132
-155
-148
-113
-129
-148
-89
-152
-89
-149
-158
-149
-190
-150
-121
-147
-135
-145
-143
-143
-139
-148
-141
-112
-157
-150
-109
-146
-107
-140
-141
-177
-133
-154
-151
-139
-137
-163
-145
-145
-138
-168
-183
-138
-141
-140
-148
-96
-135
-132
-146
-160
-162
-86
-199
-159
-132
-163
-145
-155
-131
-139
-143
-139
-110
-132
-153
-131
-115
-162
-139
-131
-118
-144
-123
-132
-136
-142
-128
-150
-174
-129
-135
-142
-151
-138
-139
-144
-133
-127
-136
-146
-143
-155
-149
-152
-133
-140
-162
-143
-165
-144
-146
-139
-156
-144
-155
-147
-144
-150
-141
-145
-159
-147
-146
-155
-141
-139
-144
-157
-146
-134
-143
-170
-143
-155
-146
-142
-137
-148
-99
-190
-148
-148
-146
-174
-127
-141
-136
-137
-147
-144
-158
-88
-93
-125
-122
-173
-111
-124
-130
-154
-145
-90
-199
-91
-199
-146
-159
-87
-161
-135
-114
-124
-144
-137
-127
-128
-138
-140
-96
-174
-94
-108
-117
-147
-152
-165
-143
-134
-138
-134
-130
-132
-139
-199
-199
-170
-169
-84
-165
-178
-150
-136
-138
-147
-92
-108
-116
-153
-146
-159
-145
-154
-88
-151
-111
-113
-89
-179
-94
-103
-138
-160
-89
-111
-149
-136
-160
-157
-152
-165
-168
-199
-121
-130
-143
-115
-148
-141
-142
-133
-140
-85
-116
-130
-162
-110
-166
-168
-157
-154
-151
-128
-155
-158
-140
-153
-153
-151
-151
-152
-142
-145
-150
-156
-114
-160
-90
-177
-155
-87
-184
-84
-108
-138
-151
-92
-155
-137
-113
-122
-156
-127
-110
-85
-94
-109
-122
-150
-138
-112
-146
-145
-86
-88
-181
-86
-199
-135
-145
-137
-144
-93
-165
-119
-124
-97
-170
-145
-144
-89
-168
-83
-105
-153
-141
-138
-87
-82
-86
-158
-143
-117
-103
-85
-90
-104
-114
-115
-109
-113
-144
-97
-115
-97
-142
-168
-94
-137
-108
-118
-121
-112
-151
-146
-87
-106
-108
-108
-114
-149
-87
-87
-124
-117
-152
-163
-106
-111
-113
-125
-102
-159
-110
-120
-111
-199
-115
-159
-158
-196
-125
-110
-146
-161
-95
-162
-151
-199
-153
-104
-128
-136
-144
-178
-111
-167
-154
-103
-153
-105
-109
-168
-111
-118
-144
-86
-147
-114
-138
-92
-199
-165
-118
-138
-141
-149
-141
-164
-133
-104
-155
-107
-144
-107
-94
-151
-93
-120
-141
-119
-112
-114
-98
-136
-107
-162
-158
-91
-117
-165
-144
-156
-166
-151
-118
-117
