-199
-199
-199
-199
-199
-199
-199
-199
-199
-199
-199
-199
-199
-199
-199
-199
-199
-199
-199
-199
-199
-199
-199
-199
-199
-199
-199
-199
-199
-199
-199
-199
-199
-199
-199
-199
-199
-199
-199
-199
-199
-199
-199
-199
-199
-199
-199
-199
-199
-199
-199
-199
-199
-199
-199
-199
-199
-199
-199
-199
-199
-199
-199
-199
-199
-199
-199
-199
-199
-199
-199
-199
-199
-199
-199
-199
-199
-199
-199
-199
-199
-199
-199
-199
-199
-199
-199
-199
-199
-199
-199
-199
-199
-199
-199
-199
-199
-199
-199
-199
-199
-199
-199
-199
-199
-199
-199
-199
-199
-199
-199
-199
-199
-199
-199
-199
-199
-199
-199
-199
-199
-199
-199
-199
-199
-199
-199
-199
-199
-199
-199
-199
-199
-199
-199
-199
-199
-199
-199
-199
-199
-199
-199
-199
-199
-199
-199
-199
-199
-199
-199
-199
-199
-199
-199
-199
-199
-199
-199
-199
-199
-199
-199
-199
-199
-199
-199
-199
-199
-199
-199
-199
-199
-199
-199
-199
-199
-199
-199
-199
-199
-199
-199
-199
-199
-199
-199
-199
-199
-199
-199
-199
-199
-199
-199
-199
-199
-199
-199
-199
-199
-199
-199
-199
-199
-199
-199
-199
-199
-199
-199
-199
-199
-199
-199
-199
-199
-199
-199
-199
-199
-199
-199
-199
-199
-199
-199
-199
-199
-199
-199
-199
-199
-199
-199
-199
-199
-199
-199
-199
-199
-199
-199
-199
-199
-199
-199
-199
-199
-199
-199
-199
-199
-199
-199
-199
-199
-199
-199
-199
-199
-199
-199
-199
-199
-199
-199
-199
-199
-199
-199
-199
-199
-199
-199
-199
-199
-199
-199
-199
-199
-199
-199
-199
-199
-199
-199
-199
-199
-199
-199
-199
-199
-199
-199
-199
-199
-199
-199
-199
-199
-199
-199
-199
-199
-199
-199
-199
-199
-199
-199
-199
-199
-199
-199
-199
-199
-199
-199
-193
-199
-199
-199
-199
-199
-199
-199
-199
-199
-199
-199
-199
-199
-199
-199
-199
-199
-199
-199
-199
-199
-151
-199
-199
-199
-199
-199
-199
-199
-199
-199
-199
-193
-199
-199
-195
-199
-199
-199
-175
-199
-182
-199
-199
-199
-199
-199
-199
-176
-191
-199
-199
-199
-199
-151
-199
-199
-174
-199
-179
-188
-184
-199
-186
-184
-199
-199
-199
-199
-199
-199
-182
-198
-199
-173
-193
-199
-185
-165
-164
-187
-127
-126
-199
-163
-199
-199
-199
-144
-199
-146
-187
-178
-125
-143
-182
-199
-199
-189
-199
-199
-122
-199
-199
-129
-117
-118
-111
-147
-151
-173
-112
-121
-188
-161
-153
-164
-143
-154
-142
-148
-115
-193
-142
-197
-143
-153
-181
-148
-141
-148
-137
-148
-157
-139
-144
-199
-199
-161
-199
-199
-196
-199
-150
-199
-199
-145
-199
-199
-144
-143
-168
-199
-168
-138
-84
-199
-157
-199
-199
-146
-123
-199
-199
-199
-161
-145
-153
-165
-160
-88
-156
-164
-140
-199
-150
-175
-179
-150
-148
-165
-199
-162
-149
-154
-140
-164
-119
-151
-165
-147
-149
-155
-166
-160
-86
-115
-162
-167
-109
-152
-145
-139
-193
-166
-93
-92
-89
-152
-185
-144
-132
-155
-145
-199
-140
-128
-97
-136
-126
-148
-143
-110
-111
-159
-88
-173
-148
-157
-163
-154
-164
-162
-156
-159
-160
-161
-127
-162
-134
-127
-136
-127
-142
-160
-148
-121
-106
-154
-156
-132
-154
-173
-148
-154
-136
-182
-147
-144
-136
-139
-137
-199
-104
-141
-158
-199
-133
-157
-128
-93
-135
-134
-137
-129
-119
-142
-138
-152
-130
-110
-144
-169
-135
-149
-129
-147
-143
-146
-125
-138
-161
-103
-180
-96
-171
-161
-168
-199
-175
-131
-153
-199
-199
-162
-172
-130
-150
-161
-149
-97
-162
-158
-156
-158
-89
-163
-141
-161
-147
-97
-152
-100
-140
-148
-133
-130
-136
-162
-179
-171
-90
-157
-103
-199
-134
-144
-137
-145
-140
-146
-131
-152
-134
-89
-156
-129
-124
-135
-134
-145
-137
-146
-168
-148
-131
-120
-120
-139
-148
-199
-85
-162
-195
-148
-180
-149
-149
-136
-99
-151
-91
-178
-128
-152
-135
-107
-163
-151
-113
-96
-152
-142
-140
-149
-135
-95
-199
-199
-154
-149
-151
-151
-174
-156
-199
-199
-158
-158
-139
-94
-125
-143
-98
-154
-116
-89
-192
-91
-199
-199
-136
-153
-87
-136
-148
-84
-107
-155
-88
-121
-151
-91
-199
-152
-99
-199
-141
-108
-199
-138
-199
-159
-147
-90
-158
-145
-131
-139
-137
-112
-134
-133
-136
-136
-166
-163
-93
-88
-146
-117
-148
-110
-122
-128
-164
-142
-141
-95
-121
-162
-136
-143
-149
-160
-156
-116
-173
-113
-164
-99
-195
-134
-149
-161
-199
-86
-155
-111
-153
-176
-138
-172
-197
-160
-133
-84
-102
-88
-116
-148
-143
-141
-147
-148
-152
-137
-145
-107
-199
-135
-166
-154
-158
-152
-107
-159
-150
-144
-199
-164
-199
-110
-88
-139
-132
-155
-145
-158
-199
-131
-157
-154
-112
-96
-162
-160
-199
-118
-152
-134
-150
-199
-155
-152
-151
-152
-90
-145
-199
-159
-97
-86
-140
-199
-134
-104
-84
-156
-158
-104
-199
-151
-147
-95
-119
-143
-147
-85
-85
-92
-151
-160
-96
-84
-150
-160
-144
-136
-85
-129
-83
-159
-133
-165
-143
-156
-104
-152
-142
-136
-138
-160
-156
-138
-135
-132
-145
-136
-86
-154
-156
-129
-168
-158
-84
-147
-155
-158
-199
-141
-199
-159
-136
-147
-148
-199
-167
-101
-133
-137
-155
-153
-147
-135
-134
-175
-153
-147
-199
-158
-158
-153
-97
-170
-91
-151
-156
-143
-168
-117
-150
-153
-158
-154
-136
-139
-100
-90
-118
-143
-104
-99
-162
-161
-135
-164
-143
-148
-153
-146
-142
-149
-149
-199
-199
-90
-95
-199
-150
-161
-151
-139
-140
-144
-140
-128
-160
-151
-118
-136
-159
-87
-96
-150
-141
-94
-199
-92
-148
