-199
-199
-199
-199
-199
-199
-199
-199
-199
-199
-199
-199
-199
-199
-199
-199
-199
-199
-199
-199
-199
-199
-199
-199
-199
-199
-199
-199
-199
-199
-199
-199
-199
-199
-199
-199
-199
-199
-199
-199
-199
-199
-199
-199
-199
-199
-199
-199
-199
-199
-199
-199
-199
-199
-199
-199
-199
-199
-199
-199
-199
-199
-199
-199
-199
-199
-199
-199
-199
-199
-199
-199
-199
-199
-199
-199
-199
-199
-199
-199
-199
-199
-199
-199
-199
-199
-199
-199
-199
-199
-199
-199
-199
-199
-199
-199
-199
-199
-199
-199
-199
-199
-199
-199
-199
-199
-199
-199
-199
-199
-199
-199
-199
-199
-199
-199
-199
-199
-199
-199
-199
-199
-199
-199
-199
-199
-199
-199
-199
-199
-199
-199
-199
-199
-199
-199
-199
-199
-199
-199
-199
-199
-199
-199
-199
-199
-199
-199
-199
-199
-199
-199
-199
-199
-199
-199
-199
-199
-199
-199
-199
-199
-199
-199
-199
-199
-199
-199
-199
-199
-199
-199
-199
-199
-199
-199
-199
-199
-199
-199
-199
-199
-199
-199
-199
-199
-199
-199
-199
-199
-199
-199
-199
-197
-199
-199
-199
-199
-199
-199
-199
-199
-199
-199
-199
-199
-199
-199
-199
-199
-199
-199
-199
-199
-199
-199
-199
-199
-199
-199
-199
-199
-199
-199
-199
-199
-199
-199
-199
-199
-197
-199
-199
-199
-199
-199
-199
-199
-199
-199
-199
-199
-199
-199
-199
-199
-199
-199
-199
-199
-199
-199
-199
-199
-199
-199
-199
-196
-199
-199
-199
-199
-199
-199
-199
-199
-199
-199
-199
-178
-196
-199
-199
-193
-199
-199
-199
-199
-199
-199
-199
-199
-199
-199
-199
-199
-199
-179
-199
-199
-199
-177
-175
-144
-191
-168
-173
-199
-176
-174
-161
-199
-199
-197
-199
-124
-158
-199
-156
-164
-199
-164
-158
-190
-174
-160
-162
-165
-163
-164
-160
-199
-163
-160
-176
-160
-166
-162
-199
-199
-197
-112
-163
-158
-136
-148
-132
-177
-160
-164
-153
-193
-140
-136
-152
-159
-175
-152
-148
-159
-150
-151
-147
-158
-142
-146
-168
-199
-154
-181
-155
-167
-113
-149
-156
-165
-199
-154
-93
-180
-152
-145
-142
-150
-193
-166
-134
-186
-151
-155
-194
-152
-166
-165
-155
-190
-142
-163
-177
-156
-163
-154
-122
-142
-149
-138
-132
-140
-149
-158
-154
-141
-180
-173
-152
-189
-144
-167
-145
-199
-148
-185
-138
-131
-194
-199
-170
-103
-198
-104
-146
-121
-172
-94
-141
-166
-184
-137
-151
-152
-145
-150
-147
-150
-152
-113
-153
-116
-153
-139
-88
-176
-155
-116
-114
-124
-166
-153
-90
-153
-153
-174
-132
-158
-92
-149
-156
-160
-101
-199
-177
-148
-189
-87
-171
-165
-160
-156
-136
-156
-159
-114
-164
-94
-144
-149
-166
-160
-147
-94
-148
-96
-163
-100
-114
-148
-199
-137
-148
-92
-94
-91
-143
-164
-199
-109
-106
-158
-176
-161
-160
-191
-126
-154
-161
-130
-150
-93
-162
-138
-148
-158
-86
-198
-131
-164
-158
-144
-155
-154
-97
-162
-146
-165
-145
-141
-105
-159
-192
-171
-143
-160
-104
-153
-159
-189
-153
-161
-147
-152
-142
-89
-140
-122
-142
-139
-150
-159
-163
-139
-164
-144
-199
-186
-199
-148
-180
-153
-199
-167
-149
-157
-145
-199
-146
-199
-141
-141
-150
-193
-199
-153
-166
-199
-150
-91
-110
-148
-143
-143
-158
-155
-149
-148
-110
-108
-180
-115
-158
-116
-139
-167
-198
-105
-129
-109
-131
-199
-177
-162
-156
-152
-154
-177
-158
-113
-144
-156
-199
-161
-106
-138
-156
-109
-159
-148
-128
-164
-114
-197
-199
-154
-175
-143
-199
-179
-141
-195
-103
-199
-191
-156
-199
-184
-199
-116
-157
-199
-116
-199
-163
-146
-163
-199
-95
-93
-164
-144
-153
-123
-114
-141
-148
-171
-137
-149
-199
-149
-199
-172
-105
-123
-137
-145
-184
-108
-199
-119
-152
-164
-194
-140
-142
-189
-90
-161
-113
-180
-185
-142
-144
-137
-143
-199
-133
-156
-101
-111
-140
-120
-103
-108
-154
-118
-114
-107
-171
-149
-141
-94
-112
-150
-121
-149
-111
-101
-110
-124
-136
-105
-159
-199
-94
-181
-112
-164
-112
-199
-155
-151
-90
-90
-157
-122
-199
-138
-134
-125
-150
-106
-199
-109
-148
-138
-139
-151
-115
-135
-133
-154
-145
-126
-105
-142
-132
-137
-139
-136
-93
-172
-147
-94
-199
-199
-142
-149
-100
-154
-148
-137
-156
-140
-176
-158
-148
-123
-95
-126
-199
-141
-158
-154
-150
-93
-158
-92
-178
-199
-102
-115
-108
-144
-113
-199
-90
-174
-112
-146
-172
-143
-100
-110
-104
-116
-103
-111
-147
-143
-140
-107
-167
-95
-107
-144
-120
-167
-106
-101
-159
-144
-158
-152
-142
-141
-146
-144
-160
-111
-98
-160
-87
-134
-153
-149
-140
-153
-118
-137
-141
-82
-106
-144
-153
-106
-156
-126
-174
-141
-150
-155
-89
-108
-150
-158
-143
-85
-144
-144
-145
-142
-142
-101
-156
-117
-142
-139
-147
-174
-155
-169
-179
-110
-141
-152
-117
-100
-155
-106
-155
-108
-155
-99
-159
-110
-164
-111
-89
-104
-156
-95
-108
-167
-107
-95
-101
-171
-156
-160
-186
-89
-86
-96
-176
-141
-159
-108
-183
-154
-84
-151
-161
-155
-106
-91
-143
-111
-150
-153
-145
-147
-166
-104
-92
-100
-145
-155
-102
-158
-108
-177
-137
-84
-102
-149
-199
-159
-90
-106
-148
-185
-107
-163
-145
-117
-150
-85
-88
-150
-115
-116
-152
-154
-106
-104
-108
-102
-105
-82
-105
-150
-84
-138
-142
-150
-107
-89
-144
-91
-165
-108
-86
-161
-95
-180
-138
-157
-85
-150
-144
-163
-145
-159
-152
-117
-168
-149
-94
-90
-113
-154
-103
-157
-92
-183
-102
-160
-111
-88
-118
-142
-111
-144
-84
-83
-119
-150
-123
-85
-120
-106
