200
200
200
200
200
200
200
200
200
200
200
200
200
200
200
200
200
200
200
200
200
200
200
200
200
200
200
200
200
200
200
200
200
200
200
200
200
200
200
200
200
200
200
200
200
200
200
200
200
200
200
200
200
200
200
200
200
200
200
200
200
200
200
200
200
200
200
200
200
200
200
200
200
200
200
200
200
200
200
200
200
200
200
200
200
200
200
200
200
200
200
200
200
200
200
200
200
200
200
200
200
200
200
200
200
200
200
200
200
200
200
200
200
200
200
200
200
200
200
200
200
200
200
200
200
200
200
200
200
200
200
200
200
200
200
200
200
200
200
200
200
200
200
200
200
200
200
200
200
200
200
200
200
200
200
200
200
200
200
200
200
200
200
200
200
200
200
200
200
200
200
200
200
200
200
200
200
200
200
200
200
200
200
200
200
200
200
200
200
200
200
200
200
200
200
200
200
200
200
200
200
200
200
200
200
200
200
200
200
200
200
200
200
200
200
200
200
200
200
200
200
200
200
200
200
200
200
200
200
200
200
200
200
200
200
200
200
200
200
200
200
200
200
200
200
200
200
200
200
200
200
200
200
200
200
200
200
200
200
200
200
200
200
200
200
200
200
200
200
200
200
200
200
200
200
200
200
200
200
200
200
200
200
200
200
200
200
200
200
200
200
200
200
200
200
200
200
200
200
200
200
200
200
200
200
200
200
200
200
200
200
200
200
200
200
200
200
200
200
200
200
200
200
200
200
200
200
200
200
200
200
200
200
200
200
200
200
200
200
200
200
200
200
200
200
200
200
200
200
200
200
200
200
200
200
200
200
200
200
200
200
200
200
200
200
200
200
200
200
200
200
200
200
200
200
200
200
200
200
200
189
200
200
200
200
200
200
200
200
200
200
200
200
160
200
200
200
200
200
200
200
144
200
200
200
200
200
200
199
200
200
200
200
200
200
200
155
200
124
200
200
177
200
200
170
200
200
200
200
200
200
160
200
200
184
200
200
200
158
200
200
200
193
200
155
184
200
165
200
150
144
122
116
180
182
136
174
175
144
196
191
113
186
151
192
175
198
181
150
172
125
147
150
142
129
146
119
155
140
194
200
147
145
148
200
200
147
112
117
147
138
149
138
139
200
144
170
142
114
144
149
148
138
174
141
145
140
153
199
164
141
145
200
200
200
145
200
200
183
165
142
149
200
154
200
200
200
200
200
200
200
200
200
200
200
200
200
200
200
200
164
141
200
200
172
158
200
200
161
170
158
164
166
116
162
156
143
162
93
127
118
152
200
153
134
165
146
115
149
138
113
161
133
156
149
114
130
149
90
153
90
150
159
150
191
151
122
148
136
146
144
144
140
149
142
113
158
151
110
147
108
141
142
178
134
155
152
140
138
164
146
146
139
169
184
139
142
141
149
97
136
133
147
161
163
87
200
160
133
164
146
156
132
140
144
140
111
133
154
132
116
163
140
132
119
145
124
133
137
143
129
151
175
130
136
143
152
139
140
145
134
128
137
147
144
156
150
153
134
141
163
144
166
145
147
140
157
145
156
148
145
151
142
146
160
148
147
156
142
140
145
158
147
135
144
171
144
156
147
143
138
149
100
191
149
149
147
175
128
142
137
138
148
145
159
89
94
126
123
174
112
125
131
155
146
91
200
92
200
147
160
88
162
136
115
125
145
138
128
129
139
141
97
175
95
109
118
148
153
166
144
135
139
135
131
133
140
200
200
171
170
85
166
179
151
137
139
148
93
109
117
154
147
160
146
155
89
152
112
114
90
180
95
104
139
161
90
112
150
137
161
158
153
166
169
200
122
131
144
116
149
142
143
134
141
86
117
131
163
111
167
169
158
155
152
129
156
159
141
154
154
152
152
153
143
146
151
157
115
161
91
178
156
88
185
85
109
139
152
93
156
138
114
123
157
128
111
86
95
110
123
151
139
113
147
146
87
89
182
87
200
136
146
138
145
94
166
120
125
98
171
146
145
90
169
84
106
154
142
139
88
83
87
159
144
118
104
86
91
105
115
116
110
114
145
98
116
98
143
169
95
138
109
119
122
113
152
147
88
107
109
109
115
150
88
88
125
118
153
164
107
112
114
126
103
160
111
121
112
200
116
160
159
197
126
111
147
162
96
163
152
200
154
105
129
137
145
179
112
168
155
104
154
106
110
169
112
119
145
87
148
115
139
93
200
166
119
139
142
150
142
165
134
105
156
108
145
108
95
152
94
121
142
120
113
115
99
137
108
163
159
92
118
166
145
157
167
152
119
118
