200
200
200
200
200
200
200
200
200
200
200
200
200
200
200
200
200
200
200
200
200
200
200
200
200
200
200
200
200
200
200
200
200
200
200
200
200
200
200
200
200
200
200
200
200
200
200
200
200
200
200
200
200
200
200
200
200
200
200
200
200
200
200
200
200
200
200
200
200
200
200
200
200
200
200
200
200
200
200
200
200
200
200
200
200
200
200
200
200
200
200
200
200
200
200
200
200
200
200
200
200
200
200
200
200
200
200
200
200
200
200
200
200
200
200
200
200
200
200
200
200
200
200
200
200
200
200
200
200
200
200
200
200
200
200
200
200
200
200
200
200
200
200
200
200
200
200
200
200
200
200
200
200
200
200
200
200
200
200
200
200
200
200
200
200
200
200
200
200
200
200
200
200
200
200
200
200
200
200
200
200
200
200
200
200
200
200
200
200
200
200
200
200
200
200
200
200
200
200
200
200
200
200
200
200
200
200
200
200
200
200
200
200
200
200
200
200
200
200
200
200
200
200
200
200
200
200
200
200
200
200
200
200
200
200
200
200
200
200
200
200
200
200
200
165
200
200
200
200
200
200
200
200
200
200
200
200
200
200
200
200
200
200
200
200
200
200
200
200
200
200
200
200
200
200
200
200
200
200
200
200
200
200
200
200
200
200
200
200
200
200
200
200
200
200
200
200
200
200
200
171
200
200
200
200
200
200
200
200
200
200
200
200
200
200
200
200
200
200
200
200
200
200
200
200
200
200
200
200
200
200
200
200
200
200
181
200
200
200
200
200
200
200
200
200
200
200
200
200
200
200
200
200
200
200
200
200
200
200
200
200
200
200
200
200
200
200
200
200
200
200
200
200
200
200
200
200
164
142
200
200
200
200
200
200
186
200
200
200
200
173
200
200
156
200
200
200
200
200
200
200
200
200
200
132
182
200
200
200
200
200
200
200
200
200
184
200
200
200
192
190
200
200
200
200
200
200
194
121
195
171
200
164
183
151
140
200
200
188
167
155
165
200
192
138
200
129
153
200
172
200
154
184
156
153
177
109
149
189
168
166
150
105
170
169
168
145
166
170
157
107
97
164
151
92
156
161
108
200
200
130
162
100
191
149
200
200
166
167
161
153
200
135
155
123
148
198
89
156
200
195
153
195
109
139
200
166
152
148
119
188
200
159
186
188
164
161
176
162
151
117
115
143
200
115
146
114
118
149
149
200
165
89
192
154
200
200
165
152
159
154
111
184
143
149
142
145
148
156
169
137
142
156
108
90
128
200
148
159
139
107
139
104
134
146
89
109
136
188
147
159
97
184
107
150
141
177
133
136
152
99
200
157
150
171
139
138
158
137
107
149
130
115
156
118
140
153
89
139
119
121
110
109
142
200
145
181
152
111
136
173
144
93
106
153
150
110
143
111
182
111
104
151
109
165
160
168
155
133
200
112
200
127
145
109
177
115
148
157
148
180
151
115
139
157
186
159
155
101
142
197
165
200
158
135
150
163
159
200
157
119
105
172
159
140
194
167
143
150
165
173
142
165
149
120
150
148
108
84
155
122
141
143
150
200
175
132
133
200
151
98
86
174
139
130
200
92
87
123
144
137
154
155
86
88
94
164
165
94
140
144
161
87
164
88
147
131
133
146
148
140
110
106
175
134
162
157
200
137
155
179
114
112
118
113
156
83
119
145
155
121
110
95
136
145
111
160
145
162
98
110
116
180
156
152
168
92
190
145
110
168
111
188
135
158
101
109
152
156
115
153
135
97
170
89
193
94
168
105
164
96
91
147
91
200
92
200
102
150
143
200
178
135
98
160
159
135
85
153
160
155
156
151
156
121
87
163
89
111
144
92
90
155
116
155
157
164
167
145
105
85
145
147
144
143
140
143
183
86
164
158
152
200
143
140
200
196
111
155
109
145
98
97
116
129
90
107
123
149
175
166
148
93
93
111
174
89
186
170
187
192
174
158
94
189
174
167
117
183
87
150
93
150
149
153
180
154
150
155
147
86
86
91
91
149
97
87
122
186
111
147
153
150
96
92
159
194
89
134
146
149
152
169
87
92
83
143
144
158
84
92
176
98
174
103
147
143
90
148
148
84
83
179
97
86
179
142
85
99
168
90
163
148
155
146
99
148
116
145
94
100
89
149
144
146
161
174
127
141
90
110
153
109
165
142
145
110
88
157
155
180
106
154
85
93
146
169
94
94
144
143
88
181
159
88
111
90
200
96
187
200
134
161
99
163
141
145
94
142
110
142
139
97
170
112
168
100
92
134
142
