200
200
200
200
200
200
200
200
200
200
200
200
200
200
200
200
200
200
200
200
200
200
200
200
200
200
200
200
200
200
200
200
200
200
200
200
200
200
200
200
200
200
200
200
200
200
200
200
200
200
200
200
200
200
200
200
200
200
200
200
200
200
200
200
200
200
200
200
200
200
200
200
200
200
200
200
200
200
200
200
200
200
200
200
200
200
200
200
200
200
200
200
200
200
200
200
200
200
200
200
200
200
200
200
200
200
200
200
200
200
200
200
200
200
200
200
200
200
200
200
200
200
200
200
200
200
200
200
200
200
200
200
200
200
200
200
200
200
200
200
200
200
200
200
200
200
200
200
200
200
200
200
200
200
200
200
200
200
200
200
200
200
200
200
200
200
200
200
200
200
200
200
200
200
200
200
200
200
200
200
200
200
200
200
200
200
200
200
200
200
200
200
200
200
200
200
200
200
200
200
200
200
200
200
200
200
200
200
200
200
200
200
200
200
200
200
200
200
200
200
200
200
200
200
200
200
200
200
200
200
200
200
200
200
200
200
200
200
200
200
200
200
168
200
200
200
200
200
200
200
200
200
200
200
200
200
200
200
200
200
200
200
200
200
200
200
200
200
200
200
200
200
200
200
196
200
200
200
200
200
200
200
200
200
200
200
200
200
200
200
200
200
200
200
200
200
200
200
162
200
200
200
200
200
200
200
200
200
200
200
200
200
200
200
200
200
200
200
200
200
200
200
200
200
200
184
200
200
200
200
200
200
200
200
200
200
200
200
200
200
200
200
200
200
166
200
200
200
200
200
200
200
200
200
181
200
200
166
200
200
200
200
200
200
200
139
200
183
195
181
195
200
200
173
167
140
177
170
176
200
200
200
186
200
200
200
200
200
129
200
151
200
164
200
200
200
191
127
150
200
200
200
200
200
160
172
200
162
148
200
145
166
141
152
141
142
188
200
156
155
200
154
200
175
154
138
136
167
165
160
200
187
157
145
147
144
146
171
144
145
174
123
200
162
139
158
137
144
142
162
170
171
155
151
200
200
200
200
122
152
161
168
143
200
144
166
200
144
156
170
160
144
166
108
107
131
144
139
149
139
145
163
142
149
144
169
149
149
198
151
146
158
152
134
141
151
190
169
158
145
200
103
163
130
164
150
141
116
200
114
169
135
139
129
188
138
101
155
94
185
164
153
155
88
132
101
197
148
102
156
112
97
115
120
108
116
180
159
161
97
105
109
183
200
157
142
104
200
195
103
164
172
113
200
163
164
186
138
134
106
157
120
110
138
172
140
147
167
147
165
113
156
113
164
105
133
156
134
172
164
154
173
121
155
104
183
108
104
126
148
191
150
128
99
92
85
166
141
156
186
125
173
139
145
158
91
145
91
162
156
172
166
199
168
147
175
164
149
139
149
144
160
151
161
121
141
134
104
170
168
168
143
170
116
200
90
200
133
164
200
164
165
137
159
136
110
150
107
158
160
94
154
153
167
109
134
145
111
158
103
113
149
106
154
169
174
150
111
90
162
111
192
159
103
153
190
99
101
154
200
200
200
92
98
147
161
168
157
152
108
139
154
125
113
138
165
161
169
200
146
161
93
114
139
154
144
101
153
172
200
107
95
103
171
160
152
160
152
147
98
89
155
155
146
111
144
145
154
175
159
166
84
99
94
149
172
99
159
144
103
146
144
99
134
138
166
132
153
106
165
131
136
170
151
102
110
119
183
164
159
140
132
109
184
98
102
155
175
179
182
147
106
200
175
165
118
157
142
98
178
125
152
121
174
86
93
88
160
148
162
85
163
106
85
159
91
134
136
135
138
164
93
148
93
86
86
157
106
200
92
165
94
109
146
156
94
108
149
132
84
94
85
149
169
177
144
91
116
96
156
165
147
176
92
123
90
98
88
149
91
84
136
143
104
147
119
147
136
117
105
147
142
104
140
151
90
138
106
105
151
111
99
94
138
172
160
176
95
138
174
148
83
146
143
158
134
146
155
92
200
175
138
112
89
104
139
159
144
139
151
101
148
85
154
93
155
139
137
176
185
101
140
89
200
88
84
136
145
110
162
138
143
151
85
141
97
132
139
94
150
146
140
156
108
91
136
109
148
86
100
153
161
132
102
140
156
116
86
162
96
151
102
148
152
136
85
86
114
84
139
142
106
154
144
133
112
151
94
112
98
87
140
90
161
106
89
105
147
142
139
88
142
167
91
151
135
102
138
153
167
89
130
135
142
138
164
133
150
139
98
136
86
86
145
140
146
149
89
91
104
