200
200
200
200
200
200
200
200
200
200
200
200
200
200
200
200
200
200
200
200
200
200
200
200
200
200
200
200
200
200
200
200
200
200
200
200
200
200
200
200
200
200
200
200
200
200
200
200
200
200
200
200
200
200
200
200
200
200
200
200
200
200
200
200
200
200
200
200
200
200
200
200
200
200
200
200
200
200
200
200
200
200
200
200
200
200
200
200
200
200
200
200
200
200
200
200
200
200
200
200
200
200
200
200
200
200
200
200
200
200
200
200
200
200
200
200
200
200
200
200
200
200
200
200
200
200
200
200
200
200
200
200
200
200
200
200
200
200
200
200
200
200
200
200
200
200
200
200
200
200
200
200
200
200
200
200
200
200
200
200
200
200
200
200
200
200
200
200
200
200
200
200
200
200
200
200
200
200
200
200
200
200
200
200
200
200
200
200
200
200
200
200
200
200
200
200
200
200
200
200
200
200
200
200
200
200
200
200
200
200
200
200
200
200
200
200
200
200
200
200
200
200
200
200
200
200
200
200
200
200
200
200
200
200
200
200
200
200
200
200
200
200
200
200
200
200
200
200
200
200
200
200
200
200
200
200
200
200
200
200
200
200
200
200
200
200
200
200
200
200
200
200
200
200
200
200
200
200
200
200
200
200
200
200
200
200
200
200
200
200
200
200
200
200
200
200
200
200
200
200
200
200
200
200
200
200
200
200
200
200
200
200
200
200
200
200
200
200
200
200
200
200
200
200
200
200
200
200
200
200
200
200
200
200
200
200
200
200
200
200
200
200
200
200
200
200
200
200
200
200
200
200
200
200
200
200
200
200
200
200
200
200
200
200
200
200
200
200
200
200
200
200
200
200
200
200
200
200
200
200
200
200
200
200
200
200
200
200
200
200
200
200
200
200
200
200
200
200
200
200
200
200
200
200
200
200
200
200
200
200
200
200
200
200
200
200
200
200
200
200
200
200
200
200
200
200
200
200
200
200
200
200
200
200
200
200
200
200
200
200
200
200
200
200
200
200
200
200
200
200
200
200
200
200
200
200
200
200
200
200
200
200
200
200
200
200
200
200
200
200
200
200
200
200
200
200
200
200
200
200
200
200
200
200
200
200
200
200
200
200
200
200
200
200
200
200
200
200
200
200
200
200
200
200
200
200
200
200
173
200
200
200
200
200
198
200
158
200
200
154
200
162
188
144
151
149
156
144
164
157
147
163
173
156
192
152
144
148
131
157
141
141
95
142
200
200
155
120
200
152
190
200
159
200
200
200
200
191
200
163
200
200
200
200
200
200
200
200
200
200
200
200
200
200
200
200
165
200
121
200
147
200
200
170
200
148
200
200
111
170
156
194
165
193
136
146
191
163
200
164
133
163
145
145
159
200
200
194
177
133
159
152
200
175
116
169
150
164
200
164
166
86
131
200
200
200
200
200
116
93
178
123
173
124
170
200
179
99
157
114
97
157
130
170
97
164
159
169
157
89
98
174
161
169
149
186
85
157
100
108
84
166
96
134
99
159
97
113
141
99
106
167
147
175
100
145
144
148
157
163
111
87
148
143
129
140
163
140
106
126
112
159
91
148
107
104
121
137
158
200
108
163
145
163
141
144
108
150
150
145
182
89
144
200
84
156
96
143
185
200
125
153
123
160
96
152
144
125
160
108
159
111
109
200
84
120
163
152
151
200
107
159
152
157
125
170
110
177
137
146
180
144
144
148
200
184
147
113
145
117
88
150
155
119
149
121
141
170
151
146
112
107
136
180
111
152
108
168
100
143
107
143
162
115
161
180
140
128
110
114
150
109
111
155
111
146
105
113
97
97
118
146
135
164
179
85
200
200
195
200
192
164
195
200
115
154
103
112
110
111
117
112
115
106
87
106
93
114
109
112
138
135
116
113
99
156
94
116
121
171
150
153
152
92
88
118
142
118
110
116
86
149
124
86
164
117
122
149
102
158
164
96
149
169
196
92
92
172
121
92
103
119
85
153
161
83
168
118
168
150
161
148
161
149
134
84
138
157
116
86
118
151
106
140
108
156
121
134
179
152
124
200
173
116
149
119
157
108
96
173
198
106
180
85
126
113
97
118
98
115
95
95
111
85
143
149
84
87
146
121
168
145
156
134
150
116
161
102
191
154
132
91
98
163
151
157
111
155
160
180
170
150
176
116
200
200
200
200
152
200
200
149
185
141
88
104
199
155
200
160
173
134
162
126
119
102
84
106
134
98
93
121
115
200
90
145
111
92
148
103
149
200
121
162
91
117
153
189
146
179
