-199
-199
-199
-199
-199
-199
-199
-199
-199
-199
-199
-199
-199
-199
-199
-199
-199
-199
-199
-199
-199
-199
-199
-199
-199
-199
-199
-199
-199
-199
-199
-199
-199
-199
-199
-199
-199
-199
-199
-199
-199
-199
-199
-199
-199
-199
-199
-199
-199
-199
-199
-199
-199
-199
-199
-199
-199
-199
-199
-199
-199
-199
-199
-199
-199
-199
-199
-199
-199
-199
-199
-199
-199
-199
-199
-199
-199
-199
-199
-199
-199
-199
-199
-199
-199
-199
-199
-199
-199
-199
-199
-199
-199
-199
-199
-199
-199
-199
-199
-199
-199
-199
-199
-199
-199
-199
-199
-199
-199
-199
-199
-199
-199
-199
-199
-199
-199
-199
-199
-199
-199
-199
-199
-199
-199
-199
-199
-199
-199
-199
-199
-199
-199
-199
-199
-199
-199
-199
-199
-199
-199
-199
-199
-199
-199
-199
-199
-199
-199
-199
-199
-199
-199
-199
-199
-199
-199
-199
-199
-199
-199
-199
-199
-199
-199
-199
-199
-199
-199
-199
-199
-199
-157
-199
-199
-199
-199
-199
-199
-199
-194
-199
-199
-199
-199
-199
-199
-199
-199
-199
-199
-199
-199
-199
-174
-199
-199
-155
-199
-199
-199
-199
-199
-199
-199
-199
-167
-187
-199
-199
-199
-199
-199
-199
-199
-199
-199
-199
-149
-199
-199
-199
-199
-180
-199
-151
-199
-199
-194
-199
-199
-199
-199
-178
-199
-199
-199
-199
-199
-199
-199
-199
-199
-199
-199
-199
-199
-199
-199
-199
-165
-199
-199
-199
-199
-199
-199
-199
-156
-199
-199
-199
-188
-199
-199
-199
-167
-185
-199
-187
-199
-199
-166
-199
-199
-159
-199
-199
-199
-199
-177
-199
-158
-155
-164
-199
-186
-117
-117
-154
-145
-151
-151
-146
-142
-150
-149
-120
-199
-199
-162
-186
-159
-148
-160
-160
-140
-186
-156
-156
-149
-176
-158
-151
-155
-199
-150
-153
-159
-181
-185
-164
-156
-199
-199
-158
-163
-161
-199
-165
-199
-126
-199
-124
-161
-199
-96
-138
-154
-156
-142
-155
-158
-144
-148
-199
-116
-174
-115
-149
-179
-161
-199
-199
-199
-149
-199
-166
-120
-158
-119
-157
-119
-183
-154
-119
-171
-152
-133
-170
-157
-199
-139
-93
-118
-142
-157
-147
-105
-152
-159
-155
-117
-155
-161
-121
-161
-151
-113
-144
-170
-151
-120
-128
-182
-152
-149
-141
-145
-150
-147
-150
-186
-130
-114
-149
-164
-168
-154
-154
-144
-144
-155
-143
-125
-138
-151
-175
-161
-169
-199
-155
-199
-150
-199
-111
-162
-151
-119
-139
-145
-159
-147
-143
-148
-176
-199
-199
-108
-192
-126
-154
-152
-162
-152
-143
-153
-150
-143
-153
-150
-173
-152
-150
-123
-154
-161
-107
-143
-154
-151
-127
-124
-149
-108
-168
-156
-153
-149
-160
-199
-147
-199
-151
-199
-199
-199
-157
-155
-188
-115
-181
-170
-109
-115
-120
-199
-111
-157
-156
-113
-197
-159
-116
-160
-115
-103
-119
-149
-148
-123
-86
-156
-114
-142
-172
-116
-93
-119
-165
-102
-115
-83
-195
-113
-163
-155
-158
-122
-119
-155
-167
-196
-164
-102
-109
-186
-105
-95
-107
-169
-145
-108
-164
-121
-168
-164
-123
-171
-90
-171
-117
-128
-116
-156
-109
-164
-158
-110
-169
-97
-154
-159
-94
-92
-90
-168
-122
-113
-122
-109
-158
-115
-171
-118
-108
-143
-109
-146
-155
-114
-152
-121
-149
-158
-150
-92
-157
-195
-153
-118
-155
-162
-172
-94
-114
-105
-104
-166
-109
-150
-107
-146
-107
-136
-153
-154
-105
-107
-151
-150
-149
-109
-105
-92
-152
-162
-144
-150
-110
-113
-152
-106
-163
-139
-171
-199
-164
-134
-158
-123
-199
-147
-108
-87
-107
-112
-105
-87
-115
-150
-152
-117
-155
-142
-150
-199
-159
-155
-164
-196
-149
-115
-145
-104
-144
-120
-104
-104
-150
-137
-111
-111
-119
-106
-110
-142
-139
-129
-144
-180
-157
-115
-166
-144
-152
-162
-144
-128
-166
-154
-102
-168
-157
-100
-158
-169
-114
-112
-103
-110
-113
-165
-152
-155
-140
-91
-143
-194
-163
-149
-103
-112
-158
-120
-146
-146
-92
-119
-109
-105
-101
-160
-151
-169
-90
-105
-89
-105
-105
-99
-106
-149
-165
-87
-125
-106
-88
-107
-116
-151
-106
-108
-86
-108
-144
-164
-161
-106
-109
-199
-150
-99
-95
-95
-146
-109
-107
-106
-92
-156
-88
-154
-109
-109
-110
-103
-91
-153
-105
-96
-150
-160
-196
-173
-199
-199
-199
-187
-102
-152
-119
-106
-138
-89
-85
-135
-92
-119
-155
-97
-150
-161
-154
-114
-169
-160
-119
-176
-88
-164
-110
-119
-84
-116
-155
-109
-155
-107
-112
-107
-123
-164
-97
-112
-102
-121
-165
-88
-167
-103
-104
-110
-88
-158
-142
-95
-106
-92
-109
-158
-169
-108
-108
-155
-100
-119
-103
-108
-88
-118
-158
-104
-109
-157
-103
-152
-85
-107
-111
-104
-97
-96
-116
-178
-96
-116
-87
-105
-114
-108
-149
-106
-131
-104
-112
-106
-105
-117
-105
-104
-108
-103
-110
-171
-106
-105
-106
-142
-106
-106
-85
-108
-120
-125
-95
-105
-111
-105
-95
-140
-101
-120
-164
-153
-88
-110
-106
-142
-100
-126
-83
-127
-82
-103
-112
-144
-101
-104
-125
-107
-149
-145
-107
-126
-144
-104
-161
-101
-139
-164
-169
-164
-147
-116
-88
-133
-164
-104
-127
-184
-158
-155
-104
-109
-108
-101
-110
-99
-83
-104
-109
-146
-108
-122
-151
-108
-122
-83
-114
-104
-132
-152
-112
-104
-104
-120
-85
-111
-107
-112
-100
-106
-86
-106
-108
-103
-107
-149
-86
-104
-109
-108
-105
-99
-103
-85
-114
-112
-105
-104
-104
-103
-107
-159
-107
-109
-105
-87
-102
-104
-154
-83
-105
-123
-99
-105
-170
-84
-108
-84
-100
-102
-102
-112
-87
-105
-101
-104
-98
-103
-86
-103
-107
-108
-97
-105
-112
-104
-111
