-199
-199
-199
-199
-199
-199
-199
-199
-199
-199
-199
-199
-199
-199
-199
-199
-199
-199
-199
-199
-199
-199
-199
-199
-199
-199
-199
-199
-199
-199
-199
-199
-199
-199
-199
-199
-199
-199
-199
-199
-199
-199
-199
-199
-199
-199
-199
-199
-199
-199
-199
-199
-199
-199
-199
-199
-199
-199
-199
-199
-199
-199
-199
-199
-199
-199
-199
-199
-199
-199
-199
-199
-199
-199
-199
-199
-199
-199
-199
-199
-199
-199
-199
-199
-199
-199
-199
-199
-199
-199
-199
-199
-199
-199
-199
-199
-199
-199
-199
-199
-199
-199
-199
-199
-199
-199
-199
-199
-199
-199
-199
-199
-199
-199
-199
-199
-199
-199
-199
-199
-199
-199
-199
-199
-199
-199
-199
-199
-199
-199
-199
-199
-199
-199
-199
-199
-199
-199
-199
-199
-199
-199
-199
-199
-199
-199
-199
-199
-199
-199
-199
-199
-199
-199
-199
-199
-199
-199
-199
-199
-199
-199
-199
-199
-199
-199
-199
-199
-199
-199
-199
-199
-199
-199
-199
-199
-199
-199
-199
-199
-199
-199
-199
-199
-199
-199
-199
-199
-199
-199
-199
-199
-199
-199
-199
-199
-199
-199
-199
-199
-199
-199
-199
-199
-199
-199
-199
-199
-199
-199
-199
-199
-199
-199
-199
-199
-199
-199
-199
-199
-199
-199
-199
-199
-199
-199
-199
-199
-199
-199
-199
-199
-199
-199
-199
-199
-199
-199
-199
-199
-199
-199
-199
-199
-199
-199
-199
-199
-199
-199
-199
-199
-199
-199
-199
-199
-199
-199
-199
-199
-199
-199
-199
-199
-199
-199
-199
-199
-199
-199
-199
-199
-199
-199
-199
-199
-199
-199
-199
-199
-199
-199
-199
-199
-199
-199
-199
-199
-199
-199
-199
-199
-199
-199
-199
-199
-199
-199
-199
-199
-199
-199
-199
-199
-199
-199
-199
-199
-199
-199
-199
-199
-199
-199
-199
-199
-199
-199
-199
-199
-199
-199
-199
-199
-199
-199
-199
-199
-199
-163
-199
-199
-199
-199
-199
-199
-199
-199
-199
-174
-199
-199
-199
-199
-199
-199
-199
-199
-199
-199
-199
-199
-175
-199
-199
-199
-199
-199
-199
-199
-199
-199
-199
-199
-199
-199
-199
-199
-199
-199
-199
-199
-199
-199
-199
-199
-197
-199
-199
-151
-185
-199
-199
-199
-162
-199
-199
-138
-199
-199
-199
-199
-199
-199
-199
-199
-199
-199
-199
-175
-176
-199
-199
-199
-199
-199
-199
-199
-199
-199
-199
-178
-179
-195
-127
-169
-174
-199
-170
-139
-199
-199
-199
-178
-159
-180
-160
-199
-153
-170
-140
-145
-157
-144
-146
-85
-199
-154
-160
-161
-151
-154
-148
-141
-167
-149
-149
-90
-159
-140
-114
-199
-147
-148
-199
-199
-144
-146
-162
-199
-166
-145
-119
-136
-166
-144
-171
-182
-114
-147
-199
-187
-156
-140
-125
-177
-121
-195
-187
-141
-170
-157
-160
-168
-148
-189
-160
-166
-131
-143
-153
-179
-133
-150
-155
-199
-164
-141
-93
-113
-137
-137
-107
-144
-100
-199
-198
-118
-170
-160
-194
-127
-162
-169
-142
-111
-93
-150
-107
-199
-100
-199
-185
-132
-178
-199
-199
-175
-115
-146
-147
-153
-128
-199
-122
-142
-158
-163
-152
-168
-113
-199
-135
-120
-181
-155
-161
-115
-158
-94
-178
-199
-158
-179
-139
-94
-143
-146
-199
-136
-152
-109
-139
-190
-131
-109
-132
-109
-89
-158
-112
-149
-134
-110
-139
-163
-164
-140
-182
-140
-129
-136
-114
-193
-199
-112
-151
-143
-187
-112
-118
-136
-155
-135
-140
-152
-118
-165
-135
-134
-152
-116
-110
-128
-141
-135
-133
-143
-171
-120
-109
-167
-114
-109
-90
-124
-106
-166
-109
-156
-147
-153
-111
-147
-148
-175
-112
-139
-149
-134
-159
-112
-111
-111
-157
-109
-152
-155
-108
-153
-143
-104
-149
-128
-176
-158
-160
-149
-145
-154
-119
-170
-170
-84
-165
-145
-123
-132
-158
-110
-160
-155
-111
-158
-111
-166
-146
-168
-156
-140
-185
-154
-95
-199
-141
-156
-141
-154
-85
-186
-109
-87
-164
-109
-157
-105
-163
-103
-107
-115
-112
-87
-108
-146
-153
-173
-140
-116
-112
-150
-134
-161
-124
-177
-150
-144
-161
-106
-141
-99
-155
-103
-154
-148
-115
-138
-94
-132
-85
-164
-111
-110
-156
-156
-92
-159
-158
-114
-163
-147
-112
-148
-142
-157
-112
-142
-164
-85
-147
-149
-89
-115
-89
-107
-107
-106
-96
-110
-110
-111
-147
-105
-127
-151
-153
-190
-102
-164
-129
-125
-119
-104
-110
-105
-199
-149
-151
-108
-135
-143
-166
-109
-142
-118
-103
-163
-104
-199
-193
-147
-140
-150
-99
-159
-146
-172
-171
-152
-152
-186
-127
-158
-92
-150
-150
-146
-91
-147
-143
-150
-103
-93
-106
-139
-197
-139
-181
-152
-148
-160
-153
-199
-118
-145
-149
-131
-139
-115
-120
-125
-121
-110
-168
-124
-159
-158
-164
-143
-92
-199
-165
-199
-113
-124
-149
-141
-146
-111
-154
-161
-116
-171
-156
-135
-111
-91
-116
-145
-199
-83
-107
-152
-95
-165
-139
-142
-122
-94
-175
-148
-110
-150
-113
-130
-113
-139
-168
-147
-111
-126
-85
-199
-146
-150
-112
-113
-166
-115
-90
-90
-168
-143
-164
-145
-107
-100
-124
-108
-199
-169
-129
-143
-88
-120
-112
-91
-143
-119
-109
-165
-104
-156
-168
-96
-102
-149
-109
-172
-107
-94
-158
-87
-180
-87
-100
-82
-122
-199
-182
-135
-131
-171
-161
-195
-199
-172
-168
-154
-160
-87
-109
-199
-174
-88
-91
-156
-93
-172
-102
-157
-83
-162
-107
-163
-165
-103
-151
-157
-196
-145
-153
-86
-184
-163
-112
-138
-120
-156
-193
-109
-176
-162
-101
-152
-199
-114
-156
-161
-153
-131
-84
-104
-178
-114
-90
-92
-156
-166
-101
-128
-112
-112
-148
-109
-106
-162
-167
-132
-106
-184
-156
-155
-108
-139
-175
-86
-143
-135
-149
-146
