200
200
200
200
200
200
200
200
200
200
200
200
200
200
200
200
200
200
200
200
200
200
200
200
200
200
200
200
200
200
200
200
200
200
200
200
200
200
200
200
200
200
200
200
200
200
200
200
200
200
200
200
200
200
200
200
200
200
200
200
200
200
200
200
200
200
200
200
200
200
200
200
200
200
200
200
200
200
200
200
200
200
200
200
200
200
200
200
200
200
200
200
200
200
200
200
200
200
200
200
200
200
200
200
200
200
200
200
200
200
200
200
200
200
200
200
200
200
200
200
200
200
200
200
200
200
200
200
200
200
200
200
200
200
200
200
200
200
200
200
200
200
200
200
200
200
200
200
200
200
200
200
200
200
200
200
200
200
200
200
200
200
200
200
200
200
200
200
200
200
200
200
200
200
200
200
200
200
200
200
200
200
200
200
200
200
200
200
200
200
200
200
200
200
200
200
200
200
200
200
200
200
200
200
200
200
200
200
200
200
200
200
200
200
200
200
200
200
200
200
200
200
200
200
200
200
200
200
200
200
200
200
200
200
200
200
200
200
200
200
200
200
200
200
200
200
200
200
200
200
200
200
200
200
200
200
200
200
200
200
200
200
200
200
200
200
200
200
200
200
200
200
200
200
200
200
200
200
200
200
200
200
200
200
200
200
200
200
200
200
200
200
200
200
200
200
200
200
200
200
200
200
200
200
200
200
200
200
200
200
200
200
200
200
200
200
200
200
200
194
200
200
200
200
200
200
200
200
200
200
200
200
200
200
200
200
200
200
200
200
200
152
200
200
200
200
200
200
200
200
200
200
194
200
200
196
200
200
200
176
200
183
200
200
200
200
200
200
177
192
200
200
200
200
152
200
200
175
200
180
189
185
200
187
185
200
200
200
200
200
200
183
199
200
174
194
200
186
166
165
188
128
127
200
164
200
200
200
145
200
147
188
179
126
144
183
200
200
190
200
200
123
200
200
130
118
119
112
148
152
174
113
122
189
162
154
165
144
155
143
149
116
194
143
198
144
154
182
149
142
149
138
149
158
140
145
200
200
162
200
200
197
200
151
200
200
146
200
200
145
144
169
200
169
139
85
200
158
200
200
147
124
200
200
200
162
146
154
166
161
89
157
165
141
200
151
176
180
151
149
166
200
163
150
155
141
165
120
152
166
148
150
156
167
161
87
116
163
168
110
153
146
140
194
167
94
93
90
153
186
145
133
156
146
200
141
129
98
137
127
149
144
111
112
160
89
174
149
158
164
155
165
163
157
160
161
162
128
163
135
128
137
128
143
161
149
122
107
155
157
133
155
174
149
155
137
183
148
145
137
140
138
200
105
142
159
200
134
158
129
94
136
135
138
130
120
143
139
153
131
111
145
170
136
150
130
148
144
147
126
139
162
104
181
97
172
162
169
200
176
132
154
200
200
163
173
131
151
162
150
98
163
159
157
159
90
164
142
162
148
98
153
101
141
149
134
131
137
163
180
172
91
158
104
200
135
145
138
146
141
147
132
153
135
90
157
130
125
136
135
146
138
147
169
149
132
121
121
140
149
200
86
163
196
149
181
150
150
137
100
152
92
179
129
153
136
108
164
152
114
97
153
143
141
150
136
96
200
200
155
150
152
152
175
157
200
200
159
159
140
95
126
144
99
155
117
90
193
92
200
200
137
154
88
137
149
85
108
156
89
122
152
92
200
153
100
200
142
109
200
139
200
160
148
91
159
146
132
140
138
113
135
134
137
137
167
164
94
89
147
118
149
111
123
129
165
143
142
96
122
163
137
144
150
161
157
117
174
114
165
100
196
135
150
162
200
87
156
112
154
177
139
173
198
161
134
85
103
89
117
149
144
142
148
149
153
138
146
108
200
136
167
155
159
153
108
160
151
145
200
165
200
111
89
140
133
156
146
159
200
132
158
155
113
97
163
161
200
119
153
135
151
200
156
153
152
153
91
146
200
160
98
87
141
200
135
105
85
157
159
105
200
152
148
96
120
144
148
86
86
93
152
161
97
85
151
161
145
137
86
130
84
160
134
166
144
157
105
153
143
137
139
161
157
139
136
133
146
137
87
155
157
130
169
159
85
148
156
159
200
142
200
160
137
148
149
200
168
102
134
138
156
154
148
136
135
176
154
148
200
159
159
154
98
171
92
152
157
144
169
118
151
154
159
155
137
140
101
91
119
144
105
100
163
162
136
165
144
149
154
147
143
150
150
200
200
91
96
200
151
162
152
140
141
145
141
129
161
152
119
137
160
88
97
151
142
95
200
93
149
