200
200
200
200
200
200
200
200
200
200
200
200
200
200
200
200
200
200
200
200
200
200
200
200
200
200
200
200
200
200
200
200
200
200
200
200
200
200
200
200
200
200
200
200
200
200
200
200
200
200
200
200
200
200
200
200
200
200
200
200
200
200
200
200
200
200
200
200
200
200
200
200
200
200
200
200
200
200
200
200
200
200
200
200
200
200
200
200
200
200
200
200
200
200
200
200
200
200
200
200
200
200
200
200
200
200
200
200
200
200
200
200
200
200
200
200
200
200
200
200
200
200
200
200
200
200
200
200
200
200
200
200
200
200
200
200
200
200
200
200
200
200
200
200
200
200
200
200
200
200
200
200
200
200
200
200
200
200
200
200
200
200
200
200
200
200
200
200
200
200
200
200
200
200
200
200
200
200
200
200
200
200
200
200
200
200
200
200
200
200
200
200
200
200
200
200
200
200
200
200
200
200
200
200
200
200
200
200
200
200
200
200
200
200
200
200
200
200
200
200
200
200
200
200
200
200
200
200
200
200
178
200
200
200
200
200
200
200
200
200
200
200
200
200
200
200
200
200
200
200
200
200
200
200
200
200
200
200
200
200
200
200
200
200
200
200
200
200
200
200
200
200
200
200
200
200
200
200
200
200
200
200
200
200
200
200
200
200
200
200
200
200
200
200
200
200
200
200
200
200
200
200
200
200
200
200
200
200
200
200
200
200
200
200
200
200
200
200
200
200
200
200
200
200
200
200
200
200
200
200
200
200
200
200
200
200
200
200
200
200
200
200
200
200
200
200
200
200
200
151
200
200
200
200
200
200
200
200
200
200
200
200
200
168
200
200
200
200
189
200
200
200
200
200
200
200
200
200
200
200
200
200
200
200
164
196
200
200
200
200
185
200
200
200
200
200
200
200
200
200
200
200
200
200
200
200
156
180
151
153
200
200
161
200
149
200
111
139
130
193
145
163
173
200
166
200
165
148
165
176
171
145
198
101
106
164
167
123
155
153
130
157
161
150
159
152
166
155
94
154
155
160
147
150
190
190
95
163
157
172
143
146
152
146
149
151
94
144
156
153
158
147
153
138
150
116
144
148
142
187
200
144
145
132
140
158
162
141
132
148
153
141
147
134
145
153
142
139
159
150
158
164
153
150
167
152
156
113
185
115
111
101
123
141
145
145
119
127
112
118
113
124
153
143
119
119
118
124
123
118
122
130
177
152
126
134
120
126
150
117
146
118
112
165
173
158
164
119
150
145
149
142
148
88
170
163
153
150
164
143
156
131
154
94
146
174
146
105
89
200
160
145
94
138
110
183
164
174
97
187
144
176
146
131
161
88
159
156
137
147
147
85
149
180
94
142
115
170
89
120
151
172
97
146
107
159
153
141
176
97
155
98
160
159
127
161
90
112
163
91
163
136
150
103
160
131
161
180
200
167
158
135
200
105
200
136
143
139
200
155
199
200
200
167
154
118
95
161
132
94
128
164
200
165
99
135
136
176
158
146
152
130
136
155
148
110
152
145
154
138
139
148
137
143
147
86
137
153
131
171
179
141
159
158
135
158
160
132
140
146
159
87
100
130
148
146
146
159
158
153
143
92
150
130
141
101
97
165
156
146
149
105
154
135
171
134
153
105
149
149
159
152
150
158
200
145
123
200
99
93
150
200
153
96
152
147
102
163
134
159
157
89
151
157
143
140
95
153
200
108
144
151
126
97
150
143
143
170
146
140
158
143
151
152
158
156
101
141
138
192
143
97
140
130
166
116
138
139
187
180
94
143
155
137
146
160
188
148
160
150
85
111
84
151
156
144
106
107
140
149
138
143
145
93
143
156
151
138
139
112
98
149
110
150
165
140
156
124
149
149
146
109
85
158
92
137
142
162
104
104
113
181
141
200
121
176
200
169
124
109
145
97
159
141
96
154
134
102
165
128
142
142
86
160
107
134
161
133
99
162
158
144
122
159
141
132
143
131
84
117
139
112
96
153
145
127
138
129
127
134
119
131
108
160
85
138
149
165
150
136
136
170
167
145
90
85
132
142
131
128
112
104
159
142
124
87
142
135
140
156
90
157
123
90
151
157
200
157
87
148
89
173
151
92
97
100
186
193
180
88
143
117
146
95
157
144
172
116
154
173
168
167
116
91
96
166
150
146
159
136
132
151
152
162
148
85
147
157
137
146
139
98
132
137
138
181
89
151
120
139
132
139
140
140
162
98
92
148
88
141
182
88
95
146
170
92
148
152
144
87
145
85
85
87
153
87
145
114
87
148
