200
200
200
200
200
200
200
200
200
200
200
200
200
200
200
200
200
200
200
200
200
200
200
200
200
200
200
200
200
200
200
200
200
200
200
200
200
200
200
200
200
200
200
200
200
200
200
200
200
200
200
200
200
200
200
200
200
200
200
200
200
200
200
200
200
200
200
200
200
200
200
200
200
200
200
200
200
200
200
200
200
200
200
200
200
200
200
200
200
200
200
200
200
200
200
200
200
200
200
200
200
200
200
200
200
200
200
200
200
200
200
200
200
200
200
200
200
200
200
200
200
200
200
200
200
200
200
200
200
200
200
200
200
200
200
200
200
200
200
200
200
200
200
200
200
200
200
200
200
200
200
200
200
200
200
200
200
200
200
200
200
200
200
200
200
200
200
200
200
200
200
200
200
200
200
200
200
200
200
200
200
200
200
200
200
200
200
200
200
200
200
200
200
200
200
200
200
200
200
200
200
200
200
200
200
200
200
200
200
200
200
200
200
200
200
200
200
200
200
200
200
200
200
200
200
200
200
200
200
200
200
200
200
200
200
200
200
200
200
200
200
200
200
200
200
200
200
200
200
200
200
200
200
200
200
200
200
200
200
200
200
200
200
200
200
200
200
200
200
200
200
200
200
200
200
200
200
200
200
200
200
200
200
200
200
200
200
200
200
200
200
200
200
200
200
200
200
200
200
200
200
200
200
200
200
200
200
200
200
200
200
200
200
200
200
200
200
200
200
200
200
200
200
200
192
200
200
200
200
200
154
200
200
200
200
200
200
171
200
169
200
126
200
200
169
129
162
200
126
161
150
148
150
156
112
151
149
152
130
200
172
153
167
200
124
155
166
200
190
153
169
171
190
168
177
200
200
180
200
200
200
179
200
200
200
200
128
200
200
200
130
200
200
123
200
200
123
200
192
200
200
168
123
147
121
140
155
154
160
156
200
166
153
173
200
128
159
112
175
200
200
150
181
199
200
121
94
200
156
161
114
157
182
166
129
159
149
172
171
116
173
128
200
189
200
200
164
179
171
190
172
199
158
136
155
200
96
163
126
200
200
180
200
200
182
200
200
164
200
200
97
136
158
121
90
149
126
156
122
151
146
164
170
97
147
118
150
125
200
113
125
177
150
133
90
101
122
147
182
89
193
109
156
120
111
146
139
143
145
152
119
104
160
107
88
155
148
113
147
138
147
159
158
132
155
120
174
122
118
200
129
159
126
158
194
168
180
110
200
164
200
123
200
200
200
200
200
200
200
200
139
155
105
117
147
161
113
110
96
157
160
172
111
155
107
142
147
147
88
121
169
112
158
110
166
107
156
118
153
120
146
115
200
166
186
102
200
200
130
149
144
112
151
158
148
133
116
163
200
90
124
112
92
200
98
129
110
153
110
99
149
115
158
112
163
200
149
193
167
115
118
200
101
200
95
200
200
91
200
200
194
200
200
172
200
106
115
121
200
119
187
123
154
192
148
200
92
131
151
138
142
122
86
142
158
168
135
136
161
147
184
169
112
200
173
151
200
115
199
121
164
200
117
181
116
109
158
109
86
114
114
138
117
149
200
164
118
200
126
113
166
124
159
188
152
182
192
200
149
139
200
153
200
130
181
187
116
157
172
174
171
130
197
166
111
143
88
136
118
93
168
111
174
126
144
172
176
179
147
112
109
87
122
108
161
130
113
200
118
124
89
185
161
130
132
191
181
142
142
95
97
200
152
196
158
127
164
142
88
172
175
167
154
200
159
200
187
99
200
158
190
168
114
200
174
200
112
178
131
183
114
93
174
160
123
181
86
112
194
114
118
90
117
164
92
151
108
123
200
115
184
156
121
97
174
115
104
91
120
159
126
158
194
147
181
170
116
86
106
111
154
121
200
111
176
118
141
112
92
89
198
89
161
153
159
97
147
124
154
120
108
137
138
97
140
98
138
140
137
166
136
135
188
114
158
132
157
141
116
134
131
139
128
156
99
157
108
92
161
163
182
200
115
114
134
93
115
164
151
151
115
94
160
135
119
170
115
160
145
114
154
190
132
116
138
102
90
124
145
92
192
145
89
176
144
85
133
144
114
141
94
125
168
185
168
108
103
114
91
118
185
123
141
154
119
101
200
90
158
127
173
109
175
127
91
123
166
124
99
101
109
173
114
103
116
168
113
84
146
168
120
169
160
92
96
165
110
126
161
109
167
92
163
86
157
113
160
113
184
110
166
151
115
167
101
107
169
111
108
89
169
162
110
121
177
109
165
135
167
140
167
110
175
110
106
86
200
167
179
152
