-199
-199
-199
-199
-199
-199
-199
-199
-199
-199
-199
-199
-199
-199
-199
-199
-199
-199
-199
-199
-199
-199
-199
-199
-199
-199
-199
-199
-199
-199
-199
-199
-199
-199
-199
-199
-199
-199
-199
-199
-199
-199
-199
-199
-199
-199
-199
-199
-199
-199
-199
-199
-199
-199
-199
-199
-199
-199
-199
-199
-199
-199
-199
-199
-199
-199
-199
-199
-199
-199
-199
-199
-199
-199
-199
-199
-199
-199
-199
-199
-199
-199
-199
-199
-199
-199
-199
-199
-199
-199
-199
-199
-199
-199
-199
-199
-199
-199
-199
-199
-199
-199
-199
-199
-199
-199
-199
-199
-199
-199
-199
-199
-199
-199
-199
-199
-199
-199
-199
-199
-199
-199
-199
-199
-199
-199
-199
-199
-199
-199
-199
-199
-199
-199
-199
-199
-199
-199
-199
-199
-199
-199
-199
-199
-199
-199
-199
-199
-199
-199
-199
-199
-199
-199
-199
-199
-199
-199
-199
-199
-199
-199
-199
-199
-199
-199
-199
-199
-199
-199
-199
-199
-199
-199
-199
-199
-199
-199
-199
-199
-199
-199
-199
-199
-199
-199
-199
-199
-199
-199
-199
-199
-199
-199
-199
-199
-199
-199
-199
-199
-199
-199
-199
-199
-199
-199
-199
-199
-199
-199
-199
-199
-199
-199
-199
-199
-199
-199
-199
-199
-199
-199
-199
-199
-199
-199
-199
-199
-199
-199
-199
-199
-199
-199
-199
-199
-199
-199
-199
-199
-199
-199
-167
-199
-199
-199
-199
-199
-199
-199
-199
-199
-199
-199
-199
-199
-199
-199
-199
-199
-199
-199
-199
-199
-199
-199
-199
-199
-199
-199
-199
-199
-199
-199
-195
-199
-199
-199
-199
-199
-199
-199
-199
-199
-199
-199
-199
-199
-199
-199
-199
-199
-199
-199
-199
-199
-199
-199
-161
-199
-199
-199
-199
-199
-199
-199
-199
-199
-199
-199
-199
-199
-199
-199
-199
-199
-199
-199
-199
-199
-199
-199
-199
-199
-199
-183
-199
-199
-199
-199
-199
-199
-199
-199
-199
-199
-199
-199
-199
-199
-199
-199
-199
-199
-165
-199
-199
-199
-199
-199
-199
-199
-199
-199
-180
-199
-199
-165
-199
-199
-199
-199
-199
-199
-199
-138
-199
-182
-194
-180
-194
-199
-199
-172
-166
-139
-176
-169
-175
-199
-199
-199
-185
-199
-199
-199
-199
-199
-128
-199
-150
-199
-163
-199
-199
-199
-190
-126
-149
-199
-199
-199
-199
-199
-159
-171
-199
-161
-147
-199
-144
-165
-140
-151
-140
-141
-187
-199
-155
-154
-199
-153
-199
-174
-153
-137
-135
-166
-164
-159
-199
-186
-156
-144
-146
-143
-145
-170
-143
-144
-173
-122
-199
-161
-138
-157
-136
-143
-141
-161
-169
-170
-154
-150
-199
-199
-199
-199
-121
-151
-160
-167
-142
-199
-143
-165
-199
-143
-155
-169
-159
-143
-165
-107
-106
-130
-143
-138
-148
-138
-144
-162
-141
-148
-143
-168
-148
-148
-197
-150
-145
-157
-151
-133
-140
-150
-189
-168
-157
-144
-199
-102
-162
-129
-163
-149
-140
-115
-199
-113
-168
-134
-138
-128
-187
-137
-100
-154
-93
-184
-163
-152
-154
-87
-131
-100
-196
-147
-101
-155
-111
-96
-114
-119
-107
-115
-179
-158
-160
-96
-104
-108
-182
-199
-156
-141
-103
-199
-194
-102
-163
-171
-112
-199
-162
-163
-185
-137
-133
-105
-156
-119
-109
-137
-171
-139
-146
-166
-146
-164
-112
-155
-112
-163
-104
-132
-155
-133
-171
-163
-153
-172
-120
-154
-103
-182
-107
-103
-125
-147
-190
-149
-127
-98
-91
-84
-165
-140
-155
-185
-124
-172
-138
-144
-157
-90
-144
-90
-161
-155
-171
-165
-198
-167
-146
-174
-163
-148
-138
-148
-143
-159
-150
-160
-120
-140
-133
-103
-169
-167
-167
-142
-169
-115
-199
-89
-199
-132
-163
-199
-163
-164
-136
-158
-135
-109
-149
-106
-157
-159
-93
-153
-152
-166
-108
-133
-144
-110
-157
-102
-112
-148
-105
-153
-168
-173
-149
-110
-89
-161
-110
-191
-158
-102
-152
-189
-98
-100
-153
-199
-199
-199
-91
-97
-146
-160
-167
-156
-151
-107
-138
-153
-124
-112
-137
-164
-160
-168
-199
-145
-160
-92
-113
-138
-153
-143
-100
-152
-171
-199
-106
-94
-102
-170
-159
-151
-159
-151
-146
-97
-88
-154
-154
-145
-110
-143
-144
-153
-174
-158
-165
-83
-98
-93
-148
-171
-98
-158
-143
-102
-145
-143
-98
-133
-137
-165
-131
-152
-105
-164
-130
-135
-169
-150
-101
-109
-118
-182
-163
-158
-139
-131
-108
-183
-97
-101
-154
-174
-178
-181
-146
-105
-199
-174
-164
-117
-156
-141
-97
-177
-124
-151
-120
-173
-85
-92
-87
-159
-147
-161
-84
-162
-105
-84
-158
-90
-133
-135
-134
-137
-163
-92
-147
-92
-85
-85
-156
-105
-199
-91
-164
-93
-108
-145
-155
-93
-107
-148
-131
-83
-93
-84
-148
-168
-176
-143
-90
-115
-95
-155
-164
-146
-175
-91
-122
-89
-97
-87
-148
-90
-83
-135
-142
-103
-146
-118
-146
-135
-116
-104
-146
-141
-103
-139
-150
-89
-137
-105
-104
-150
-110
-98
-93
-137
-171
-159
-175
-94
-137
-173
-147
-82
-145
-142
-157
-133
-145
-154
-91
-199
-174
-137
-111
-88
-103
-138
-158
-143
-138
-150
-100
-147
-84
-153
-92
-154
-138
-136
-175
-184
-100
-139
-88
-199
-87
-83
-135
-144
-109
-161
-137
-142
-150
-84
-140
-96
-131
-138
-93
-149
-145
-139
-155
-107
-90
-135
-108
-147
-85
-99
-152
-160
-131
-101
-139
-155
-115
-85
-161
-95
-150
-101
-147
-151
-135
-84
-85
-113
-83
-138
-141
-105
-153
-143
-132
-111
-150
-93
-111
-97
-86
-139
-89
-160
-105
-88
-104
-146
-141
-138
-87
-141
-166
-90
-150
-134
-101
-137
-152
-166
-88
-129
-134
-141
-137
-163
-132
-149
-138
-97
-135
-85
-85
-144
-139
-145
-148
-88
-90
-103
