200
200
200
200
200
200
200
200
200
200
200
200
200
200
200
200
200
200
200
200
200
200
200
200
200
200
200
200
200
200
200
200
200
200
200
200
200
200
200
200
200
200
200
200
200
200
200
200
200
200
200
200
200
200
200
200
200
200
200
200
200
200
200
200
200
200
200
200
200
200
200
200
200
200
200
200
200
200
200
200
200
200
200
200
200
200
200
200
200
200
200
200
200
200
200
200
200
200
200
200
200
200
200
200
200
200
200
200
200
200
200
200
200
200
200
200
200
200
200
200
200
200
200
200
200
200
200
200
200
200
200
200
200
200
200
200
200
200
200
200
200
200
200
200
200
200
200
200
200
200
200
200
200
200
200
200
200
200
200
200
200
200
200
200
200
200
200
200
200
200
200
200
200
200
200
200
200
200
200
200
200
200
200
200
200
200
200
200
200
200
200
200
200
200
200
200
200
200
200
200
200
200
200
200
200
200
200
200
200
200
200
200
200
200
200
200
200
200
200
200
200
200
200
200
200
200
200
200
200
200
200
200
200
200
200
200
200
200
200
200
200
200
200
200
200
200
200
200
200
200
200
200
200
200
200
200
200
200
200
200
200
200
200
200
200
200
200
200
200
200
200
200
200
200
200
200
200
200
200
200
200
200
200
200
200
200
158
200
200
200
200
200
200
200
200
200
200
200
200
200
200
200
152
200
200
200
200
200
131
200
200
192
200
200
200
200
200
200
178
200
200
200
200
200
200
200
200
200
200
200
200
200
200
200
200
156
186
200
200
200
200
200
200
200
200
192
200
200
200
200
200
198
200
200
200
200
200
200
200
200
200
200
200
200
200
200
200
179
200
186
200
183
200
200
200
200
188
200
177
117
175
149
145
200
128
170
151
186
151
154
152
159
200
183
176
148
200
157
162
135
151
144
166
180
150
147
174
114
160
159
141
146
164
150
153
152
151
179
149
164
165
200
162
144
146
154
172
135
145
200
154
94
137
200
137
158
89
156
188
154
111
148
151
112
153
153
153
152
149
146
159
119
179
161
131
121
200
171
124
162
190
119
150
124
126
155
117
160
116
169
113
123
153
115
180
111
190
145
141
142
150
146
151
152
141
124
146
149
113
115
108
147
143
108
135
157
154
123
160
92
94
147
115
90
118
87
107
200
141
151
112
123
110
112
110
185
114
111
104
200
165
113
124
114
123
108
117
112
110
171
159
116
117
108
90
118
112
151
119
118
113
131
125
112
107
129
123
90
119
152
115
153
123
88
132
151
163
200
172
133
176
163
123
158
161
120
153
152
93
140
114
154
119
165
123
160
150
145
147
154
153
151
160
167
173
86
147
158
177
147
154
155
151
92
150
149
96
172
85
107
92
158
122
166
89
159
163
159
172
165
172
186
96
115
125
149
143
151
172
147
118
151
140
191
146
173
139
92
156
119
96
121
116
167
136
167
88
145
147
147
113
143
159
145
97
115
84
102
112
106
101
152
139
148
145
101
173
117
183
85
112
148
89
116
178
115
90
143
151
90
112
153
174
101
169
147
161
96
162
146
113
95
151
152
150
141
109
134
154
112
144
144
146
115
121
119
174
86
92
166
138
128
142
157
180
111
99
152
114
148
115
145
165
107
111
160
126
127
90
108
118
113
100
104
113
168
111
155
120
115
100
108
109
114
96
153
87
124
140
85
107
116
86
91
110
143
110
106
176
117
161
164
104
90
126
165
189
152
152
104
106
104
105
106
85
106
111
99
87
106
150
92
114
105
171
158
147
107
156
88
160
90
147
106
145
151
148
104
112
160
154
104
176
154
93
86
141
165
104
97
105
149
148
96
103
90
170
148
144
111
143
103
156
99
183
85
157
85
87
85
145
143
105
101
87
162
172
85
159
142
171
101
88
86
90
116
104
87
166
167
89
127
86
115
155
161
97
118
154
86
128
88
198
159
137
138
122
145
181
175
128
152
199
163
107
126
145
92
155
114
115
83
121
85
120
192
188
89
155
160
108
119
151
153
96
152
92
93
153
130
116
145
85
175
162
107
145
143
141
166
84
140
109
86
141
150
173
145
157
89
187
141
97
95
156
167
152
107
89
144
108
146
110
140
173
112
156
130
89
139
134
84
136
90
169
89
141
128
113
132
114
95
138
168
91
156
155
123
115
133
174
155
145
121
145
109
156
141
174
107
133
169
125
110
112
138
103
120
92
165
93
177
136
87
118
118
168
149
91
108
133
103
146
176
85
141
162
147
117
103
96
178
83
151
174
86
89
144
111
156
