-199
-199
-199
-199
-199
-199
-199
-199
-199
-199
-199
-199
-199
-199
-199
-199
-199
-199
-199
-199
-199
-199
-199
-199
-199
-199
-199
-199
-199
-199
-199
-199
-199
-199
-199
-199
-199
-199
-199
-199
-199
-199
-199
-199
-199
-199
-199
-199
-199
-199
-199
-199
-199
-199
-199
-199
-199
-199
-199
-199
-199
-199
-199
-199
-199
-199
-199
-199
-199
-199
-199
-199
-199
-199
-199
-199
-199
-199
-199
-199
-199
-199
-199
-199
-199
-199
-199
-199
-199
-199
-199
-199
-199
-199
-199
-199
-199
-199
-199
-199
-199
-199
-199
-199
-199
-199
-199
-199
-199
-199
-199
-199
-199
-199
-199
-199
-199
-199
-199
-199
-199
-199
-199
-199
-199
-199
-199
-199
-199
-199
-199
-199
-199
-199
-199
-199
-199
-199
-199
-199
-199
-199
-199
-199
-199
-199
-199
-199
-199
-199
-199
-199
-199
-199
-199
-199
-199
-199
-199
-199
-199
-199
-199
-199
-199
-199
-199
-199
-199
-199
-199
-199
-199
-199
-199
-199
-199
-199
-199
-199
-199
-199
-199
-199
-199
-199
-199
-199
-199
-199
-199
-199
-199
-199
-199
-199
-199
-199
-199
-199
-199
-199
-199
-199
-199
-169
-189
-199
-199
-199
-199
-199
-199
-199
-199
-199
-199
-199
-199
-199
-199
-199
-199
-199
-199
-199
-199
-199
-199
-199
-178
-199
-199
-177
-199
-199
-165
-164
-156
-199
-158
-164
-160
-143
-154
-183
-157
-154
-199
-152
-157
-195
-152
-194
-199
-199
-199
-134
-199
-199
-161
-199
-199
-199
-126
-199
-199
-174
-199
-199
-199
-199
-199
-199
-119
-191
-199
-182
-115
-126
-199
-166
-188
-174
-176
-199
-181
-151
-135
-157
-160
-145
-140
-156
-150
-140
-122
-153
-156
-154
-149
-199
-189
-151
-158
-192
-170
-149
-152
-123
-160
-132
-137
-191
-192
-142
-199
-198
-199
-125
-148
-199
-165
-156
-197
-143
-164
-150
-165
-196
-199
-185
-173
-140
-151
-159
-196
-141
-181
-150
-123
-199
-199
-199
-149
-148
-162
-192
-151
-165
-199
-178
-164
-165
-199
-160
-147
-199
-199
-199
-163
-199
-198
-199
-199
-193
-199
-199
-199
-199
-199
-190
-199
-199
-199
-199
-199
-199
-199
-199
-199
-199
-199
-199
-163
-118
-199
-199
-199
-110
-162
-199
-121
-199
-142
-199
-160
-191
-199
-157
-195
-199
-165
-155
-199
-199
-158
-199
-199
-115
-197
-199
-126
-121
-199
-199
-139
-199
-155
-199
-162
-114
-119
-160
-115
-119
-174
-171
-174
-134
-116
-156
-119
-154
-144
-91
-150
-154
-146
-160
-149
-154
-98
-147
-161
-150
-147
-162
-152
-153
-186
-199
-151
-156
-199
-199
-155
-91
-146
-146
-116
-155
-199
-153
-156
-154
-149
-156
-157
-137
-162
-199
-89
-161
-168
-155
-103
-100
-144
-163
-90
-150
-150
-152
-135
-150
-143
-141
-139
-161
-93
-142
-149
-142
-151
-199
-199
-199
-199
-94
-142
-168
-169
-199
-104
-100
-144
-147
-156
-143
-108
-181
-97
-172
-158
-176
-149
-166
-165
-91
-140
-199
-145
-153
-146
-166
-199
-199
-199
-199
-159
-168
-159
-141
-134
-199
-153
-89
-171
-150
-150
-145
-145
-149
-148
-175
-143
-93
-174
-147
-138
-166
-156
-149
-118
-142
-119
-121
-189
-149
-109
-188
-142
-199
-157
-153
-141
-137
-193
-99
-136
-142
-118
-113
-123
-91
-157
-94
-99
-95
-145
-155
-111
-145
-178
-102
-157
-164
-161
-156
-115
-174
-150
-108
-105
-145
-154
-146
-90
-148
-149
-142
-89
-141
-90
-155
-108
-105
-143
-87
-83
-163
-126
-135
-111
-150
-85
-156
-148
-105
-169
-173
-166
-150
-172
-179
-178
-164
-106
-159
-111
-184
-101
-165
-146
-91
-149
-173
-96
-163
-93
-187
-89
-160
-134
-143
-106
-85
-86
-131
-109
-92
-153
-162
-103
-156
-93
-117
-152
-144
-116
-92
-156
-161
-85
-104
-99
-154
-112
-155
-140
-165
-149
-107
-94
-170
-152
-108
-159
-114
-106
-118
-149
-168
-118
-126
-90
-94
-175
-129
-159
-194
-150
-110
-127
-86
-105
-152
-106
-152
-154
-150
-174
-155
-113
-99
-149
-154
-90
-173
-170
-114
-135
-104
-111
-112
-168
-119
-105
-115
-118
-176
-91
-159
-105
-112
-138
-92
-106
-120
-129
-141
-133
-162
-163
-157
-128
-127
-134
-97
-132
-94
-120
-168
-180
-165
-178
-112
-122
-194
-171
-112
-138
-150
-117
-123
-122
-151
-164
-166
-171
-106
-122
-116
-88
-109
-144
-158
-172
-147
-162
-192
-163
-150
-137
-156
-152
-178
-166
-156
-144
-97
-167
-154
-163
-151
-159
-148
-178
-199
-144
-150
-169
-114
-87
-106
-143
-147
-147
-98
-121
-113
-167
-155
-146
-140
-90
-139
-151
-88
-147
-149
-170
-89
-138
-92
-119
-177
-87
-148
-147
-115
-149
-144
-86
-144
-143
-153
-144
-138
-104
-148
-141
-114
-89
-146
-104
-84
-114
-89
-125
-181
-199
-122
-199
-199
-199
-199
-199
-178
-128
-147
-158
-196
-199
-199
-199
-199
-199
-130
-199
-199
-112
-174
-140
-187
-144
-199
-187
-158
-159
-127
-141
-139
-142
-136
-142
-137
-89
-147
-150
-150
-146
-144
-144
-164
-156
-137
-137
-176
-150
-166
-143
-199
-137
-199
-199
-199
-150
-142
-137
-145
-137
-136
-150
-199
-139
-137
-141
-151
-199
-199
-90
-136
-146
-149
-144
-144
-105
-132
-147
-137
-134
-153
-119
-124
-151
-152
-99
-136
-134
-135
-155
-92
-142
-139
-162
-150
-170
-139
-147
-153
-153
-141
-160
-144
-150
-178
-139
-152
-143
-141
-142
-135
-102
-163
-160
-124
-132
-140
-199
-157
-169
-112
-125
-199
-168
-198
-199
-167
-95
-177
-144
-140
-141
-157
-140
-166
-124
-133
-135
-173
-163
-105
-170
-134
-153
-97
-106
-199
-91
-139
-138
-118
-183
-117
-110
-112
-160
-156
