200
200
200
200
200
200
200
200
200
200
200
200
200
200
200
200
200
200
200
200
200
200
200
200
200
200
200
200
200
200
200
200
200
200
200
200
200
200
200
200
200
200
200
200
200
200
200
200
200
200
200
200
200
200
200
200
200
200
200
200
200
200
200
200
200
200
200
200
200
200
200
200
200
200
200
200
200
200
200
200
200
200
200
200
200
200
200
200
200
200
200
200
200
200
200
200
200
200
200
200
200
200
200
200
200
200
200
200
200
200
200
200
200
200
200
200
200
200
200
200
200
200
200
200
200
200
200
200
200
200
200
200
200
200
200
200
200
200
200
200
200
200
200
200
200
200
200
200
200
200
200
200
200
200
200
200
200
200
200
200
200
200
200
200
200
200
200
200
200
200
200
200
200
200
200
200
200
200
200
200
200
200
200
200
200
200
200
200
200
200
200
200
200
200
200
200
200
200
200
200
200
200
200
200
200
200
200
200
200
200
200
200
200
200
200
200
200
200
200
200
200
200
200
200
200
200
200
200
200
200
200
200
200
200
200
200
200
200
200
200
200
200
200
200
200
200
200
200
200
200
200
200
200
200
200
200
200
200
200
200
200
199
200
200
182
200
200
200
195
200
200
200
200
179
158
200
200
200
181
154
160
155
148
153
200
161
161
200
200
200
200
176
169
161
200
172
183
155
200
155
198
191
186
200
145
193
200
182
191
200
200
159
200
200
159
200
200
200
175
200
200
200
200
120
200
183
200
200
200
200
200
200
200
200
200
200
200
200
200
200
200
169
200
176
199
180
200
200
126
176
174
200
119
200
200
200
200
157
200
170
200
200
121
168
194
153
200
133
165
164
166
183
200
200
163
172
146
156
114
198
189
133
158
122
120
153
126
162
167
158
175
151
165
156
171
117
158
200
171
143
171
153
200
159
200
121
200
193
200
120
200
200
200
189
200
200
181
200
175
200
200
200
200
166
200
200
200
200
166
200
153
200
195
170
200
200
200
168
159
185
200
200
200
200
175
200
161
166
200
151
161
200
153
179
200
200
160
200
200
159
200
164
200
200
145
200
200
125
200
160
116
200
180
126
180
165
200
149
200
199
175
158
140
147
200
160
109
156
166
146
146
159
143
142
172
156
161
148
147
172
118
145
192
189
161
128
166
172
200
161
200
200
176
152
153
148
188
109
165
200
148
154
161
171
149
200
170
166
122
151
146
200
123
200
147
200
162
109
173
124
200
152
200
150
200
147
146
160
200
123
200
118
165
151
87
143
95
153
123
142
193
109
87
150
139
151
148
122
166
158
94
150
110
155
129
123
166
158
164
159
135
171
153
164
200
145
167
153
136
165
173
146
144
155
169
177
124
172
122
200
200
173
186
121
200
200
200
163
200
192
200
200
123
171
200
158
165
174
156
200
156
152
200
164
144
164
152
157
154
157
157
157
133
156
158
161
109
155
170
149
200
112
187
86
119
155
193
95
100
157
171
155
159
166
188
165
200
163
142
168
200
200
175
164
200
200
136
128
200
135
158
123
126
120
116
166
112
150
124
89
126
93
164
160
197
129
200
191
130
163
200
200
200
200
200
200
200
200
188
200
199
200
200
174
200
200
200
173
197
200
127
200
198
200
200
176
164
200
117
183
175
200
116
200
138
200
186
154
117
146
140
91
163
162
185
92
149
145
157
163
148
114
143
110
150
127
150
120
140
125
119
187
140
167
169
124
160
127
114
107
113
112
153
95
96
148
132
146
170
117
145
113
130
90
110
141
156
95
141
200
200
177
173
200
135
159
190
181
185
177
97
163
162
154
138
152
152
155
155
123
111
160
173
132
113
137
150
145
138
110
138
145
148
109
141
145
116
130
155
131
141
136
200
178
112
134
143
142
156
152
161
135
161
155
158
112
158
149
113
200
187
200
159
187
152
152
133
137
123
151
196
145
91
132
167
100
114
137
144
180
133
163
167
118
100
151
179
126
144
184
151
120
180
185
192
120
113
200
114
189
198
200
200
114
183
189
118
160
169
147
100
147
156
119
108
113
172
87
118
131
140
116
165
86
112
149
123
181
118
85
113
116
89
156
105
147
110
121
92
116
85
163
164
106
106
121
172
105
163
144
123
123
116
148
164
110
116
117
92
198
121
116
124
100
114
87
106
93
99
168
97
158
91
119
95
118
161
147
200
200
118
173
125
163
151
116
163
200
109
151
162
89
134
200
152
109
121
171
146
123
166
148
159
163
174
169
152
158
149
87
148
150
150
170
155
169
155
132
119
120
