-199
-199
-199
-199
-199
-199
-199
-199
-199
-199
-199
-199
-199
-199
-199
-199
-199
-199
-199
-199
-199
-199
-199
-199
-199
-199
-199
-199
-199
-199
-199
-199
-199
-199
-199
-199
-199
-199
-199
-199
-199
-199
-199
-199
-199
-199
-199
-199
-199
-199
-199
-199
-199
-199
-199
-199
-199
-199
-199
-199
-199
-199
-199
-199
-199
-199
-199
-199
-199
-199
-199
-199
-199
-199
-199
-199
-199
-199
-199
-199
-199
-199
-199
-199
-199
-199
-199
-199
-199
-199
-199
-199
-199
-199
-199
-199
-199
-199
-199
-199
-199
-199
-199
-199
-199
-199
-199
-199
-199
-199
-199
-199
-199
-199
-199
-199
-199
-199
-199
-199
-199
-199
-199
-199
-199
-199
-199
-199
-199
-199
-199
-199
-199
-199
-199
-199
-199
-199
-199
-199
-199
-199
-199
-199
-199
-199
-199
-199
-199
-199
-199
-199
-199
-199
-199
-199
-199
-199
-199
-199
-199
-199
-199
-199
-199
-199
-199
-199
-199
-199
-199
-199
-199
-199
-199
-199
-199
-199
-199
-199
-199
-199
-199
-199
-199
-199
-199
-199
-199
-199
-199
-199
-199
-199
-199
-199
-199
-199
-199
-199
-199
-199
-199
-199
-199
-199
-199
-199
-199
-199
-199
-199
-199
-145
-199
-199
-169
-199
-199
-199
-199
-199
-199
-199
-199
-199
-199
-199
-199
-199
-199
-199
-199
-199
-199
-199
-199
-199
-199
-199
-199
-199
-199
-199
-199
-199
-199
-199
-199
-199
-199
-199
-160
-199
-199
-199
-199
-199
-199
-199
-199
-199
-199
-199
-199
-199
-199
-199
-199
-199
-199
-199
-199
-199
-199
-199
-199
-199
-199
-199
-199
-199
-199
-199
-199
-199
-199
-199
-199
-199
-199
-199
-199
-199
-199
-199
-199
-199
-199
-199
-199
-199
-199
-199
-199
-199
-199
-199
-199
-199
-199
-199
-199
-199
-199
-199
-199
-199
-199
-199
-185
-199
-199
-199
-199
-170
-199
-176
-199
-199
-199
-199
-199
-199
-199
-199
-199
-199
-199
-199
-199
-199
-199
-199
-199
-199
-199
-199
-199
-199
-199
-199
-199
-199
-181
-199
-199
-199
-199
-199
-199
-119
-199
-199
-199
-199
-199
-199
-199
-199
-192
-199
-199
-199
-199
-199
-199
-199
-171
-199
-199
-199
-199
-199
-199
-199
-199
-199
-199
-199
-199
-199
-142
-175
-199
-199
-159
-199
-199
-189
-199
-199
-161
-199
-152
-156
-199
-199
-199
-199
-199
-199
-199
-199
-199
-199
-199
-147
-167
-190
-131
-154
-151
-152
-199
-162
-156
-199
-199
-185
-158
-196
-150
-149
-199
-147
-154
-157
-199
-158
-199
-148
-153
-149
-153
-199
-142
-147
-158
-150
-172
-152
-145
-152
-108
-150
-153
-167
-151
-199
-144
-110
-139
-117
-112
-124
-128
-142
-120
-199
-138
-121
-164
-131
-150
-199
-199
-113
-118
-135
-127
-131
-190
-145
-166
-116
-116
-123
-161
-114
-199
-118
-141
-114
-186
-114
-137
-149
-117
-146
-144
-174
-159
-199
-144
-166
-118
-133
-169
-188
-127
-150
-134
-147
-156
-113
-151
-116
-145
-87
-152
-160
-142
-171
-151
-179
-153
-106
-144
-119
-146
-86
-153
-158
-138
-112
-158
-100
-163
-147
-161
-97
-113
-108
-199
-158
-88
-135
-113
-106
-102
-174
-113
-152
-115
-142
-105
-162
-93
-140
-98
-154
-103
-142
-111
-144
-159
-155
-140
-140
-137
-196
-94
-152
-108
-199
-85
-106
-145
-109
-199
-110
-88
-132
-99
-87
-181
-136
-103
-109
-153
-93
-153
-134
-104
-149
-93
-90
-141
-102
-162
-167
-93
-95
-154
-106
-106
-106
-102
-113
-131
-131
-130
-133
-122
-137
-146
-124
-144
-156
-133
-117
-136
-109
-149
-112
-129
-111
-96
-111
-168
-127
-87
-108
-112
-136
-118
-116
-118
-111
-151
-142
-116
-93
-87
-112
-90
-133
-170
-99
-115
-94
-121
-98
-115
-117
-121
-155
-111
-139
-106
-132
-113
-99
-178
-118
-114
-123
-111
-95
-113
-144
-152
-155
-85
-146
-87
-142
-164
-112
-87
-91
-85
-143
-113
-105
-147
-154
-136
-158
-92
-145
-96
-144
-88
-88
-101
-112
-113
-106
-146
-83
-114
-117
-114
-146
-99
-110
-106
-158
-178
-104
-83
-155
-157
-146
-157
-150
-87
-85
-85
-102
-83
-110
-158
-82
-121
-92
-85
-169
-154
-160
-103
-96
-149
-105
-149
-161
-156
-136
-164
-156
-106
-156
-102
-85
-162
-85
-148
-150
-145
-122
-85
-86
-159
-105
-147
-99
-137
-163
-174
-116
-151
-136
-140
-138
-128
-175
-180
-88
-86
-136
-84
-135
-146
-158
-83
-155
-134
-108
-144
-148
-143
-114
-106
-155
-111
-146
-103
-155
-100
-87
-144
-161
-103
-85
-140
-84
-146
-169
-110
-143
-179
-84
-91
-137
-136
-98
-140
-175
-145
-136
-104
-88
-92
-104
-142
-167
-143
-90
-149
-139
-131
-84
-95
-96
-121
-166
-115
-137
-90
-142
-142
-144
-142
-88
-118
-141
-85
-100
-162
-113
-144
-147
-145
-137
-147
-88
-157
-88
-113
-109
-141
-93
-144
-145
-154
-119
-137
-87
-148
-142
-84
-87
-151
-193
-156
-143
-122
-108
-111
-199
-181
-148
-108
-134
-143
-129
-135
-172
-147
-138
-149
-144
-146
-112
-85
-108
-146
-143
-93
-129
-156
-188
-138
-118
-151
-136
-135
-128
-118
-117
-122
-118
-199
-86
-122
-115
-186
-151
-140
-135
-117
-118
-93
-149
-106
-144
-111
-125
-150
-120
-121
-109
-105
-121
-126
-116
-136
-126
-146
-133
-155
-124
-114
-134
-113
-129
-122
-137
-140
-143
-85
-159
-154
-145
-171
-123
-121
-126
-123
-118
-154
-126
-110
-145
-125
-112
-149
-112
-199
-112
-147
-95
-139
-199
-154
-130
-146
-144
-164
-89
-155
-149
-165
-88
-110
-116
-166
-189
-161
-145
-160
-124
-126
-141
-118
-148
-126
-115
-120
-121
-127
-128
-146
-114
-115
-151
-129
-142
