200
200
200
200
200
200
200
200
200
200
200
200
200
200
200
200
200
200
200
200
200
200
200
200
200
200
200
200
200
200
200
200
200
200
200
200
200
200
200
200
200
200
200
200
200
200
200
200
200
200
200
200
200
200
200
200
200
200
200
200
200
200
200
200
200
200
200
200
200
200
200
200
200
200
200
200
200
200
200
200
200
200
200
200
200
200
200
200
200
200
200
200
200
200
200
200
200
200
200
200
200
200
200
200
200
200
200
200
200
200
200
200
200
200
200
200
200
200
200
200
200
200
200
200
200
200
200
200
200
200
200
200
200
200
200
200
200
200
200
200
200
200
200
200
200
200
200
200
200
200
200
200
200
200
200
200
200
200
200
200
200
200
200
200
200
200
200
200
200
200
200
200
200
200
200
200
200
200
200
200
200
200
200
200
200
200
200
200
200
200
200
200
200
200
200
200
200
200
200
200
200
200
200
200
200
200
200
200
200
200
200
200
200
200
200
200
200
200
200
200
198
200
200
200
200
200
200
200
200
200
200
200
200
200
200
200
200
200
200
184
200
200
200
200
200
191
200
200
200
200
200
200
200
200
179
200
171
200
200
175
164
200
200
161
158
153
170
158
200
189
181
161
171
144
160
136
124
200
169
182
150
168
144
150
163
151
157
176
168
200
200
200
200
200
171
159
152
127
200
200
200
129
186
200
171
178
172
200
154
200
125
200
165
200
199
127
200
166
121
200
122
200
200
200
129
200
200
149
159
149
200
200
165
172
155
200
140
165
161
179
159
200
162
200
200
200
200
200
200
129
200
200
184
127
200
190
166
200
200
200
160
122
200
134
173
128
200
145
173
200
156
181
162
163
200
157
148
153
157
145
156
137
156
126
160
132
163
86
155
160
143
150
139
161
185
161
151
160
157
155
162
156
126
176
156
145
200
160
118
163
147
157
200
148
139
170
200
167
146
200
200
200
200
147
163
154
126
165
118
150
156
153
200
162
151
124
155
166
146
139
154
200
147
152
150
158
114
121
152
150
142
101
150
143
154
157
149
122
167
156
120
153
95
200
158
155
200
170
200
153
113
150
144
146
200
156
200
200
162
200
169
200
200
200
200
90
200
200
200
200
194
180
200
170
169
199
106
200
160
162
200
159
158
151
171
200
200
200
200
197
200
200
146
159
152
132
140
144
157
117
159
114
96
193
200
200
178
97
188
148
101
96
157
115
93
166
119
165
110
173
140
158
111
167
156
118
149
170
164
161
106
88
154
166
149
165
153
177
97
188
116
200
187
200
200
200
114
200
179
97
117
184
155
200
200
152
160
200
148
198
154
148
200
122
86
137
159
112
151
138
157
102
135
139
166
200
167
135
163
160
150
116
149
136
149
159
125
136
157
116
189
167
200
120
196
188
110
195
166
109
96
153
159
103
137
92
159
116
96
190
188
109
185
110
200
189
110
170
161
200
89
91
178
108
194
151
121
109
165
146
173
113
123
178
146
99
167
159
113
187
88
100
98
109
108
171
169
107
86
113
106
108
111
134
108
103
111
128
116
184
116
103
190
196
106
175
164
191
170
200
172
97
126
90
193
200
164
119
182
110
111
115
90
164
145
187
106
163
124
106
87
175
112
123
107
173
108
109
107
140
146
104
102
108
98
106
121
109
169
109
116
144
114
129
111
179
200
183
87
113
175
144
177
150
148
84
143
151
138
86
146
130
162
153
109
200
152
131
112
88
114
193
153
143
179
161
87
142
154
87
133
134
162
161
110
180
163
145
137
141
112
84
172
157
102
102
162
85
157
156
187
97
122
112
152
115
143
150
150
200
108
150
121
200
160
176
166
122
168
124
165
133
200
125
127
192
186
171
200
119
200
170
142
100
169
200
113
120
169
103
95
200
117
88
162
113
157
122
150
131
91
158
97
164
165
170
180
141
113
117
142
109
149
174
127
116
164
117
145
113
110
111
113
155
115
142
159
124
150
145
111
104
118
118
195
145
153
127
144
132
200
159
129
168
167
121
162
126
160
136
177
130
160
138
131
125
179
179
131
198
141
200
171
151
198
200
196
150
200
196
132
200
152
181
129
167
89
134
94
156
200
153
164
86
97
185
172
190
145
118
90
188
131
93
108
123
128
200
126
126
130
127
126
111
117
123
126
118
116
127
113
118
100
119
128
150
165
111
119
116
175
124
151
132
163
91
114
115
154
116
110
117
192
88
86
180
123
113
90
160
158
151
90
173
103
109
157
93
200
163
96
110
156
89
159
120
91
136
107
113
