200
200
200
200
200
200
200
200
200
200
200
200
200
200
200
200
200
200
200
200
200
200
200
200
200
200
200
200
200
200
200
200
200
200
200
200
200
200
200
200
200
200
200
200
200
200
200
200
200
200
200
200
200
200
200
200
200
200
200
200
200
200
200
200
200
200
200
200
200
200
200
200
200
200
200
200
200
200
200
200
200
200
200
200
200
200
200
200
200
200
200
200
200
200
200
200
200
200
200
200
200
200
200
200
200
200
200
200
200
200
200
200
200
200
200
200
200
200
200
200
200
200
200
200
200
200
200
200
200
200
200
200
200
200
200
200
200
200
200
200
200
200
200
200
200
200
200
200
200
200
200
200
200
200
200
200
200
200
200
200
200
200
200
200
200
200
200
200
200
200
200
200
200
200
200
200
200
200
200
200
200
200
200
200
200
200
200
200
200
200
200
200
200
200
200
200
200
200
200
200
200
200
200
200
200
200
200
200
200
200
200
200
200
200
200
200
200
200
200
200
200
200
200
200
200
200
200
200
200
200
200
200
200
200
200
200
200
200
200
200
200
200
200
196
200
200
200
200
200
200
200
200
200
200
200
200
200
200
200
200
200
200
200
200
200
200
200
200
200
200
200
200
200
200
200
200
200
200
200
200
200
200
200
200
200
200
200
200
200
200
200
200
200
200
200
200
200
200
200
200
200
200
200
200
200
200
200
200
200
200
200
200
200
200
200
198
200
200
200
200
200
200
200
200
200
200
200
200
200
200
200
200
200
200
200
200
200
200
200
200
200
200
200
200
200
200
200
200
200
200
200
200
137
173
165
200
200
187
178
198
200
200
200
166
200
200
200
200
155
200
200
121
180
149
158
141
147
147
127
160
149
152
150
144
147
145
178
149
180
146
150
151
144
156
146
150
143
146
170
126
158
147
200
180
152
154
200
200
157
152
156
149
153
145
200
200
200
140
155
138
141
139
91
147
152
150
108
146
152
156
143
150
153
143
159
150
145
146
200
148
138
151
126
138
142
200
141
143
192
155
163
153
150
200
155
164
157
152
146
159
154
147
153
200
94
142
141
162
200
111
144
200
155
142
143
138
105
140
142
140
149
154
137
137
171
175
159
146
182
111
149
155
156
141
148
162
166
147
139
115
167
196
96
96
108
153
142
137
124
143
135
139
141
138
137
148
114
137
145
136
135
144
139
136
138
136
142
134
135
136
135
135
141
144
140
139
158
139
135
140
140
159
150
160
159
200
154
155
146
200
200
165
200
200
151
164
136
160
136
153
200
167
139
174
145
147
143
138
139
154
184
166
148
149
155
156
137
200
148
157
138
149
152
147
160
199
158
149
152
145
153
149
136
150
138
139
153
183
153
134
151
99
136
91
133
114
113
134
142
113
99
133
109
106
108
191
142
168
174
147
167
200
105
200
88
157
139
138
105
200
159
200
90
139
107
200
154
112
114
162
154
138
110
132
96
115
88
159
138
135
146
177
117
151
149
150
148
151
110
150
135
107
118
115
145
110
117
114
157
116
110
146
158
107
134
97
151
109
134
151
131
157
113
93
85
87
143
130
112
123
118
106
193
169
149
126
157
107
109
157
88
151
159
168
200
142
141
154
173
86
108
87
146
135
122
89
200
157
157
86
87
146
136
165
106
106
108
95
101
150
111
148
106
134
85
139
92
143
144
137
159
165
92
145
148
84
150
144
123
136
134
160
142
94
159
95
141
152
138
85
144
93
91
199
147
148
103
135
164
92
131
143
157
137
112
121
159
150
161
164
155
136
159
159
168
140
152
139
133
135
139
89
176
160
133
163
141
126
98
84
175
138
133
140
90
146
200
192
128
138
91
166
150
134
179
141
147
92
97
89
149
179
99
155
174
200
200
86
95
148
163
143
136
94
154
160
158
200
155
161
136
105
150
158
154
83
98
149
186
95
152
156
93
157
142
90
148
99
160
125
200
92
90
153
106
161
97
149
150
96
160
135
86
157
97
127
88
149
162
92
160
139
200
135
143
145
93
94
163
192
151
200
147
153
148
143
137
200
200
151
200
96
139
98
144
159
172
109
200
147
200
200
148
200
200
143
147
150
176
144
143
101
200
149
200
148
155
200
167
153
154
158
139
141
135
158
141
125
87
147
93
200
161
180
139
141
138
152
144
139
170
98
99
91
94
157
89
96
145
144
143
167
146
159
133
150
160
200
153
154
184
193
107
87
151
136
156
148
197
143
91
86
91
139
165
200
88
168
90
100
179
182
92
146
89
156
170
96
149
152
