-199
-199
-199
-199
-199
-199
-199
-199
-199
-199
-199
-199
-199
-199
-199
-199
-199
-199
-199
-199
-199
-199
-199
-199
-199
-199
-199
-199
-199
-199
-199
-199
-199
-199
-199
-199
-199
-199
-199
-199
-199
-199
-199
-199
-199
-199
-199
-199
-199
-199
-199
-199
-199
-199
-199
-199
-199
-199
-199
-199
-199
-199
-199
-199
-199
-199
-199
-199
-199
-199
-199
-199
-199
-199
-199
-199
-199
-199
-199
-199
-199
-199
-199
-199
-199
-199
-199
-199
-199
-199
-199
-199
-199
-199
-199
-199
-199
-199
-199
-199
-199
-199
-199
-199
-199
-199
-199
-199
-199
-199
-199
-199
-199
-199
-199
-199
-199
-199
-199
-199
-199
-199
-199
-199
-199
-199
-199
-199
-199
-199
-199
-199
-199
-199
-199
-199
-199
-199
-199
-199
-199
-199
-199
-199
-199
-199
-199
-199
-199
-199
-199
-199
-199
-199
-199
-199
-199
-199
-199
-199
-199
-199
-199
-199
-199
-199
-199
-199
-199
-199
-199
-199
-199
-199
-199
-199
-199
-199
-199
-199
-199
-199
-199
-199
-199
-199
-199
-199
-199
-199
-199
-199
-199
-199
-199
-199
-199
-199
-199
-199
-199
-199
-199
-199
-199
-199
-199
-199
-199
-199
-199
-199
-199
-199
-199
-199
-199
-199
-199
-199
-199
-199
-199
-199
-199
-199
-199
-199
-199
-199
-199
-199
-199
-199
-199
-199
-199
-199
-199
-199
-199
-199
-199
-199
-199
-199
-199
-199
-199
-199
-199
-199
-199
-199
-199
-199
-199
-199
-199
-199
-199
-198
-199
-199
-181
-199
-199
-199
-194
-199
-199
-199
-199
-178
-157
-199
-199
-199
-180
-153
-159
-154
-147
-152
-199
-160
-160
-199
-199
-199
-199
-175
-168
-160
-199
-171
-182
-154
-199
-154
-197
-190
-185
-199
-144
-192
-199
-181
-190
-199
-199
-158
-199
-199
-158
-199
-199
-199
-174
-199
-199
-199
-199
-119
-199
-182
-199
-199
-199
-199
-199
-199
-199
-199
-199
-199
-199
-199
-199
-199
-199
-168
-199
-175
-198
-179
-199
-199
-125
-175
-173
-199
-118
-199
-199
-199
-199
-156
-199
-169
-199
-199
-120
-167
-193
-152
-199
-132
-164
-163
-165
-182
-199
-199
-162
-171
-145
-155
-113
-197
-188
-132
-157
-121
-119
-152
-125
-161
-166
-157
-174
-150
-164
-155
-170
-116
-157
-199
-170
-142
-170
-152
-199
-158
-199
-120
-199
-192
-199
-119
-199
-199
-199
-188
-199
-199
-180
-199
-174
-199
-199
-199
-199
-165
-199
-199
-199
-199
-165
-199
-152
-199
-194
-169
-199
-199
-199
-167
-158
-184
-199
-199
-199
-199
-174
-199
-160
-165
-199
-150
-160
-199
-152
-178
-199
-199
-159
-199
-199
-158
-199
-163
-199
-199
-144
-199
-199
-124
-199
-159
-115
-199
-179
-125
-179
-164
-199
-148
-199
-198
-174
-157
-139
-146
-199
-159
-108
-155
-165
-145
-145
-158
-142
-141
-171
-155
-160
-147
-146
-171
-117
-144
-191
-188
-160
-127
-165
-171
-199
-160
-199
-199
-175
-151
-152
-147
-187
-108
-164
-199
-147
-153
-160
-170
-148
-199
-169
-165
-121
-150
-145
-199
-122
-199
-146
-199
-161
-108
-172
-123
-199
-151
-199
-149
-199
-146
-145
-159
-199
-122
-199
-117
-164
-150
-86
-142
-94
-152
-122
-141
-192
-108
-86
-149
-138
-150
-147
-121
-165
-157
-93
-149
-109
-154
-128
-122
-165
-157
-163
-158
-134
-170
-152
-163
-199
-144
-166
-152
-135
-164
-172
-145
-143
-154
-168
-176
-123
-171
-121
-199
-199
-172
-185
-120
-199
-199
-199
-162
-199
-191
-199
-199
-122
-170
-199
-157
-164
-173
-155
-199
-155
-151
-199
-163
-143
-163
-151
-156
-153
-156
-156
-156
-132
-155
-157
-160
-108
-154
-169
-148
-199
-111
-186
-85
-118
-154
-192
-94
-99
-156
-170
-154
-158
-165
-187
-164
-199
-162
-141
-167
-199
-199
-174
-163
-199
-199
-135
-127
-199
-134
-157
-122
-125
-119
-115
-165
-111
-149
-123
-88
-125
-92
-163
-159
-196
-128
-199
-190
-129
-162
-199
-199
-199
-199
-199
-199
-199
-199
-187
-199
-198
-199
-199
-173
-199
-199
-199
-172
-196
-199
-126
-199
-197
-199
-199
-175
-163
-199
-116
-182
-174
-199
-115
-199
-137
-199
-185
-153
-116
-145
-139
-90
-162
-161
-184
-91
-148
-144
-156
-162
-147
-113
-142
-109
-149
-126
-149
-119
-139
-124
-118
-186
-139
-166
-168
-123
-159
-126
-113
-106
-112
-111
-152
-94
-95
-147
-131
-145
-169
-116
-144
-112
-129
-89
-109
-140
-155
-94
-140
-199
-199
-176
-172
-199
-134
-158
-189
-180
-184
-176
-96
-162
-161
-153
-137
-151
-151
-154
-154
-122
-110
-159
-172
-131
-112
-136
-149
-144
-137
-109
-137
-144
-147
-108
-140
-144
-115
-129
-154
-130
-140
-135
-199
-177
-111
-133
-142
-141
-155
-151
-160
-134
-160
-154
-157
-111
-157
-148
-112
-199
-186
-199
-158
-186
-151
-151
-132
-136
-122
-150
-195
-144
-90
-131
-166
-99
-113
-136
-143
-179
-132
-162
-166
-117
-99
-150
-178
-125
-143
-183
-150
-119
-179
-184
-191
-119
-112
-199
-113
-188
-197
-199
-199
-113
-182
-188
-117
-159
-168
-146
-99
-146
-155
-118
-107
-112
-171
-86
-117
-130
-139
-115
-164
-85
-111
-148
-122
-180
-117
-84
-112
-115
-88
-155
-104
-146
-109
-120
-91
-115
-84
-162
-163
-105
-105
-120
-171
-104
-162
-143
-122
-122
-115
-147
-163
-109
-115
-116
-91
-197
-120
-115
-123
-99
-113
-86
-105
-92
-98
-167
-96
-157
-90
-118
-94
-117
-160
-146
-199
-199
-117
-172
-124
-162
-150
-115
-162
-199
-108
-150
-161
-88
-133
-199
-151
-108
-120
-170
-145
-122
-165
-147
-158
-162
-173
-168
-151
-157
-148
-86
-147
-149
-149
-169
-154
-168
-154
-131
-118
-119
