-199
-199
-199
-199
-199
-199
-199
-199
-199
-199
-199
-199
-199
-199
-199
-199
-199
-199
-199
-199
-199
-199
-199
-199
-199
-199
-199
-199
-199
-199
-199
-199
-199
-199
-199
-199
-199
-199
-199
-199
-199
-199
-199
-199
-199
-199
-199
-199
-199
-199
-199
-199
-199
-199
-199
-199
-199
-199
-199
-199
-199
-199
-199
-199
-199
-199
-199
-199
-199
-199
-199
-199
-199
-199
-199
-199
-199
-199
-199
-199
-199
-199
-199
-199
-199
-199
-199
-199
-199
-199
-199
-199
-199
-199
-199
-199
-199
-199
-199
-199
-199
-199
-199
-199
-199
-199
-199
-199
-199
-199
-199
-199
-199
-199
-199
-199
-199
-199
-199
-199
-199
-199
-199
-199
-199
-199
-199
-199
-199
-199
-199
-199
-199
-199
-199
-199
-199
-199
-199
-199
-199
-199
-199
-199
-199
-199
-199
-199
-199
-199
-199
-199
-199
-199
-199
-199
-199
-199
-199
-199
-199
-199
-199
-199
-199
-199
-199
-199
-199
-199
-199
-199
-199
-199
-199
-199
-199
-199
-199
-199
-199
-199
-199
-199
-199
-199
-199
-199
-199
-199
-199
-199
-199
-199
-199
-199
-199
-199
-199
-199
-199
-199
-199
-199
-199
-199
-199
-199
-199
-199
-199
-199
-199
-199
-199
-199
-199
-199
-199
-199
-199
-199
-199
-199
-199
-199
-199
-199
-199
-199
-199
-199
-199
-199
-199
-199
-199
-199
-199
-199
-199
-199
-199
-199
-199
-199
-199
-199
-199
-199
-199
-199
-199
-199
-199
-199
-199
-199
-199
-199
-199
-199
-199
-199
-199
-199
-199
-199
-199
-199
-199
-199
-199
-199
-199
-199
-199
-199
-199
-199
-199
-199
-199
-199
-199
-199
-199
-199
-199
-199
-199
-199
-199
-199
-199
-199
-199
-199
-199
-199
-199
-199
-199
-199
-199
-199
-199
-199
-199
-199
-199
-199
-199
-199
-199
-199
-199
-199
-199
-199
-199
-199
-199
-199
-199
-199
-199
-199
-199
-199
-199
-199
-199
-199
-199
-199
-199
-199
-199
-199
-199
-199
-199
-199
-199
-199
-199
-199
-199
-199
-199
-199
-199
-199
-199
-199
-199
-199
-199
-199
-199
-199
-199
-199
-199
-199
-199
-199
-199
-199
-199
-199
-199
-199
-199
-199
-199
-199
-199
-199
-199
-199
-199
-199
-199
-199
-199
-199
-199
-199
-199
-199
-199
-167
-199
-178
-199
-199
-199
-199
-199
-199
-187
-199
-199
-199
-132
-164
-199
-199
-154
-152
-136
-157
-173
-125
-162
-130
-123
-93
-155
-147
-97
-176
-167
-170
-160
-153
-158
-108
-134
-199
-199
-199
-177
-147
-161
-164
-199
-199
-199
-199
-199
-199
-199
-199
-199
-199
-199
-199
-199
-192
-199
-96
-199
-166
-160
-109
-152
-147
-111
-152
-142
-108
-113
-184
-119
-154
-132
-156
-147
-139
-120
-125
-143
-166
-165
-184
-113
-114
-175
-145
-87
-111
-110
-136
-122
-159
-108
-138
-146
-138
-137
-114
-153
-129
-186
-136
-199
-169
-116
-199
-118
-116
-164
-118
-161
-187
-154
-152
-199
-110
-149
-114
-163
-130
-158
-154
-199
-164
-136
-148
-136
-199
-115
-153
-118
-199
-125
-177
-149
-199
-199
-156
-199
-177
-163
-199
-90
-199
-199
-199
-199
-199
-199
-199
-199
-199
-199
-141
-160
-195
-199
-168
-199
-199
-199
-191
-160
-133
-153
-119
-134
-151
-164
-140
-174
-149
-100
-93
-105
-168
-130
-153
-148
-131
-158
-157
-147
-105
-164
-157
-153
-173
-199
-157
-121
-160
-105
-179
-162
-112
-157
-132
-164
-126
-152
-101
-111
-156
-162
-153
-163
-158
-199
-146
-172
-159
-199
-122
-113
-158
-199
-199
-160
-173
-190
-199
-154
-199
-199
-163
-199
-199
-172
-111
-199
-199
-199
-164
-184
-199
-199
-199
-177
-199
-199
-135
-199
-199
-96
-199
-149
-154
-199
-180
-148
-150
-160
-169
-150
-199
-92
-169
-185
-193
-199
-165
-120
-176
-153
-111
-154
-150
-152
-151
-92
-140
-90
-141
-143
-154
-155
-164
-176
-166
-168
-160
-155
-86
-153
-163
-160
-161
-164
-88
-120
-162
-145
-149
-157
-156
-148
-84
-126
-145
-156
-154
-162
-85
-142
-90
-105
-168
-166
-199
-199
-189
-170
-167
-199
-156
-173
-199
-108
-152
-168
-153
-109
-146
-199
-143
-199
-105
-142
-199
-85
-124
-150
-199
-160
-148
-172
-169
-156
-93
-114
-172
-98
-105
-126
-92
-126
-127
-194
-172
-152
-141
-145
-107
-107
-112
-168
-152
-153
-112
-137
-87
-115
-150
-100
-129
-125
-85
-130
-106
-141
-160
-113
-191
-95
-102
-105
-148
-170
-199
-140
-120
-158
-129
-113
-113
-109
-178
-119
-106
-86
-134
-133
-171
-105
-199
-104
-133
-147
-132
-103
-98
-127
-136
-105
-87
-159
-153
-161
-115
-114
-110
-155
-147
-108
-152
-138
-164
-183
-137
-98
-136
-108
-106
-125
-114
-121
-199
-117
-117
-142
-127
-157
-132
-149
-143
-130
-104
-199
-157
-140
-92
-134
-98
-199
-138
-111
-111
-109
-167
-170
-112
-167
-131
-99
-119
-195
-148
-107
-153
-199
-106
-119
-174
-122
-138
-103
-161
-131
-135
-108
-196
-154
-150
-140
-113
-126
-199
-101
-96
-171
-88
-88
-145
-121
-174
-166
-183
-134
-88
-103
-150
-107
-108
-149
-132
-175
-102
-166
-112
-105
-101
-137
-117
-169
-97
-190
-175
-114
-111
-98
-134
-147
-104
-105
-199
-107
-97
-126
-189
-171
-109
-141
-95
-150
-103
-177
-105
-170
-85
-89
-107
-104
-106
-107
-105
-126
-141
-175
-91
-109
-157
-116
-105
-199
-108
-88
-140
-107
-104
-107
-184
-139
-109
-106
-99
-100
-156
-141
-140
-199
-145
-199
-117
-128
-133
-105
-157
-113
-199
-182
-145
-158
-157
-111
-171
-199
-125
-107
-136
-111
-146
-120
-149
-119
-92
-156
-86
-145
-84
-199
-119
-108
-149
-187
-108
-97
-173
-199
-190
-162
-133
-118
-116
