200
200
200
200
200
200
200
200
200
200
200
200
200
200
200
200
200
200
200
200
200
200
200
200
200
200
200
200
200
200
200
200
200
200
200
200
200
200
200
200
200
200
200
200
200
200
200
200
200
200
200
200
200
200
200
200
200
200
200
200
200
200
200
200
200
200
200
200
200
200
200
200
200
200
200
200
200
200
200
200
200
200
200
200
200
200
200
200
200
200
200
200
200
200
200
200
200
200
200
200
200
200
200
200
200
200
200
200
200
200
200
200
200
200
200
200
200
200
200
200
200
200
200
200
200
200
200
200
200
200
200
200
200
200
200
200
200
200
200
200
200
200
200
200
200
200
200
200
200
200
200
200
200
200
200
200
200
200
200
200
200
200
200
200
200
200
200
200
200
200
200
200
200
200
200
200
200
200
200
200
200
200
200
200
200
200
200
200
200
200
200
200
200
200
200
200
200
200
200
200
200
200
200
200
200
200
200
200
200
200
200
200
200
200
200
200
200
200
200
200
200
200
200
200
200
200
200
200
200
200
200
200
200
200
200
200
200
200
200
200
200
200
200
200
200
200
200
200
200
200
200
200
200
200
200
200
200
200
200
200
200
200
200
200
200
200
200
200
200
200
200
200
200
200
200
200
200
200
200
200
200
200
200
200
200
200
200
200
200
200
200
200
200
200
200
200
200
200
200
200
200
200
200
200
200
200
200
200
200
200
200
200
200
200
200
200
200
200
200
200
200
200
200
200
200
200
200
200
200
164
200
200
200
200
200
200
200
200
200
175
200
200
200
200
200
200
200
200
200
200
200
200
176
200
200
200
200
200
200
200
200
200
200
200
200
200
200
200
200
200
200
200
200
200
200
200
198
200
200
152
186
200
200
200
163
200
200
139
200
200
200
200
200
200
200
200
200
200
200
176
177
200
200
200
200
200
200
200
200
200
200
179
180
196
128
170
175
200
171
140
200
200
200
179
160
181
161
200
154
171
141
146
158
145
147
86
200
155
161
162
152
155
149
142
168
150
150
91
160
141
115
200
148
149
200
200
145
147
163
200
167
146
120
137
167
145
172
183
115
148
200
188
157
141
126
178
122
196
188
142
171
158
161
169
149
190
161
167
132
144
154
180
134
151
156
200
165
142
94
114
138
138
108
145
101
200
199
119
171
161
195
128
163
170
143
112
94
151
108
200
101
200
186
133
179
200
200
176
116
147
148
154
129
200
123
143
159
164
153
169
114
200
136
121
182
156
162
116
159
95
179
200
159
180
140
95
144
147
200
137
153
110
140
191
132
110
133
110
90
159
113
150
135
111
140
164
165
141
183
141
130
137
115
194
200
113
152
144
188
113
119
137
156
136
141
153
119
166
136
135
153
117
111
129
142
136
134
144
172
121
110
168
115
110
91
125
107
167
110
157
148
154
112
148
149
176
113
140
150
135
160
113
112
112
158
110
153
156
109
154
144
105
150
129
177
159
161
150
146
155
120
171
171
85
166
146
124
133
159
111
161
156
112
159
112
167
147
169
157
141
186
155
96
200
142
157
142
155
86
187
110
88
165
110
158
106
164
104
108
116
113
88
109
147
154
174
141
117
113
151
135
162
125
178
151
145
162
107
142
100
156
104
155
149
116
139
95
133
86
165
112
111
157
157
93
160
159
115
164
148
113
149
143
158
113
143
165
86
148
150
90
116
90
108
108
107
97
111
111
112
148
106
128
152
154
191
103
165
130
126
120
105
111
106
200
150
152
109
136
144
167
110
143
119
104
164
105
200
194
148
141
151
100
160
147
173
172
153
153
187
128
159
93
151
151
147
92
148
144
151
104
94
107
140
198
140
182
153
149
161
154
200
119
146
150
132
140
116
121
126
122
111
169
125
160
159
165
144
93
200
166
200
114
125
150
142
147
112
155
162
117
172
157
136
112
92
117
146
200
84
108
153
96
166
140
143
123
95
176
149
111
151
114
131
114
140
169
148
112
127
86
200
147
151
113
114
167
116
91
91
169
144
165
146
108
101
125
109
200
170
130
144
89
121
113
92
144
120
110
166
105
157
169
97
103
150
110
173
108
95
159
88
181
88
101
83
123
200
183
136
132
172
162
196
200
173
169
155
161
88
110
200
175
89
92
157
94
173
103
158
84
163
108
164
166
104
152
158
197
146
154
87
185
164
113
139
121
157
194
110
177
163
102
153
200
115
157
162
154
132
85
105
179
115
91
93
157
167
102
129
113
113
149
110
107
163
168
133
107
185
157
156
109
140
176
87
144
136
150
147
