200
200
200
200
200
200
200
200
200
200
200
200
200
200
200
200
200
200
200
200
200
200
200
200
200
200
200
200
200
200
200
200
200
200
200
200
200
200
200
200
200
200
200
200
200
200
200
200
200
200
200
200
200
200
200
200
200
200
200
200
200
200
200
200
200
200
200
200
200
200
200
200
200
200
200
200
200
200
200
200
200
200
200
200
200
200
200
200
200
200
200
200
200
200
200
200
200
200
200
200
200
200
200
200
200
200
200
200
200
200
200
200
200
200
200
200
200
200
200
200
200
200
200
200
200
200
200
200
200
200
200
200
200
200
200
200
200
200
200
200
200
200
200
200
200
200
200
200
200
200
200
200
200
200
200
200
200
200
200
200
200
200
200
200
200
200
200
200
200
200
200
200
200
200
200
200
200
200
200
200
200
200
200
200
200
200
200
200
200
200
200
200
200
200
200
200
200
200
200
200
200
200
200
200
200
200
200
200
200
200
200
200
200
200
200
200
200
200
200
200
200
200
200
200
200
200
200
200
200
200
200
200
200
200
200
200
200
200
200
200
200
200
200
200
200
200
200
200
200
200
200
200
200
200
200
200
200
200
200
200
200
200
200
200
200
200
200
200
200
200
200
200
200
200
200
200
200
200
200
200
200
200
200
200
200
200
200
200
200
200
200
200
200
200
200
200
200
200
200
200
200
200
200
200
148
200
200
200
200
200
200
200
200
200
200
200
200
200
144
138
200
200
183
200
200
200
200
200
200
200
200
200
199
200
200
200
200
200
200
200
200
200
200
200
191
200
200
200
200
200
200
200
200
200
200
142
200
200
200
189
200
200
133
149
200
200
200
200
200
200
200
200
200
200
138
200
167
197
200
200
200
176
200
200
165
117
200
200
197
200
152
200
171
200
160
200
166
200
174
200
200
134
200
200
123
144
163
120
121
174
184
120
141
162
123
156
149
132
152
113
143
117
161
153
116
148
150
115
164
149
153
152
183
147
165
187
150
156
124
134
166
160
119
148
148
168
135
142
173
149
100
171
140
154
158
169
162
155
155
200
110
116
165
134
169
163
174
186
168
135
135
134
135
167
152
159
180
160
145
162
109
164
160
145
152
163
179
133
96
151
98
145
163
152
151
127
151
139
136
141
144
149
167
142
157
141
145
180
164
86
140
152
136
151
147
167
115
135
142
97
139
149
116
145
132
85
133
134
156
152
137
94
174
136
90
126
155
94
142
153
88
151
147
139
144
146
105
149
88
148
133
136
107
141
109
149
94
152
153
157
102
139
174
133
106
187
143
139
135
160
148
153
100
148
111
156
139
85
105
111
143
90
100
153
173
131
157
177
89
112
94
97
113
151
121
107
149
163
126
152
136
156
92
149
161
88
104
109
158
142
157
159
155
86
89
107
168
111
87
165
93
105
156
109
106
148
198
154
146
88
153
159
150
147
92
147
114
90
91
88
174
156
156
93
100
97
149
86
161
161
132
137
149
167
146
89
151
149
98
137
111
111
164
95
142
169
153
141
168
152
144
156
89
138
198
200
160
140
173
153
139
157
152
93
143
157
136
146
135
140
93
152
156
159
139
140
140
151
158
158
147
88
155
153
112
200
99
143
86
153
150
186
140
115
153
132
159
135
163
147
142
176
146
174
93
172
151
150
136
158
138
192
137
200
165
151
101
146
160
148
178
151
131
148
93
100
139
98
93
167
157
97
144
156
150
92
137
147
155
154
156
200
150
138
200
133
172
100
166
200
152
108
200
100
125
152
200
90
153
156
156
88
105
162
143
165
200
96
140
148
152
148
92
85
147
158
146
147
87
105
155
168
148
93
136
150
162
138
161
157
155
92
91
103
141
200
165
94
152
141
163
94
88
145
91
169
148
146
101
155
143
96
191
179
200
153
184
88
200
182
94
165
157
97
86
149
89
142
163
180
177
142
86
144
172
84
150
144
159
157
141
141
143
145
85
90
173
156
167
101
162
90
148
144
146
158
157
140
155
176
88
185
159
142
99
84
200
143
146
142
169
143
146
141
143
148
140
91
200
101
90
145
159
150
200
96
84
89
138
138
97
160
147
200
116
145
142
200
170
152
85
145
174
146
148
150
150
146
133
99
138
84
143
92
87
99
157
157
200
141
105
94
148
174
85
141
152
85
145
126
171
200
144
144
173
173
141
143
145
200
155
95
90
155
90
174
104
145
94
163
143
200
153
200
89
93
140
143
94
171
200
88
152
200
200
141
143
188
200
200
143
200
153
98
200
200
89
142
143
145
