200
200
200
200
200
200
200
200
200
200
200
200
200
200
200
200
200
200
200
200
200
200
200
200
200
200
200
200
200
200
200
200
200
200
200
200
200
200
200
200
200
200
200
200
200
200
200
200
200
200
200
200
200
200
200
200
200
200
200
200
200
200
200
200
200
200
200
200
200
200
200
200
200
200
200
200
200
200
200
200
200
200
200
200
200
200
200
200
200
200
200
200
200
200
200
200
200
200
200
200
200
200
200
200
200
200
200
200
200
200
200
200
200
200
200
200
200
200
200
200
200
200
200
200
200
200
200
200
200
200
200
200
200
200
200
200
200
200
200
200
200
200
200
200
200
200
200
200
200
200
200
200
200
200
200
200
200
200
200
200
200
200
200
200
200
200
200
200
200
200
200
200
200
200
200
200
200
200
200
200
200
200
200
200
200
200
200
200
200
200
200
200
200
200
200
200
200
200
200
200
200
200
200
200
200
200
200
200
200
200
200
200
200
200
200
200
200
200
200
200
200
200
200
200
200
200
200
200
200
200
200
200
200
200
200
200
200
200
200
200
200
200
200
200
200
200
200
200
200
200
200
200
200
200
200
200
200
200
200
200
200
200
200
200
200
200
200
200
200
200
200
200
200
200
200
200
200
200
200
200
200
200
200
200
200
200
200
200
200
200
200
200
200
200
200
200
200
200
200
200
200
200
200
200
200
200
200
200
200
200
200
200
200
200
200
200
200
200
200
200
200
200
200
200
200
200
200
200
200
200
200
200
200
200
200
200
200
200
200
200
200
200
200
200
200
200
200
200
200
200
200
200
200
200
200
200
200
200
200
200
200
200
200
200
200
200
200
200
166
200
200
200
200
161
200
200
200
139
200
143
173
154
200
180
189
165
123
173
120
122
157
113
142
116
143
143
148
150
155
149
158
148
149
164
148
164
158
148
153
146
161
138
156
163
142
200
165
200
200
144
200
200
200
200
200
200
200
200
200
200
200
200
200
200
200
200
200
200
200
200
200
200
154
200
200
200
200
200
192
200
200
188
200
171
200
200
145
200
200
172
200
125
200
146
138
144
166
117
141
147
130
166
163
156
131
163
121
124
94
154
163
121
162
118
187
160
127
153
156
162
124
162
118
154
157
183
115
136
173
172
113
109
153
164
144
138
140
178
200
140
153
142
200
159
200
165
200
159
200
167
162
150
200
146
95
153
138
147
130
171
200
154
200
119
200
156
200
100
125
200
151
200
174
200
95
134
200
158
119
121
89
150
162
115
110
155
181
147
119
157
160
149
146
120
167
144
128
151
111
121
169
200
111
156
200
121
155
118
200
166
200
153
176
150
170
163
200
193
169
200
147
176
114
110
111
168
109
107
115
114
116
112
103
165
176
154
105
100
128
192
109
149
200
127
173
173
135
142
109
141
130
97
167
115
155
168
110
190
115
162
200
200
126
200
163
155
124
162
119
166
100
124
160
125
170
168
123
170
114
168
187
123
150
178
194
200
200
176
200
181
125
180
200
145
94
130
95
160
173
196
200
120
143
91
111
158
101
162
170
175
147
104
176
147
154
155
117
132
149
159
153
171
145
110
142
140
170
200
157
150
158
134
153
123
153
158
170
101
120
154
155
90
126
143
95
119
160
135
159
173
180
200
165
93
162
93
149
143
108
120
145
160
116
146
94
170
112
145
153
136
132
109
134
145
138
96
112
141
84
152
158
193
200
200
200
182
140
116
131
115
177
147
162
110
179
103
113
182
107
148
113
183
169
158
95
112
200
200
162
162
96
122
102
151
200
152
115
139
144
159
170
99
135
200
119
166
163
172
185
180
93
133
97
128
145
92
115
165
153
185
165
164
117
152
200
136
152
89
126
85
111
119
157
177
174
133
146
155
90
149
110
110
160
99
122
116
145
152
167
110
136
157
156
166
155
162
96
125
152
92
200
181
89
112
84
149
151
145
154
160
163
169
136
157
87
119
117
163
173
165
109
143
113
138
180
200
164
87
150
113
171
101
148
86
124
133
200
143
200
116
141
144
188
151
155
175
165
137
160
102
165
149
161
144
193
147
115
92
117
170
149
98
117
99
98
127
164
166
156
116
168
160
160
120
86
200
169
147
84
168
175
89
181
155
118
131
163
165
117
157
171
84
109
117
105
121
152
168
164
104
146
173
97
173
157
97
191
115
93
87
120
101
197
108
116
101
109
92
99
110
113
121
105
110
109
119
113
113
111
109
160
164
176
178
108
109
170
170
139
89
109
106
124
187
99
107
103
157
200
200
