200
200
200
200
200
200
200
200
200
200
200
200
200
200
200
200
200
200
200
200
200
200
200
200
200
200
200
200
200
200
200
200
200
200
200
200
200
200
200
200
200
200
200
200
200
200
200
200
200
200
200
200
200
200
200
200
200
200
200
200
200
200
200
200
200
200
200
200
200
200
200
200
200
200
200
200
200
200
200
200
200
200
200
200
200
200
200
200
200
200
200
200
200
200
200
200
200
200
200
200
200
200
200
200
200
200
200
200
200
200
200
200
200
200
200
200
200
200
200
200
200
200
200
200
200
200
200
200
200
200
200
200
200
200
200
200
200
200
200
200
200
200
200
200
200
200
200
200
200
200
200
200
200
200
200
200
200
200
200
200
200
200
200
200
200
200
200
200
200
200
200
200
200
200
200
200
200
200
200
200
200
200
200
200
200
200
200
200
200
200
200
200
200
200
200
200
200
200
200
200
200
200
200
200
200
170
190
200
200
200
200
200
200
200
200
200
200
200
200
200
200
200
200
200
200
200
200
200
200
200
179
200
200
178
200
200
166
165
157
200
159
165
161
144
155
184
158
155
200
153
158
196
153
195
200
200
200
135
200
200
162
200
200
200
127
200
200
175
200
200
200
200
200
200
120
192
200
183
116
127
200
167
189
175
177
200
182
152
136
158
161
146
141
157
151
141
123
154
157
155
150
200
190
152
159
193
171
150
153
124
161
133
138
192
193
143
200
199
200
126
149
200
166
157
198
144
165
151
166
197
200
186
174
141
152
160
197
142
182
151
124
200
200
200
150
149
163
193
152
166
200
179
165
166
200
161
148
200
200
200
164
200
199
200
200
194
200
200
200
200
200
191
200
200
200
200
200
200
200
200
200
200
200
200
164
119
200
200
200
111
163
200
122
200
143
200
161
192
200
158
196
200
166
156
200
200
159
200
200
116
198
200
127
122
200
200
140
200
156
200
163
115
120
161
116
120
175
172
175
135
117
157
120
155
145
92
151
155
147
161
150
155
99
148
162
151
148
163
153
154
187
200
152
157
200
200
156
92
147
147
117
156
200
154
157
155
150
157
158
138
163
200
90
162
169
156
104
101
145
164
91
151
151
153
136
151
144
142
140
162
94
143
150
143
152
200
200
200
200
95
143
169
170
200
105
101
145
148
157
144
109
182
98
173
159
177
150
167
166
92
141
200
146
154
147
167
200
200
200
200
160
169
160
142
135
200
154
90
172
151
151
146
146
150
149
176
144
94
175
148
139
167
157
150
119
143
120
122
190
150
110
189
143
200
158
154
142
138
194
100
137
143
119
114
124
92
158
95
100
96
146
156
112
146
179
103
158
165
162
157
116
175
151
109
106
146
155
147
91
149
150
143
90
142
91
156
109
106
144
88
84
164
127
136
112
151
86
157
149
106
170
174
167
151
173
180
179
165
107
160
112
185
102
166
147
92
150
174
97
164
94
188
90
161
135
144
107
86
87
132
110
93
154
163
104
157
94
118
153
145
117
93
157
162
86
105
100
155
113
156
141
166
150
108
95
171
153
109
160
115
107
119
150
169
119
127
91
95
176
130
160
195
151
111
128
87
106
153
107
153
155
151
175
156
114
100
150
155
91
174
171
115
136
105
112
113
169
120
106
116
119
177
92
160
106
113
139
93
107
121
130
142
134
163
164
158
129
128
135
98
133
95
121
169
181
166
179
113
123
195
172
113
139
151
118
124
123
152
165
167
172
107
123
117
89
110
145
159
173
148
163
193
164
151
138
157
153
179
167
157
145
98
168
155
164
152
160
149
179
200
145
151
170
115
88
107
144
148
148
99
122
114
168
156
147
141
91
140
152
89
148
150
171
90
139
93
120
178
88
149
148
116
150
145
87
145
144
154
145
139
105
149
142
115
90
147
105
85
115
90
126
182
200
123
200
200
200
200
200
179
129
148
159
197
200
200
200
200
200
131
200
200
113
175
141
188
145
200
188
159
160
128
142
140
143
137
143
138
90
148
151
151
147
145
145
165
157
138
138
177
151
167
144
200
138
200
200
200
151
143
138
146
138
137
151
200
140
138
142
152
200
200
91
137
147
150
145
145
106
133
148
138
135
154
120
125
152
153
100
137
135
136
156
93
143
140
163
151
171
140
148
154
154
142
161
145
151
179
140
153
144
142
143
136
103
164
161
125
133
141
200
158
170
113
126
200
169
199
200
168
96
178
145
141
142
158
141
167
125
134
136
174
164
106
171
135
154
98
107
200
92
140
139
119
184
118
111
113
161
157
