-199
-199
-199
-199
-199
-199
-199
-199
-199
-199
-199
-199
-199
-199
-199
-199
-199
-199
-199
-199
-199
-199
-199
-199
-199
-199
-199
-199
-199
-199
-199
-199
-199
-199
-199
-199
-199
-199
-199
-199
-199
-199
-199
-199
-199
-199
-199
-199
-199
-199
-199
-199
-199
-199
-199
-199
-199
-199
-199
-199
-199
-199
-199
-199
-199
-199
-199
-199
-199
-199
-199
-199
-199
-199
-199
-199
-199
-199
-199
-199
-199
-199
-199
-199
-199
-199
-199
-199
-199
-199
-199
-199
-199
-199
-199
-199
-199
-199
-199
-199
-199
-199
-199
-199
-199
-199
-199
-199
-199
-199
-199
-199
-199
-199
-199
-199
-199
-199
-199
-199
-199
-199
-199
-199
-199
-199
-199
-199
-199
-199
-199
-199
-199
-199
-199
-199
-199
-199
-199
-199
-199
-199
-199
-199
-199
-199
-199
-199
-199
-199
-199
-199
-199
-199
-199
-199
-199
-199
-199
-199
-199
-199
-199
-199
-199
-199
-199
-199
-199
-199
-199
-199
-199
-199
-199
-199
-199
-199
-199
-199
-199
-199
-199
-199
-199
-199
-199
-199
-199
-199
-199
-199
-199
-199
-199
-199
-199
-199
-199
-199
-199
-199
-199
-199
-199
-199
-199
-199
-199
-199
-199
-199
-199
-199
-199
-199
-199
-199
-199
-199
-199
-199
-199
-199
-199
-199
-199
-199
-199
-199
-199
-199
-199
-199
-199
-199
-199
-199
-199
-199
-199
-199
-199
-199
-199
-199
-199
-199
-199
-199
-199
-199
-199
-199
-199
-199
-199
-199
-199
-199
-199
-199
-199
-199
-199
-199
-199
-199
-199
-199
-199
-199
-199
-199
-199
-199
-199
-199
-199
-199
-199
-199
-199
-199
-199
-199
-199
-199
-199
-199
-199
-199
-199
-199
-199
-199
-199
-199
-199
-199
-199
-199
-199
-199
-199
-199
-199
-199
-199
-199
-199
-199
-199
-199
-199
-199
-199
-199
-199
-199
-199
-199
-199
-199
-199
-199
-199
-199
-199
-199
-199
-199
-199
-199
-199
-199
-199
-199
-199
-199
-199
-199
-199
-199
-199
-199
-199
-199
-199
-199
-199
-199
-199
-199
-199
-199
-199
-199
-199
-199
-199
-199
-199
-199
-199
-199
-199
-199
-199
-199
-199
-199
-199
-199
-199
-199
-199
-199
-199
-199
-199
-199
-199
-199
-199
-199
-199
-199
-199
-199
-199
-199
-199
-199
-199
-199
-199
-199
-199
-199
-199
-199
-199
-199
-199
-199
-199
-199
-189
-199
-199
-199
-199
-199
-199
-199
-199
-199
-198
-199
-169
-199
-199
-199
-199
-199
-199
-147
-189
-199
-199
-199
-174
-196
-199
-199
-199
-199
-199
-199
-199
-199
-199
-199
-133
-199
-199
-155
-199
-191
-199
-199
-164
-199
-199
-131
-199
-199
-199
-177
-199
-189
-199
-199
-199
-199
-199
-199
-199
-199
-199
-199
-199
-199
-199
-199
-199
-199
-199
-199
-199
-199
-199
-199
-199
-199
-199
-199
-199
-199
-199
-199
-199
-179
-199
-199
-199
-199
-199
-186
-157
-191
-156
-190
-143
-196
-199
-147
-199
-199
-197
-199
-147
-178
-161
-118
-145
-110
-161
-101
-199
-115
-115
-112
-144
-155
-171
-148
-152
-192
-145
-191
-151
-157
-153
-163
-137
-173
-104
-148
-155
-144
-136
-147
-150
-136
-140
-117
-144
-112
-149
-120
-136
-151
-138
-142
-134
-136
-139
-137
-152
-140
-197
-199
-151
-153
-199
-199
-157
-199
-199
-199
-199
-163
-144
-194
-199
-150
-199
-139
-199
-199
-199
-199
-102
-89
-199
-141
-170
-142
-84
-199
-158
-199
-92
-154
-199
-143
-89
-126
-121
-199
-199
-119
-140
-199
-199
-149
-158
-199
-147
-143
-83
-139
-149
-103
-119
-97
-154
-165
-86
-136
-148
-136
-150
-155
-138
-143
-148
-134
-147
-158
-149
-98
-155
-167
-97
-104
-97
-141
-91
-199
-146
-87
-117
-112
-159
-152
-145
-96
-141
-149
-190
-89
-142
-110
-140
-161
-141
-148
-186
-158
-175
-84
-168
-94
-153
-150
-161
-199
-142
-156
-199
-160
-165
-150
-162
-95
-153
-154
-150
-156
-91
-152
-149
-156
-96
-139
-146
-144
-150
-107
-195
-142
-89
-142
-158
-147
-145
-146
-89
-199
-137
-155
-165
-99
-106
-86
-149
-107
-85
-142
-107
-154
-106
-106
-108
-108
-112
-146
-140
-135
-106
-95
-147
-106
-88
-145
-149
-111
-106
-109
-150
-147
-150
-112
-147
-150
-146
-150
-174
-98
-147
-105
-155
-113
-104
-111
-158
-160
-92
-158
-150
-134
-160
-179
-107
-199
-165
-199
-114
-144
-199
-163
-107
-139
-91
-148
-109
-173
-146
-145
-144
-87
-142
-157
-163
-84
-88
-111
-87
-146
-127
-95
-97
-146
-98
-111
-163
-86
-159
-157
-93
-154
-136
-143
-142
-87
-103
-88
-138
-139
-93
-156
-140
-144
-199
-147
-144
-145
-151
-142
-107
-156
-96
-157
-146
-85
-84
-141
-141
-157
-154
-94
-152
-158
-150
-87
-146
-142
-195
-139
-144
-148
-148
-85
-146
-95
-156
-92
-199
-88
-168
-199
-82
-86
-141
-199
-95
-89
-85
-140
-162
-89
-100
-94
-138
-153
-170
-140
-145
-85
-135
-89
-161
-149
-153
-86
-134
-165
-141
-161
-83
-166
-139
-111
-140
-136
-110
-89
-163
-142
-136
-94
-166
-89
-140
-87
-139
-138
-84
-139
-147
-143
-174
-89
-165
-197
-164
-136
-90
-89
-138
-139
-136
-136
-148
-105
-156
-142
-143
-146
-146
-135
-109
-91
-138
-148
-145
-142
-89
-139
-139
-135
-93
-199
-143
-146
-162
-165
-158
-151
-86
-97
-156
-149
-91
-162
-166
-142
-151
-111
-97
-144
-145
-148
-88
-199
-138
-141
-145
-199
-154
-199
-83
-199
-148
-156
-143
-145
-134
-139
-97
-90
-199
-138
-199
-140
-199
-199
-100
-199
-98
-88
-153
-199
-199
-157
-199
-148
-183
-85
-148
-189
-147
-160
-149
-161
-143
-149
-84
-141
-141
-199
-199
-199
-158
-152
-143
-162
