200
200
200
200
200
200
200
200
200
200
200
200
200
200
200
200
200
200
200
200
200
200
200
200
200
200
200
200
200
200
200
200
200
200
200
200
200
200
200
200
200
200
200
200
200
200
200
200
200
200
200
200
200
200
200
200
200
200
200
200
200
200
200
200
200
200
200
200
200
200
200
200
200
200
200
200
200
200
200
200
200
200
200
200
200
200
200
200
200
200
200
200
200
200
200
200
200
200
200
200
200
200
200
200
200
200
200
200
200
200
200
200
200
200
200
200
200
200
200
200
200
200
200
200
200
200
200
200
200
200
200
200
200
200
200
200
200
200
200
200
200
200
200
200
200
200
200
200
200
200
200
200
200
200
200
200
200
200
200
200
200
200
200
200
200
200
200
200
200
200
200
200
200
200
200
200
200
200
200
200
200
200
200
200
200
200
200
200
200
200
200
200
200
200
200
200
200
200
200
200
200
200
200
200
200
200
200
200
200
200
200
200
200
200
200
200
200
200
200
200
157
200
200
200
200
200
200
186
200
200
200
200
200
200
200
200
200
200
200
200
200
200
200
200
200
200
200
200
200
200
200
200
200
200
200
200
200
200
200
200
200
178
200
200
200
200
200
200
200
200
200
200
200
200
200
200
200
200
200
200
200
200
200
200
200
200
200
200
200
200
200
200
200
200
200
200
200
200
200
200
200
200
200
200
200
200
200
200
200
200
200
199
200
200
200
200
200
200
135
200
200
200
200
200
200
200
200
170
200
200
200
200
200
200
200
200
200
200
200
200
200
200
200
200
200
200
200
200
200
181
200
200
200
200
192
200
200
193
200
200
200
200
200
200
200
173
200
164
121
132
189
180
139
160
200
133
200
141
160
185
147
137
161
153
158
155
157
200
150
138
112
143
140
146
157
141
152
141
156
151
146
148
150
177
142
177
135
158
145
156
157
151
89
200
154
147
169
151
166
162
104
159
149
200
161
154
176
96
169
200
200
156
112
148
153
161
144
152
95
145
133
136
134
111
146
150
161
118
112
108
177
113
144
171
118
111
112
163
158
154
154
178
200
96
142
147
144
138
147
155
152
200
94
138
116
130
120
151
91
148
189
114
94
165
152
94
148
152
145
152
150
144
155
107
106
138
141
136
136
175
158
154
128
163
113
109
83
96
117
159
106
183
96
152
169
200
158
150
160
200
154
166
146
126
153
86
154
145
148
152
200
200
159
183
155
157
149
157
156
137
157
149
148
144
146
108
157
150
149
148
96
148
188
163
150
149
186
145
200
101
156
155
93
136
106
142
151
105
145
152
147
138
179
91
114
90
200
134
111
148
129
141
141
109
200
102
143
144
147
136
142
149
142
160
200
153
159
140
154
146
138
122
150
153
153
149
157
142
148
148
86
99
115
148
135
119
124
153
146
141
158
107
148
145
137
151
112
162
169
170
108
118
158
91
124
165
181
189
108
110
150
161
156
182
147
140
160
102
123
156
143
167
105
133
153
108
145
147
107
107
152
109
91
88
196
91
100
110
110
90
142
157
145
140
114
140
140
112
148
135
115
119
158
153
149
171
104
106
150
103
106
131
87
139
148
122
116
155
147
154
90
92
94
155
147
148
143
173
166
135
113
141
149
142
98
108
138
116
113
141
140
159
112
94
139
136
85
151
91
126
200
177
200
124
132
152
113
107
142
106
149
147
121
89
107
158
141
138
164
140
114
169
145
100
106
160
162
142
138
153
166
158
89
108
200
85
109
136
158
156
101
94
144
155
138
136
152
162
115
149
148
130
148
150
165
156
111
138
134
143
142
123
171
162
151
152
155
187
146
133
135
159
156
169
141
117
120
90
89
120
86
165
137
86
88
161
143
145
109
126
137
155
134
170
145
123
113
137
108
110
114
87
155
141
86
85
147
90
142
132
103
98
113
126
117
142
109
86
85
149
145
132
137
152
111
134
140
148
153
138
127
140
112
149
155
85
146
146
131
159
115
126
142
129
151
113
148
132
137
136
142
148
141
160
144
138
129
87
138
115
138
160
174
132
200
200
200
200
177
164
143
155
111
144
176
115
180
142
134
130
142
163
134
138
147
167
137
130
138
85
157
140
141
106
178
128
140
90
200
108
105
90
113
138
124
151
142
112
106
164
200
137
149
129
137
170
95
113
116
84
152
151
147
134
149
144
152
142
143
161
152
117
140
162
147
164
149
100
142
107
159
191
161
90
137
103
140
94
97
92
176
133
149
177
101
157
85
133
147
150
87
144
137
157
142
186
155
143
127
113
