200
200
200
200
200
200
200
200
200
200
200
200
200
200
200
200
200
200
200
200
200
200
200
200
200
200
200
200
200
200
200
200
200
200
200
200
200
200
200
200
200
200
200
200
200
200
200
200
200
200
200
200
200
200
200
200
200
200
200
200
200
200
200
200
200
200
200
200
200
200
200
200
200
200
200
200
200
200
200
200
200
200
200
200
200
200
200
200
200
200
200
200
200
200
200
200
200
200
200
200
200
200
200
200
200
200
200
200
200
200
200
200
200
200
200
200
200
200
200
200
200
200
200
200
200
200
200
200
200
200
200
200
200
200
200
200
200
200
200
200
200
200
200
200
200
200
200
200
200
200
200
200
200
200
200
200
200
200
200
200
200
200
200
200
200
200
200
200
200
200
200
200
200
200
200
200
200
200
200
200
200
200
200
200
200
200
200
200
200
200
200
200
200
200
200
200
200
200
200
200
200
200
200
200
200
200
200
200
200
200
200
200
200
200
200
200
200
200
200
200
200
200
200
200
200
200
200
200
200
200
200
200
200
200
200
200
200
200
200
200
200
200
200
200
200
200
200
200
200
200
200
200
200
200
200
200
200
200
200
200
200
200
200
200
200
200
200
200
200
200
200
200
200
200
200
200
200
200
200
200
200
200
200
200
200
200
200
200
200
200
200
200
200
200
200
200
200
200
200
200
200
200
200
200
200
200
200
200
200
200
200
200
200
200
200
200
200
200
200
200
200
200
200
200
200
200
200
200
200
200
200
200
200
200
200
200
200
200
200
151
200
200
200
200
200
200
200
200
200
200
200
200
200
200
200
200
200
200
200
200
158
200
200
200
200
200
200
200
200
200
200
200
200
200
200
200
200
161
200
200
200
200
200
200
200
200
151
200
200
184
200
200
200
200
191
200
200
185
200
200
200
200
151
200
200
200
200
200
200
200
165
200
200
200
200
200
200
154
200
200
178
132
200
200
200
193
200
200
200
200
200
200
200
200
200
200
156
176
200
200
126
122
185
121
164
189
159
200
141
197
113
114
150
117
139
115
141
119
147
147
141
134
162
167
144
132
130
145
158
148
154
141
147
126
129
148
170
142
198
113
179
158
145
152
166
148
153
145
155
147
162
200
114
146
155
167
125
169
119
200
178
113
148
108
154
174
111
150
200
200
178
190
169
149
142
138
159
200
153
134
124
152
160
154
148
147
140
119
116
157
166
169
157
148
135
139
114
176
164
100
131
158
101
171
161
182
121
117
143
112
85
180
130
111
124
145
145
155
117
161
92
112
112
109
200
145
149
137
179
145
121
144
162
110
94
109
106
117
109
145
109
171
114
92
105
155
107
140
111
107
158
136
105
167
165
143
105
120
130
139
161
107
151
110
100
92
113
91
89
140
106
110
98
90
100
106
135
187
146
93
160
141
100
106
120
92
134
102
91
159
96
91
117
157
106
90
126
104
148
161
140
150
115
105
106
162
137
87
175
104
163
109
113
149
152
99
171
91
154
105
111
152
112
154
138
84
138
85
130
146
156
162
141
180
136
158
150
189
137
146
95
149
98
143
91
171
106
85
148
100
164
154
160
142
119
126
200
168
161
112
92
174
127
90
167
162
142
96
96
94
112
181
115
93
151
89
162
161
152
109
159
164
110
155
149
183
120
152
89
104
141
152
153
114
153
176
143
147
133
166
141
138
142
133
149
173
149
137
137
139
88
140
168
151
139
181
160
108
107
153
148
134
90
131
129
136
142
129
157
143
131
93
89
133
139
143
142
107
148
133
104
156
147
101
157
156
192
108
114
109
105
157
108
149
158
146
93
167
96
139
162
111
147
103
148
107
165
131
147
164
119
159
152
145
148
93
156
142
88
105
167
98
96
97
105
148
148
99
142
102
92
132
184
135
107
178
86
134
112
111
137
124
90
144
151
132
89
107
166
143
134
104
128
115
135
107
138
116
90
183
108
106
86
133
106
160
140
120
117
108
143
147
154
130
142
145
139
138
108
93
110
148
109
171
109
147
90
197
150
101
105
127
108
137
108
112
110
92
106
167
136
150
176
140
115
97
151
150
176
132
115
150
108
116
129
139
156
153
143
101
151
123
154
161
152
108
138
90
148
88
137
127
109
168
135
146
109
159
156
107
125
92
135
200
95
96
93
90
113
106
109
91
110
165
121
94
102
145
110
148
108
108
117
135
133
98
152
93
136
110
147
108
94
159
114
152
170
89
111
86
96
86
113
91
152
159
93
107
159
95
98
101
114
102
109
86
107
89
156
148
