-199
-199
-199
-199
-199
-199
-199
-199
-199
-199
-199
-199
-199
-199
-199
-199
-199
-199
-199
-199
-199
-199
-199
-199
-199
-199
-199
-199
-199
-199
-199
-199
-199
-199
-199
-199
-199
-199
-199
-199
-199
-199
-199
-199
-199
-199
-199
-199
-199
-199
-199
-199
-199
-199
-199
-199
-199
-199
-199
-199
-199
-199
-199
-199
-199
-199
-199
-199
-199
-199
-199
-199
-199
-199
-199
-199
-199
-199
-199
-199
-199
-199
-199
-199
-199
-199
-199
-199
-199
-199
-199
-199
-199
-199
-199
-199
-199
-199
-199
-199
-199
-199
-199
-199
-199
-199
-199
-199
-199
-199
-199
-199
-199
-199
-199
-199
-199
-199
-199
-199
-199
-199
-199
-199
-199
-199
-199
-199
-199
-199
-199
-199
-199
-199
-199
-199
-199
-199
-199
-199
-199
-199
-199
-199
-199
-199
-199
-199
-199
-199
-199
-199
-199
-199
-199
-199
-199
-199
-199
-199
-199
-199
-199
-199
-199
-199
-199
-199
-199
-199
-199
-199
-199
-199
-199
-199
-199
-199
-199
-199
-199
-199
-199
-199
-199
-199
-199
-199
-199
-199
-199
-199
-199
-199
-199
-199
-199
-199
-199
-199
-199
-199
-199
-199
-199
-199
-199
-199
-199
-199
-199
-199
-199
-199
-199
-199
-199
-199
-199
-199
-199
-199
-199
-199
-199
-199
-199
-199
-199
-199
-199
-199
-199
-199
-199
-199
-199
-199
-199
-199
-199
-199
-199
-199
-199
-199
-199
-199
-199
-199
-199
-199
-199
-199
-199
-199
-199
-199
-199
-199
-199
-199
-199
-199
-199
-199
-199
-199
-199
-199
-199
-199
-199
-199
-199
-199
-199
-199
-199
-199
-199
-199
-199
-199
-199
-199
-199
-199
-199
-199
-199
-199
-199
-190
-199
-199
-199
-199
-199
-199
-199
-199
-199
-199
-199
-199
-199
-199
-199
-199
-199
-199
-199
-199
-199
-199
-199
-199
-199
-199
-199
-199
-199
-199
-180
-199
-199
-199
-199
-199
-185
-199
-199
-140
-199
-163
-199
-163
-199
-199
-146
-199
-199
-199
-149
-153
-165
-199
-178
-155
-174
-121
-133
-174
-167
-135
-173
-160
-123
-166
-147
-155
-161
-155
-145
-148
-155
-89
-149
-152
-199
-149
-154
-144
-158
-196
-199
-153
-155
-152
-146
-143
-156
-199
-170
-158
-170
-152
-171
-155
-146
-144
-153
-159
-199
-199
-166
-155
-149
-123
-150
-145
-150
-177
-135
-150
-168
-152
-87
-199
-148
-137
-162
-199
-189
-161
-147
-157
-127
-155
-151
-185
-177
-119
-148
-135
-154
-129
-154
-152
-121
-118
-112
-109
-154
-128
-111
-152
-134
-137
-134
-135
-136
-156
-146
-150
-154
-92
-158
-148
-113
-158
-113
-145
-160
-160
-161
-141
-147
-153
-130
-199
-161
-156
-143
-123
-114
-199
-156
-137
-91
-116
-114
-99
-143
-164
-148
-121
-157
-131
-144
-137
-150
-132
-146
-145
-199
-158
-116
-157
-114
-163
-90
-199
-113
-152
-109
-155
-168
-159
-148
-137
-161
-170
-163
-170
-133
-117
-199
-141
-155
-158
-90
-155
-158
-168
-130
-164
-160
-156
-154
-165
-138
-92
-183
-159
-159
-166
-129
-171
-154
-161
-89
-165
-187
-136
-135
-148
-107
-104
-172
-152
-154
-158
-139
-127
-114
-117
-134
-147
-184
-146
-94
-127
-87
-152
-155
-178
-110
-158
-118
-124
-137
-181
-179
-199
-199
-183
-199
-156
-108
-87
-167
-164
-110
-110
-151
-169
-146
-100
-151
-116
-111
-147
-105
-155
-140
-117
-153
-152
-154
-90
-114
-114
-95
-147
-116
-158
-153
-112
-120
-153
-110
-143
-157
-140
-159
-160
-137
-143
-156
-155
-199
-147
-150
-153
-153
-157
-111
-134
-125
-150
-89
-119
-147
-106
-199
-154
-85
-185
-199
-108
-148
-151
-157
-199
-89
-93
-199
-143
-150
-199
-165
-140
-140
-133
-110
-112
-150
-90
-176
-136
-90
-159
-140
-133
-98
-145
-156
-150
-91
-156
-199
-199
-146
-150
-85
-150
-156
-194
-98
-86
-147
-161
-106
-156
-96
-182
-146
-146
-158
-168
-133
-113
-118
-123
-160
-170
-136
-153
-137
-123
-164
-84
-155
-138
-132
-131
-117
-145
-140
-168
-146
-199
-166
-115
-124
-134
-116
-153
-108
-199
-168
-118
-90
-199
-183
-91
-142
-111
-144
-85
-199
-141
-85
-199
-199
-110
-199
-199
-148
-123
-199
-115
-145
-199
-169
-117
-199
-158
-173
-199
-150
-175
-156
-178
-163
-159
-119
-199
-153
-156
-156
-128
-163
-164
-155
-92
-111
-199
-90
-145
-199
-159
-152
-199
-156
-109
-141
-152
-146
-110
-154
-146
-95
-149
-143
-151
-152
-158
-144
-92
-154
-147
-199
-141
-149
-146
-159
-121
-99
-116
-148
-152
-99
-146
-151
-114
-147
-155
-142
-152
-149
-168
-142
-199
-144
-146
-143
-193
-162
-105
-172
-173
-148
-111
-165
-158
-154
-150
-92
-163
-157
-199
-117
-199
-109
-90
-184
-146
-148
-140
-133
-171
-139
-178
-173
-123
-143
-112
-148
-138
-111
-111
-140
-199
-118
-167
-164
-159
-146
-117
-116
-119
-199
-199
-155
-130
-112
-121
-155
-135
-199
-199
-199
-199
-199
-199
-199
-199
-199
-199
-134
-199
-199
-138
-161
-86
-159
-165
-154
-154
-92
-149
-177
-164
-169
-173
-186
-106
-146
-173
-137
-178
-147
-172
-199
-140
-197
-120
-199
-132
-154
-154
-199
-199
-126
-174
-144
-143
-182
-178
-117
-161
-199
-106
-161
-120
-84
-107
-171
-116
-140
-138
-114
-114
-141
-115
-153
-110
-106
-93
-183
-106
-152
-161
-133
-96
-181
-104
-169
-199
-105
-150
-199
-91
-158
-83
-140
-133
-114
-140
-199
-169
-140
-190
-90
-173
-151
-90
-128
-144
-172
-108
-172
-99
-92
-101
-173
-153
-177
-115
-160
-160
-199
-153
-131
-161
-160
-89
-197
-141
-88
-135
-141
-145
-90
-86
-113
-128
-171
-174
-199
-167
-164
-143
-178
-130
-130
-133
