200
200
200
200
200
200
200
200
200
200
200
200
200
200
200
200
200
200
200
200
200
200
200
200
200
200
200
200
200
200
200
200
200
200
200
200
200
200
200
200
200
200
200
200
200
200
200
200
200
200
200
200
200
200
200
200
200
200
200
200
200
200
200
200
200
200
200
200
200
200
200
200
200
200
200
200
200
200
200
200
200
200
200
200
200
200
200
200
200
200
200
200
200
200
200
200
200
200
200
200
200
200
200
200
200
200
200
200
200
200
200
200
200
200
200
200
200
200
200
200
200
200
200
200
200
200
200
200
200
200
200
200
200
200
200
200
200
200
200
200
200
200
200
200
200
200
200
200
200
200
200
200
200
200
200
200
200
200
200
200
200
200
200
200
200
200
200
200
200
200
200
200
200
200
200
200
200
200
200
200
200
200
200
200
200
200
200
200
200
200
200
200
200
200
200
200
200
200
200
200
200
200
200
200
200
200
200
200
200
200
200
200
200
200
200
200
200
200
200
200
200
200
200
200
200
200
200
200
200
200
200
200
200
200
200
200
200
200
200
200
200
200
200
200
200
200
200
200
200
200
200
200
200
200
200
200
200
200
200
200
200
200
200
200
200
200
200
200
200
200
200
200
200
200
200
200
200
200
200
200
200
200
200
200
200
200
200
200
200
200
200
200
200
191
200
200
200
200
200
200
200
200
200
200
200
200
200
200
200
200
200
200
200
200
200
200
200
200
200
200
200
200
200
200
181
200
200
200
200
200
186
200
200
141
200
164
200
164
200
200
147
200
200
200
150
154
166
200
179
156
175
122
134
175
168
136
174
161
124
167
148
156
162
156
146
149
156
90
150
153
200
150
155
145
159
197
200
154
156
153
147
144
157
200
171
159
171
153
172
156
147
145
154
160
200
200
167
156
150
124
151
146
151
178
136
151
169
153
88
200
149
138
163
200
190
162
148
158
128
156
152
186
178
120
149
136
155
130
155
153
122
119
113
110
155
129
112
153
135
138
135
136
137
157
147
151
155
93
159
149
114
159
114
146
161
161
162
142
148
154
131
200
162
157
144
124
115
200
157
138
92
117
115
100
144
165
149
122
158
132
145
138
151
133
147
146
200
159
117
158
115
164
91
200
114
153
110
156
169
160
149
138
162
171
164
171
134
118
200
142
156
159
91
156
159
169
131
165
161
157
155
166
139
93
184
160
160
167
130
172
155
162
90
166
188
137
136
149
108
105
173
153
155
159
140
128
115
118
135
148
185
147
95
128
88
153
156
179
111
159
119
125
138
182
180
200
200
184
200
157
109
88
168
165
111
111
152
170
147
101
152
117
112
148
106
156
141
118
154
153
155
91
115
115
96
148
117
159
154
113
121
154
111
144
158
141
160
161
138
144
157
156
200
148
151
154
154
158
112
135
126
151
90
120
148
107
200
155
86
186
200
109
149
152
158
200
90
94
200
144
151
200
166
141
141
134
111
113
151
91
177
137
91
160
141
134
99
146
157
151
92
157
200
200
147
151
86
151
157
195
99
87
148
162
107
157
97
183
147
147
159
169
134
114
119
124
161
171
137
154
138
124
165
85
156
139
133
132
118
146
141
169
147
200
167
116
125
135
117
154
109
200
169
119
91
200
184
92
143
112
145
86
200
142
86
200
200
111
200
200
149
124
200
116
146
200
170
118
200
159
174
200
151
176
157
179
164
160
120
200
154
157
157
129
164
165
156
93
112
200
91
146
200
160
153
200
157
110
142
153
147
111
155
147
96
150
144
152
153
159
145
93
155
148
200
142
150
147
160
122
100
117
149
153
100
147
152
115
148
156
143
153
150
169
143
200
145
147
144
194
163
106
173
174
149
112
166
159
155
151
93
164
158
200
118
200
110
91
185
147
149
141
134
172
140
179
174
124
144
113
149
139
112
112
141
200
119
168
165
160
147
118
117
120
200
200
156
131
113
122
156
136
200
200
200
200
200
200
200
200
200
200
135
200
200
139
162
87
160
166
155
155
93
150
178
165
170
174
187
107
147
174
138
179
148
173
200
141
198
121
200
133
155
155
200
200
127
175
145
144
183
179
118
162
200
107
162
121
85
108
172
117
141
139
115
115
142
116
154
111
107
94
184
107
153
162
134
97
182
105
170
200
106
151
200
92
159
84
141
134
115
141
200
170
141
191
91
174
152
91
129
145
173
109
173
100
93
102
174
154
178
116
161
161
200
154
132
162
161
90
198
142
89
136
142
146
91
87
114
129
172
175
200
168
165
144
179
131
131
134
