-199
-199
-199
-199
-199
-199
-199
-199
-199
-199
-199
-199
-199
-199
-199
-199
-199
-199
-199
-199
-199
-199
-199
-199
-199
-199
-199
-199
-199
-199
-199
-199
-199
-199
-199
-199
-199
-199
-199
-199
-199
-199
-199
-199
-199
-199
-199
-199
-199
-199
-199
-199
-199
-199
-199
-199
-199
-199
-199
-199
-199
-199
-199
-199
-199
-199
-199
-199
-199
-199
-199
-199
-199
-199
-199
-199
-199
-199
-199
-199
-199
-199
-199
-199
-199
-199
-199
-199
-199
-199
-199
-199
-199
-199
-199
-199
-199
-199
-199
-199
-199
-199
-199
-199
-199
-199
-199
-199
-199
-199
-199
-199
-199
-199
-199
-199
-199
-199
-199
-199
-199
-199
-199
-199
-199
-199
-199
-199
-199
-199
-199
-199
-199
-199
-199
-199
-199
-199
-199
-199
-199
-199
-199
-199
-199
-199
-199
-199
-199
-199
-199
-199
-199
-199
-199
-199
-199
-199
-199
-199
-199
-199
-199
-199
-199
-199
-199
-199
-199
-199
-199
-199
-199
-199
-199
-199
-199
-199
-199
-199
-199
-199
-199
-199
-199
-199
-199
-199
-199
-199
-199
-199
-199
-199
-199
-199
-199
-199
-199
-199
-199
-199
-199
-199
-199
-199
-199
-199
-199
-199
-199
-199
-199
-199
-199
-199
-199
-199
-199
-199
-199
-199
-199
-199
-199
-199
-199
-199
-199
-199
-199
-199
-199
-199
-199
-199
-199
-199
-199
-199
-199
-199
-199
-199
-199
-199
-199
-199
-199
-199
-199
-199
-199
-199
-199
-199
-199
-199
-199
-199
-199
-199
-199
-199
-199
-199
-199
-199
-199
-199
-199
-199
-199
-199
-199
-199
-199
-199
-199
-199
-199
-199
-199
-199
-199
-199
-199
-199
-199
-199
-199
-199
-199
-199
-199
-199
-199
-199
-199
-199
-199
-199
-199
-199
-199
-199
-199
-199
-199
-199
-199
-199
-199
-199
-199
-199
-199
-199
-199
-199
-199
-199
-199
-199
-199
-199
-199
-199
-199
-199
-199
-199
-199
-199
-199
-199
-199
-199
-199
-150
-199
-199
-199
-199
-199
-199
-199
-199
-199
-199
-199
-199
-199
-199
-199
-199
-199
-199
-199
-199
-157
-199
-199
-199
-199
-199
-199
-199
-199
-199
-199
-199
-199
-199
-199
-199
-199
-160
-199
-199
-199
-199
-199
-199
-199
-199
-150
-199
-199
-183
-199
-199
-199
-199
-190
-199
-199
-184
-199
-199
-199
-199
-150
-199
-199
-199
-199
-199
-199
-199
-164
-199
-199
-199
-199
-199
-199
-153
-199
-199
-177
-131
-199
-199
-199
-192
-199
-199
-199
-199
-199
-199
-199
-199
-199
-199
-155
-175
-199
-199
-125
-121
-184
-120
-163
-188
-158
-199
-140
-196
-112
-113
-149
-116
-138
-114
-140
-118
-146
-146
-140
-133
-161
-166
-143
-131
-129
-144
-157
-147
-153
-140
-146
-125
-128
-147
-169
-141
-197
-112
-178
-157
-144
-151
-165
-147
-152
-144
-154
-146
-161
-199
-113
-145
-154
-166
-124
-168
-118
-199
-177
-112
-147
-107
-153
-173
-110
-149
-199
-199
-177
-189
-168
-148
-141
-137
-158
-199
-152
-133
-123
-151
-159
-153
-147
-146
-139
-118
-115
-156
-165
-168
-156
-147
-134
-138
-113
-175
-163
-99
-130
-157
-100
-170
-160
-181
-120
-116
-142
-111
-84
-179
-129
-110
-123
-144
-144
-154
-116
-160
-91
-111
-111
-108
-199
-144
-148
-136
-178
-144
-120
-143
-161
-109
-93
-108
-105
-116
-108
-144
-108
-170
-113
-91
-104
-154
-106
-139
-110
-106
-157
-135
-104
-166
-164
-142
-104
-119
-129
-138
-160
-106
-150
-109
-99
-91
-112
-90
-88
-139
-105
-109
-97
-89
-99
-105
-134
-186
-145
-92
-159
-140
-99
-105
-119
-91
-133
-101
-90
-158
-95
-90
-116
-156
-105
-89
-125
-103
-147
-160
-139
-149
-114
-104
-105
-161
-136
-86
-174
-103
-162
-108
-112
-148
-151
-98
-170
-90
-153
-104
-110
-151
-111
-153
-137
-83
-137
-84
-129
-145
-155
-161
-140
-179
-135
-157
-149
-188
-136
-145
-94
-148
-97
-142
-90
-170
-105
-84
-147
-99
-163
-153
-159
-141
-118
-125
-199
-167
-160
-111
-91
-173
-126
-89
-166
-161
-141
-95
-95
-93
-111
-180
-114
-92
-150
-88
-161
-160
-151
-108
-158
-163
-109
-154
-148
-182
-119
-151
-88
-103
-140
-151
-152
-113
-152
-175
-142
-146
-132
-165
-140
-137
-141
-132
-148
-172
-148
-136
-136
-138
-87
-139
-167
-150
-138
-180
-159
-107
-106
-152
-147
-133
-89
-130
-128
-135
-141
-128
-156
-142
-130
-92
-88
-132
-138
-142
-141
-106
-147
-132
-103
-155
-146
-100
-156
-155
-191
-107
-113
-108
-104
-156
-107
-148
-157
-145
-92
-166
-95
-138
-161
-110
-146
-102
-147
-106
-164
-130
-146
-163
-118
-158
-151
-144
-147
-92
-155
-141
-87
-104
-166
-97
-95
-96
-104
-147
-147
-98
-141
-101
-91
-131
-183
-134
-106
-177
-85
-133
-111
-110
-136
-123
-89
-143
-150
-131
-88
-106
-165
-142
-133
-103
-127
-114
-134
-106
-137
-115
-89
-182
-107
-105
-85
-132
-105
-159
-139
-119
-116
-107
-142
-146
-153
-129
-141
-144
-138
-137
-107
-92
-109
-147
-108
-170
-108
-146
-89
-196
-149
-100
-104
-126
-107
-136
-107
-111
-109
-91
-105
-166
-135
-149
-175
-139
-114
-96
-150
-149
-175
-131
-114
-149
-107
-115
-128
-138
-155
-152
-142
-100
-150
-122
-153
-160
-151
-107
-137
-89
-147
-87
-136
-126
-108
-167
-134
-145
-108
-158
-155
-106
-124
-91
-134
-199
-94
-95
-92
-89
-112
-105
-108
-90
-109
-164
-120
-93
-101
-144
-109
-147
-107
-107
-116
-134
-132
-97
-151
-92
-135
-109
-146
-107
-93
-158
-113
-151
-169
-88
-110
-85
-95
-85
-112
-90
-151
-158
-92
-106
-158
-94
-97
-100
-113
-101
-108
-85
-106
-88
-155
-147
