-199
-199
-199
-199
-199
-199
-199
-199
-199
-199
-199
-199
-199
-199
-199
-199
-199
-199
-199
-199
-199
-199
-199
-199
-199
-199
-199
-199
-199
-199
-199
-199
-199
-199
-199
-199
-199
-199
-199
-199
-199
-199
-199
-199
-199
-199
-199
-199
-199
-199
-199
-199
-199
-199
-199
-199
-199
-199
-199
-199
-199
-199
-199
-199
-199
-199
-199
-199
-199
-199
-199
-199
-199
-199
-199
-199
-199
-199
-199
-199
-199
-199
-199
-199
-199
-199
-199
-199
-199
-199
-199
-199
-199
-199
-199
-199
-199
-199
-199
-199
-199
-199
-199
-199
-199
-199
-199
-199
-199
-199
-199
-199
-199
-199
-199
-199
-199
-199
-199
-199
-199
-199
-199
-199
-199
-199
-199
-199
-199
-199
-199
-199
-199
-199
-199
-199
-199
-199
-199
-199
-199
-199
-199
-199
-199
-199
-199
-199
-199
-199
-199
-199
-199
-199
-199
-199
-199
-199
-199
-199
-199
-199
-199
-199
-199
-199
-199
-199
-199
-199
-199
-199
-199
-199
-199
-199
-199
-199
-199
-199
-199
-199
-199
-199
-199
-199
-199
-199
-199
-199
-199
-199
-199
-199
-199
-199
-199
-199
-199
-199
-199
-199
-199
-199
-199
-199
-199
-199
-199
-199
-199
-199
-199
-199
-199
-199
-199
-199
-199
-199
-199
-199
-199
-199
-199
-199
-199
-199
-199
-199
-199
-199
-199
-199
-199
-199
-199
-199
-199
-199
-199
-199
-199
-199
-199
-199
-199
-199
-199
-199
-199
-199
-199
-199
-199
-199
-199
-199
-199
-199
-199
-199
-199
-199
-199
-199
-199
-199
-199
-199
-199
-199
-199
-199
-199
-199
-199
-199
-199
-199
-199
-199
-199
-199
-199
-199
-199
-199
-199
-199
-199
-199
-199
-199
-199
-199
-199
-199
-199
-199
-199
-199
-199
-199
-199
-199
-199
-199
-199
-199
-199
-199
-199
-199
-199
-199
-199
-199
-199
-199
-199
-199
-199
-199
-191
-199
-199
-199
-199
-199
-153
-199
-199
-199
-199
-199
-199
-170
-199
-168
-199
-125
-199
-199
-168
-128
-161
-199
-125
-160
-149
-147
-149
-155
-111
-150
-148
-151
-129
-199
-171
-152
-166
-199
-123
-154
-165
-199
-189
-152
-168
-170
-189
-167
-176
-199
-199
-179
-199
-199
-199
-178
-199
-199
-199
-199
-127
-199
-199
-199
-129
-199
-199
-122
-199
-199
-122
-199
-191
-199
-199
-167
-122
-146
-120
-139
-154
-153
-159
-155
-199
-165
-152
-172
-199
-127
-158
-111
-174
-199
-199
-149
-180
-198
-199
-120
-93
-199
-155
-160
-113
-156
-181
-165
-128
-158
-148
-171
-170
-115
-172
-127
-199
-188
-199
-199
-163
-178
-170
-189
-171
-198
-157
-135
-154
-199
-95
-162
-125
-199
-199
-179
-199
-199
-181
-199
-199
-163
-199
-199
-96
-135
-157
-120
-89
-148
-125
-155
-121
-150
-145
-163
-169
-96
-146
-117
-149
-124
-199
-112
-124
-176
-149
-132
-89
-100
-121
-146
-181
-88
-192
-108
-155
-119
-110
-145
-138
-142
-144
-151
-118
-103
-159
-106
-87
-154
-147
-112
-146
-137
-146
-158
-157
-131
-154
-119
-173
-121
-117
-199
-128
-158
-125
-157
-193
-167
-179
-109
-199
-163
-199
-122
-199
-199
-199
-199
-199
-199
-199
-199
-138
-154
-104
-116
-146
-160
-112
-109
-95
-156
-159
-171
-110
-154
-106
-141
-146
-146
-87
-120
-168
-111
-157
-109
-165
-106
-155
-117
-152
-119
-145
-114
-199
-165
-185
-101
-199
-199
-129
-148
-143
-111
-150
-157
-147
-132
-115
-162
-199
-89
-123
-111
-91
-199
-97
-128
-109
-152
-109
-98
-148
-114
-157
-111
-162
-199
-148
-192
-166
-114
-117
-199
-100
-199
-94
-199
-199
-90
-199
-199
-193
-199
-199
-171
-199
-105
-114
-120
-199
-118
-186
-122
-153
-191
-147
-199
-91
-130
-150
-137
-141
-121
-85
-141
-157
-167
-134
-135
-160
-146
-183
-168
-111
-199
-172
-150
-199
-114
-198
-120
-163
-199
-116
-180
-115
-108
-157
-108
-85
-113
-113
-137
-116
-148
-199
-163
-117
-199
-125
-112
-165
-123
-158
-187
-151
-181
-191
-199
-148
-138
-199
-152
-199
-129
-180
-186
-115
-156
-171
-173
-170
-129
-196
-165
-110
-142
-87
-135
-117
-92
-167
-110
-173
-125
-143
-171
-175
-178
-146
-111
-108
-86
-121
-107
-160
-129
-112
-199
-117
-123
-88
-184
-160
-129
-131
-190
-180
-141
-141
-94
-96
-199
-151
-195
-157
-126
-163
-141
-87
-171
-174
-166
-153
-199
-158
-199
-186
-98
-199
-157
-189
-167
-113
-199
-173
-199
-111
-177
-130
-182
-113
-92
-173
-159
-122
-180
-85
-111
-193
-113
-117
-89
-116
-163
-91
-150
-107
-122
-199
-114
-183
-155
-120
-96
-173
-114
-103
-90
-119
-158
-125
-157
-193
-146
-180
-169
-115
-85
-105
-110
-153
-120
-199
-110
-175
-117
-140
-111
-91
-88
-197
-88
-160
-152
-158
-96
-146
-123
-153
-119
-107
-136
-137
-96
-139
-97
-137
-139
-136
-165
-135
-134
-187
-113
-157
-131
-156
-140
-115
-133
-130
-138
-127
-155
-98
-156
-107
-91
-160
-162
-181
-199
-114
-113
-133
-92
-114
-163
-150
-150
-114
-93
-159
-134
-118
-169
-114
-159
-144
-113
-153
-189
-131
-115
-137
-101
-89
-123
-144
-91
-191
-144
-88
-175
-143
-84
-132
-143
-113
-140
-93
-124
-167
-184
-167
-107
-102
-113
-90
-117
-184
-122
-140
-153
-118
-100
-199
-89
-157
-126
-172
-108
-174
-126
-90
-122
-165
-123
-98
-100
-108
-172
-113
-102
-115
-167
-112
-83
-145
-167
-119
-168
-159
-91
-95
-164
-109
-125
-160
-108
-166
-91
-162
-85
-156
-112
-159
-112
-183
-109
-165
-150
-114
-166
-100
-106
-168
-110
-107
-88
-168
-161
-109
-120
-176
-108
-164
-134
-166
-139
-166
-109
-174
-109
-105
-85
-199
-166
-178
-151
