-199
-199
-199
-199
-199
-199
-199
-199
-199
-199
-199
-199
-199
-199
-199
-199
-199
-199
-199
-199
-199
-199
-199
-199
-199
-199
-199
-199
-199
-199
-199
-199
-199
-199
-199
-199
-199
-199
-199
-199
-199
-199
-199
-199
-199
-199
-199
-199
-199
-199
-199
-199
-199
-199
-199
-199
-199
-199
-199
-199
-199
-199
-199
-199
-199
-199
-199
-199
-199
-199
-199
-199
-199
-199
-199
-199
-199
-199
-199
-199
-199
-199
-199
-199
-199
-199
-199
-199
-199
-199
-199
-199
-199
-199
-199
-199
-199
-199
-199
-199
-199
-199
-199
-199
-199
-199
-199
-199
-199
-199
-199
-199
-199
-199
-199
-199
-199
-199
-199
-199
-199
-199
-199
-199
-199
-199
-199
-199
-199
-199
-199
-199
-199
-199
-199
-199
-199
-199
-199
-199
-199
-199
-199
-199
-199
-199
-199
-199
-199
-199
-199
-199
-199
-199
-199
-199
-199
-199
-199
-199
-199
-199
-199
-199
-199
-199
-199
-199
-199
-199
-199
-199
-199
-199
-199
-199
-199
-199
-199
-199
-199
-199
-199
-199
-199
-199
-199
-199
-199
-199
-199
-199
-199
-199
-199
-199
-199
-199
-199
-199
-199
-199
-199
-199
-199
-199
-199
-199
-199
-199
-199
-199
-199
-199
-199
-199
-199
-199
-199
-199
-199
-199
-199
-199
-199
-199
-199
-199
-199
-199
-199
-199
-199
-199
-199
-199
-199
-199
-199
-199
-199
-199
-199
-199
-199
-199
-199
-199
-199
-199
-199
-199
-199
-199
-199
-199
-199
-199
-199
-199
-199
-199
-199
-199
-199
-199
-199
-199
-199
-199
-199
-199
-199
-199
-199
-199
-199
-199
-199
-199
-199
-199
-199
-199
-199
-199
-199
-199
-199
-199
-199
-199
-199
-199
-199
-199
-199
-199
-199
-199
-199
-199
-199
-199
-147
-199
-199
-199
-199
-199
-199
-199
-199
-199
-199
-199
-199
-199
-143
-137
-199
-199
-182
-199
-199
-199
-199
-199
-199
-199
-199
-199
-198
-199
-199
-199
-199
-199
-199
-199
-199
-199
-199
-199
-190
-199
-199
-199
-199
-199
-199
-199
-199
-199
-199
-141
-199
-199
-199
-188
-199
-199
-132
-148
-199
-199
-199
-199
-199
-199
-199
-199
-199
-199
-137
-199
-166
-196
-199
-199
-199
-175
-199
-199
-164
-116
-199
-199
-196
-199
-151
-199
-170
-199
-159
-199
-165
-199
-173
-199
-199
-133
-199
-199
-122
-143
-162
-119
-120
-173
-183
-119
-140
-161
-122
-155
-148
-131
-151
-112
-142
-116
-160
-152
-115
-147
-149
-114
-163
-148
-152
-151
-182
-146
-164
-186
-149
-155
-123
-133
-165
-159
-118
-147
-147
-167
-134
-141
-172
-148
-99
-170
-139
-153
-157
-168
-161
-154
-154
-199
-109
-115
-164
-133
-168
-162
-173
-185
-167
-134
-134
-133
-134
-166
-151
-158
-179
-159
-144
-161
-108
-163
-159
-144
-151
-162
-178
-132
-95
-150
-97
-144
-162
-151
-150
-126
-150
-138
-135
-140
-143
-148
-166
-141
-156
-140
-144
-179
-163
-85
-139
-151
-135
-150
-146
-166
-114
-134
-141
-96
-138
-148
-115
-144
-131
-84
-132
-133
-155
-151
-136
-93
-173
-135
-89
-125
-154
-93
-141
-152
-87
-150
-146
-138
-143
-145
-104
-148
-87
-147
-132
-135
-106
-140
-108
-148
-93
-151
-152
-156
-101
-138
-173
-132
-105
-186
-142
-138
-134
-159
-147
-152
-99
-147
-110
-155
-138
-84
-104
-110
-142
-89
-99
-152
-172
-130
-156
-176
-88
-111
-93
-96
-112
-150
-120
-106
-148
-162
-125
-151
-135
-155
-91
-148
-160
-87
-103
-108
-157
-141
-156
-158
-154
-85
-88
-106
-167
-110
-86
-164
-92
-104
-155
-108
-105
-147
-197
-153
-145
-87
-152
-158
-149
-146
-91
-146
-113
-89
-90
-87
-173
-155
-155
-92
-99
-96
-148
-85
-160
-160
-131
-136
-148
-166
-145
-88
-150
-148
-97
-136
-110
-110
-163
-94
-141
-168
-152
-140
-167
-151
-143
-155
-88
-137
-197
-199
-159
-139
-172
-152
-138
-156
-151
-92
-142
-156
-135
-145
-134
-139
-92
-151
-155
-158
-138
-139
-139
-150
-157
-157
-146
-87
-154
-152
-111
-199
-98
-142
-85
-152
-149
-185
-139
-114
-152
-131
-158
-134
-162
-146
-141
-175
-145
-173
-92
-171
-150
-149
-135
-157
-137
-191
-136
-199
-164
-150
-100
-145
-159
-147
-177
-150
-130
-147
-92
-99
-138
-97
-92
-166
-156
-96
-143
-155
-149
-91
-136
-146
-154
-153
-155
-199
-149
-137
-199
-132
-171
-99
-165
-199
-151
-107
-199
-99
-124
-151
-199
-89
-152
-155
-155
-87
-104
-161
-142
-164
-199
-95
-139
-147
-151
-147
-91
-84
-146
-157
-145
-146
-86
-104
-154
-167
-147
-92
-135
-149
-161
-137
-160
-156
-154
-91
-90
-102
-140
-199
-164
-93
-151
-140
-162
-93
-87
-144
-90
-168
-147
-145
-100
-154
-142
-95
-190
-178
-199
-152
-183
-87
-199
-181
-93
-164
-156
-96
-85
-148
-88
-141
-162
-179
-176
-141
-85
-143
-171
-83
-149
-143
-158
-156
-140
-140
-142
-144
-84
-89
-172
-155
-166
-100
-161
-89
-147
-143
-145
-157
-156
-139
-154
-175
-87
-184
-158
-141
-98
-83
-199
-142
-145
-141
-168
-142
-145
-140
-142
-147
-139
-90
-199
-100
-89
-144
-158
-149
-199
-95
-83
-88
-137
-137
-96
-159
-146
-199
-115
-144
-141
-199
-169
-151
-84
-144
-173
-145
-147
-149
-149
-145
-132
-98
-137
-83
-142
-91
-86
-98
-156
-156
-199
-140
-104
-93
-147
-173
-84
-140
-151
-84
-144
-125
-170
-199
-143
-143
-172
-172
-140
-142
-144
-199
-154
-94
-89
-154
-89
-173
-103
-144
-93
-162
-142
-199
-152
-199
-88
-92
-139
-142
-93
-170
-199
-87
-151
-199
-199
-140
-142
-187
-199
-199
-142
-199
-152
-97
-199
-199
-88
-141
-142
-144
