200
200
200
200
200
200
200
200
200
200
200
200
200
200
200
200
200
200
200
200
200
200
200
200
200
200
200
200
200
200
200
200
200
200
200
200
200
200
200
200
200
200
200
200
200
200
200
200
200
200
200
200
200
200
200
200
200
200
200
200
200
200
200
200
200
200
200
200
200
200
200
200
200
200
200
200
200
200
200
200
200
200
200
200
200
200
200
200
200
200
200
200
200
200
200
200
200
200
200
200
200
200
200
200
200
200
200
200
200
200
200
200
200
200
200
200
200
200
200
200
200
200
200
200
200
200
200
200
200
200
200
200
200
200
200
200
200
200
200
200
200
200
200
200
200
200
200
200
200
200
200
200
200
200
200
200
200
200
200
200
200
200
200
200
200
200
200
200
200
200
200
200
200
200
200
200
200
200
200
200
200
200
200
200
200
200
200
200
200
200
200
200
200
200
200
200
200
200
200
200
200
200
200
200
200
144
200
200
200
200
200
200
200
200
185
200
200
200
200
180
155
200
200
200
200
154
200
200
200
200
190
200
200
200
200
200
177
200
143
200
162
200
199
143
200
200
200
199
153
182
200
148
200
167
200
200
200
200
152
157
200
200
200
200
200
154
200
152
200
200
188
200
180
200
200
200
177
155
171
200
145
200
164
200
155
157
200
172
149
200
146
151
155
200
200
156
200
200
200
200
151
200
200
151
172
155
189
200
154
200
200
200
200
155
200
200
190
170
200
191
200
167
194
173
200
200
119
200
200
200
138
200
166
200
147
200
200
117
114
200
200
112
145
166
200
150
161
200
149
160
153
149
200
180
198
151
165
200
142
157
160
150
200
200
154
200
200
148
176
199
200
162
162
93
157
160
121
152
146
125
200
147
200
200
200
158
198
125
167
200
200
200
146
200
200
161
200
200
144
119
200
119
114
200
149
151
200
200
151
147
148
185
155
140
152
147
113
150
150
113
158
174
152
163
147
165
119
144
160
112
147
152
110
200
115
116
200
115
122
200
171
126
200
142
185
182
166
163
149
123
171
165
173
156
93
158
105
146
102
148
142
142
162
143
151
159
167
121
153
158
157
160
191
162
199
113
141
179
152
116
151
148
116
157
112
161
107
139
200
117
154
194
116
152
85
149
200
113
116
157
127
200
200
200
123
128
200
136
176
200
128
200
200
200
200
200
200
200
200
200
167
127
162
200
200
200
175
122
169
168
160
122
162
156
150
125
156
142
155
140
157
137
146
121
179
158
135
87
121
148
158
146
97
119
154
153
146
91
123
152
160
164
90
142
91
184
147
158
125
142
162
147
177
159
144
88
132
150
117
151
173
120
175
162
200
137
163
200
145
149
185
129
195
169
162
124
139
175
139
168
200
123
132
200
159
116
142
146
92
145
155
156
149
140
140
96
185
200
148
161
200
167
91
141
148
88
124
200
142
150
148
140
152
149
153
158
163
127
101
155
142
151
150
142
145
151
155
154
160
167
159
161
167
146
181
164
145
200
110
157
113
110
153
132
116
135
109
158
115
152
147
152
100
101
121
117
143
145
123
89
145
148
98
160
159
94
160
147
89
138
164
130
141
173
142
143
106
139
135
151
151
164
197
115
92
145
162
109
118
153
159
143
142
85
200
200
185
118
196
132
106
186
164
173
114
87
111
93
141
162
131
193
190
99
89
83
111
156
148
147
145
94
200
159
160
136
86
100
132
164
158
130
95
87
140
168
149
150
145
86
96
160
153
141
163
101
103
153
127
150
89
94
175
148
88
167
163
154
157
93
181
159
157
146
138
87
153
94
158
184
118
173
117
185
127
151
154
150
85
122
153
179
149
144
144
200
108
117
116
135
155
87
200
166
90
200
114
126
138
145
92
158
129
87
119
145
141
152
104
153
200
183
148
149
144
89
167
105
200
171
164
85
111
143
150
95
170
96
169
180
89
124
103
155
166
150
94
111
122
141
145
128
195
98
92
176
90
107
116
140
153
115
184
105
151
144
99
99
129
161
152
200
160
158
143
92
106
122
100
88
90
116
85
91
166
116
91
100
115
116
117
84
111
111
106
103
107
110
115
99
111
108
111
86
107
111
108
104
200
113
116
119
105
145
112
111
95
161
109
110
173
96
113
121
96
112
87
89
85
107
92
92
116
125
89
109
87
117
113
162
84
134
132
117
90
115
178
94
94
117
113
159
112
97
112
110
89
95
110
109
104
175
115
110
99
119
130
200
133
200
176
93
113
139
136
98
188
91
166
156
90
200
200
200
200
200
200
200
163
124
