-199
-199
-199
-199
-199
-199
-199
-199
-199
-199
-199
-199
-199
-199
-199
-199
-199
-199
-199
-199
-199
-199
-199
-199
-199
-199
-199
-199
-199
-199
-199
-199
-199
-199
-199
-199
-199
-199
-199
-199
-199
-199
-199
-199
-199
-199
-199
-199
-199
-199
-199
-199
-199
-199
-199
-199
-199
-199
-199
-199
-199
-199
-199
-199
-199
-199
-199
-199
-199
-199
-199
-199
-199
-199
-199
-199
-199
-199
-199
-199
-199
-199
-199
-199
-199
-199
-199
-199
-199
-199
-199
-199
-199
-199
-199
-199
-199
-199
-199
-199
-199
-199
-199
-199
-199
-199
-199
-199
-199
-199
-199
-199
-199
-199
-199
-199
-199
-199
-199
-199
-199
-199
-199
-199
-199
-199
-199
-199
-199
-199
-199
-199
-199
-199
-199
-199
-199
-199
-199
-199
-199
-199
-199
-199
-199
-199
-199
-199
-199
-199
-199
-199
-199
-199
-199
-199
-199
-199
-199
-199
-199
-199
-199
-199
-199
-199
-199
-199
-199
-199
-199
-199
-199
-199
-199
-199
-199
-199
-199
-199
-199
-199
-199
-199
-199
-199
-199
-199
-199
-199
-199
-199
-199
-199
-199
-199
-199
-199
-199
-199
-199
-199
-199
-199
-199
-143
-199
-199
-199
-199
-199
-199
-199
-199
-184
-199
-199
-199
-199
-179
-154
-199
-199
-199
-199
-153
-199
-199
-199
-199
-189
-199
-199
-199
-199
-199
-176
-199
-142
-199
-161
-199
-198
-142
-199
-199
-199
-198
-152
-181
-199
-147
-199
-166
-199
-199
-199
-199
-151
-156
-199
-199
-199
-199
-199
-153
-199
-151
-199
-199
-187
-199
-179
-199
-199
-199
-176
-154
-170
-199
-144
-199
-163
-199
-154
-156
-199
-171
-148
-199
-145
-150
-154
-199
-199
-155
-199
-199
-199
-199
-150
-199
-199
-150
-171
-154
-188
-199
-153
-199
-199
-199
-199
-154
-199
-199
-189
-169
-199
-190
-199
-166
-193
-172
-199
-199
-118
-199
-199
-199
-137
-199
-165
-199
-146
-199
-199
-116
-113
-199
-199
-111
-144
-165
-199
-149
-160
-199
-148
-159
-152
-148
-199
-179
-197
-150
-164
-199
-141
-156
-159
-149
-199
-199
-153
-199
-199
-147
-175
-198
-199
-161
-161
-92
-156
-159
-120
-151
-145
-124
-199
-146
-199
-199
-199
-157
-197
-124
-166
-199
-199
-199
-145
-199
-199
-160
-199
-199
-143
-118
-199
-118
-113
-199
-148
-150
-199
-199
-150
-146
-147
-184
-154
-139
-151
-146
-112
-149
-149
-112
-157
-173
-151
-162
-146
-164
-118
-143
-159
-111
-146
-151
-109
-199
-114
-115
-199
-114
-121
-199
-170
-125
-199
-141
-184
-181
-165
-162
-148
-122
-170
-164
-172
-155
-92
-157
-104
-145
-101
-147
-141
-141
-161
-142
-150
-158
-166
-120
-152
-157
-156
-159
-190
-161
-198
-112
-140
-178
-151
-115
-150
-147
-115
-156
-111
-160
-106
-138
-199
-116
-153
-193
-115
-151
-84
-148
-199
-112
-115
-156
-126
-199
-199
-199
-122
-127
-199
-135
-175
-199
-127
-199
-199
-199
-199
-199
-199
-199
-199
-199
-166
-126
-161
-199
-199
-199
-174
-121
-168
-167
-159
-121
-161
-155
-149
-124
-155
-141
-154
-139
-156
-136
-145
-120
-178
-157
-134
-86
-120
-147
-157
-145
-96
-118
-153
-152
-145
-90
-122
-151
-159
-163
-89
-141
-90
-183
-146
-157
-124
-141
-161
-146
-176
-158
-143
-87
-131
-149
-116
-150
-172
-119
-174
-161
-199
-136
-162
-199
-144
-148
-184
-128
-194
-168
-161
-123
-138
-174
-138
-167
-199
-122
-131
-199
-158
-115
-141
-145
-91
-144
-154
-155
-148
-139
-139
-95
-184
-199
-147
-160
-199
-166
-90
-140
-147
-87
-123
-199
-141
-149
-147
-139
-151
-148
-152
-157
-162
-126
-100
-154
-141
-150
-149
-141
-144
-150
-154
-153
-159
-166
-158
-160
-166
-145
-180
-163
-144
-199
-109
-156
-112
-109
-152
-131
-115
-134
-108
-157
-114
-151
-146
-151
-99
-100
-120
-116
-142
-144
-122
-88
-144
-147
-97
-159
-158
-93
-159
-146
-88
-137
-163
-129
-140
-172
-141
-142
-105
-138
-134
-150
-150
-163
-196
-114
-91
-144
-161
-108
-117
-152
-158
-142
-141
-84
-199
-199
-184
-117
-195
-131
-105
-185
-163
-172
-113
-86
-110
-92
-140
-161
-130
-192
-189
-98
-88
-82
-110
-155
-147
-146
-144
-93
-199
-158
-159
-135
-85
-99
-131
-163
-157
-129
-94
-86
-139
-167
-148
-149
-144
-85
-95
-159
-152
-140
-162
-100
-102
-152
-126
-149
-88
-93
-174
-147
-87
-166
-162
-153
-156
-92
-180
-158
-156
-145
-137
-86
-152
-93
-157
-183
-117
-172
-116
-184
-126
-150
-153
-149
-84
-121
-152
-178
-148
-143
-143
-199
-107
-116
-115
-134
-154
-86
-199
-165
-89
-199
-113
-125
-137
-144
-91
-157
-128
-86
-118
-144
-140
-151
-103
-152
-199
-182
-147
-148
-143
-88
-166
-104
-199
-170
-163
-84
-110
-142
-149
-94
-169
-95
-168
-179
-88
-123
-102
-154
-165
-149
-93
-110
-121
-140
-144
-127
-194
-97
-91
-175
-89
-106
-115
-139
-152
-114
-183
-104
-150
-143
-98
-98
-128
-160
-151
-199
-159
-157
-142
-91
-105
-121
-99
-87
-89
-115
-84
-90
-165
-115
-90
-99
-114
-115
-116
-83
-110
-110
-105
-102
-106
-109
-114
-98
-110
-107
-110
-85
-106
-110
-107
-103
-199
-112
-115
-118
-104
-144
-111
-110
-94
-160
-108
-109
-172
-95
-112
-120
-95
-111
-86
-88
-84
-106
-91
-91
-115
-124
-88
-108
-86
-116
-112
-161
-83
-133
-131
-116
-89
-114
-177
-93
-93
-116
-112
-158
-111
-96
-111
-109
-88
-94
-109
-108
-103
-174
-114
-109
-98
-118
-129
-199
-132
-199
-175
-92
-112
-138
-135
-97
-187
-90
-165
-155
-89
-199
-199
-199
-199
-199
-199
-199
-162
-123
