-199
-199
-199
-199
-199
-199
-199
-199
-199
-199
-199
-199
-199
-199
-199
-199
-199
-199
-199
-199
-199
-199
-199
-199
-199
-199
-199
-199
-199
-199
-199
-199
-199
-199
-199
-199
-199
-199
-199
-199
-199
-199
-199
-199
-199
-199
-199
-199
-199
-199
-199
-199
-199
-199
-199
-199
-199
-199
-199
-199
-199
-199
-199
-199
-199
-199
-199
-199
-199
-199
-199
-199
-199
-199
-199
-199
-199
-199
-199
-199
-199
-199
-199
-199
-199
-199
-199
-199
-199
-199
-199
-199
-199
-199
-199
-199
-199
-199
-199
-199
-199
-199
-199
-199
-199
-199
-199
-199
-199
-199
-199
-199
-199
-199
-199
-199
-199
-199
-199
-199
-199
-199
-199
-199
-199
-199
-199
-199
-199
-199
-199
-199
-199
-199
-199
-199
-199
-199
-199
-199
-199
-199
-199
-199
-199
-199
-199
-199
-199
-199
-199
-199
-199
-199
-199
-199
-199
-199
-199
-199
-199
-199
-199
-199
-199
-199
-199
-199
-199
-199
-199
-199
-199
-199
-199
-199
-199
-199
-199
-199
-199
-199
-199
-199
-199
-199
-199
-199
-199
-199
-199
-199
-199
-199
-199
-199
-199
-199
-199
-199
-199
-199
-199
-199
-199
-199
-199
-199
-199
-199
-199
-199
-199
-199
-199
-199
-199
-199
-199
-199
-199
-199
-199
-199
-199
-199
-199
-199
-199
-199
-199
-199
-199
-199
-199
-199
-199
-199
-199
-199
-199
-199
-199
-199
-199
-199
-199
-199
-199
-199
-199
-199
-199
-199
-199
-199
-199
-199
-199
-199
-199
-199
-199
-199
-199
-199
-199
-199
-199
-199
-199
-199
-199
-199
-199
-199
-199
-199
-199
-199
-199
-199
-199
-199
-199
-199
-199
-199
-199
-199
-199
-199
-199
-199
-179
-199
-199
-199
-199
-199
-199
-182
-199
-199
-199
-199
-199
-199
-199
-199
-199
-199
-199
-199
-179
-199
-199
-199
-199
-169
-199
-199
-199
-184
-173
-199
-199
-120
-199
-179
-123
-173
-149
-169
-168
-175
-155
-154
-191
-145
-149
-143
-143
-149
-173
-199
-194
-199
-199
-137
-199
-199
-199
-187
-199
-199
-199
-199
-199
-199
-199
-199
-199
-199
-199
-194
-199
-199
-199
-199
-118
-199
-199
-199
-199
-139
-199
-162
-126
-114
-199
-199
-156
-148
-199
-145
-148
-145
-166
-157
-159
-199
-199
-137
-199
-148
-144
-151
-143
-156
-151
-160
-178
-199
-173
-154
-155
-199
-144
-169
-155
-126
-199
-199
-199
-129
-199
-150
-175
-123
-163
-97
-147
-142
-125
-176
-199
-127
-152
-128
-157
-140
-151
-95
-155
-147
-146
-199
-116
-151
-147
-167
-175
-143
-157
-175
-164
-163
-156
-199
-144
-165
-199
-199
-176
-157
-199
-117
-164
-199
-122
-199
-199
-199
-142
-150
-150
-122
-93
-134
-159
-199
-199
-148
-143
-173
-153
-125
-199
-199
-163
-153
-152
-113
-199
-145
-162
-149
-153
-199
-109
-151
-150
-180
-115
-171
-152
-152
-151
-139
-151
-183
-138
-177
-115
-152
-151
-121
-151
-146
-107
-121
-154
-116
-199
-197
-199
-199
-110
-161
-112
-199
-116
-184
-107
-111
-125
-186
-152
-151
-199
-161
-162
-161
-153
-91
-158
-173
-138
-96
-140
-162
-106
-143
-127
-147
-189
-153
-130
-101
-163
-137
-143
-109
-105
-171
-197
-145
-191
-149
-199
-140
-140
-160
-104
-150
-182
-139
-182
-146
-144
-92
-199
-143
-199
-199
-151
-88
-162
-173
-115
-173
-148
-165
-166
-92
-199
-160
-86
-109
-164
-100
-169
-149
-112
-85
-143
-141
-176
-102
-88
-155
-175
-199
-199
-91
-181
-199
-108
-112
-95
-196
-123
-152
-146
-128
-141
-150
-104
-143
-103
-87
-185
-156
-153
-147
-154
-90
-135
-87
-111
-159
-141
-168
-98
-177
-157
-190
-148
-141
-86
-116
-140
-168
-170
-163
-146
-119
-183
-103
-199
-199
-199
-199
-199
-199
-199
-199
-128
-199
-199
-185
-93
-177
-123
-199
-157
-119
-100
-152
-118
-178
-92
-158
-156
-115
-186
-98
-118
-144
-114
-126
-162
-127
-199
-118
-199
-150
-199
-125
-188
-137
-199
-162
-198
-155
-199
-149
-120
-137
-145
-190
-146
-125
-149
-87
-199
-126
-143
-199
-155
-133
-155
-160
-121
-148
-174
-162
-117
-139
-143
-148
-157
-165
-92
-166
-160
-199
-122
-165
-108
-166
-146
-159
-153
-173
-102
-150
-173
-168
-157
-160
-192
-110
-185
-199
-119
-167
-174
-94
-126
-160
-199
-111
-199
-122
-199
-199
-171
-148
-147
-149
-164
-170
-116
-151
-104
-158
-125
-199
-120
-163
-166
-177
-199
-199
-199
-199
-199
-117
-199
-192
-196
-164
-183
-199
-110
-162
-108
-125
-199
-182
-181
-167
-117
-105
-165
-117
-104
-159
-112
-113
-122
-107
-199
-116
-115
-107
-88
-146
-111
-194
-105
-105
-118
-161
-108
-100
-112
-117
-108
-109
-116
-108
-139
-91
-113
-163
-122
-111
-92
-174
-99
-176
-155
-199
-152
-184
-199
-159
-86
-191
-192
-177
-175
-162
-172
-168
-199
-111
-154
-99
-139
-84
-141
-151
-97
-110
-106
-108
-113
-108
-174
-111
-107
-110
-110
-158
-139
-150
-134
-111
-163
-183
-199
-108
-106
-199
-161
-188
-137
-163
-87
-113
-104
-106
-175
-100
-124
-161
-115
-182
-155
-110
-150
-104
-189
-154
-136
-199
-178
-199
-199
-199
-199
-199
-199
-199
-199
-199
-199
-199
-199
-142
-199
-199
-199
-199
-83
-199
-199
-199
-165
-150
-199
-199
-165
-154
-127
-199
-153
-186
-159
-187
-166
-166
-167
-199
-199
-142
-175
-144
-199
-155
-162
-158
-199
-164
-165
-151
-161
-164
-159
-192
-151
-135
-183
-141
-169
-181
-119
-129
-140
-86
-108
-112
-145
-164
-113
-103
-184
-168
-84
-124
-114
-140
-199
-171
-124
-155
-170
-113
-129
-193
-139
-141
-168
-164
-199
-199
-199
-199
-199
-199
-199
-125
-173
-121
-94
-187
