-199
-199
-199
-199
-199
-199
-199
-199
-199
-199
-199
-199
-199
-199
-199
-199
-199
-199
-199
-199
-199
-199
-199
-199
-199
-199
-199
-199
-199
-199
-199
-199
-199
-199
-199
-199
-199
-199
-199
-199
-199
-199
-199
-199
-199
-199
-199
-199
-199
-199
-199
-199
-199
-199
-199
-199
-199
-199
-199
-199
-199
-199
-199
-199
-199
-199
-199
-199
-199
-199
-199
-199
-199
-199
-199
-199
-199
-199
-199
-199
-199
-199
-199
-199
-199
-199
-199
-199
-199
-199
-199
-199
-199
-199
-199
-199
-199
-199
-199
-199
-199
-199
-199
-199
-199
-199
-199
-199
-199
-199
-199
-199
-199
-199
-199
-199
-199
-199
-199
-199
-199
-199
-199
-199
-199
-199
-199
-199
-199
-199
-199
-199
-199
-199
-199
-199
-199
-199
-199
-199
-199
-199
-199
-199
-199
-199
-199
-199
-199
-199
-199
-199
-199
-199
-199
-199
-199
-199
-199
-199
-199
-199
-199
-199
-199
-199
-199
-199
-199
-199
-199
-199
-199
-199
-199
-199
-199
-199
-199
-199
-199
-199
-199
-199
-199
-199
-199
-199
-199
-199
-199
-199
-199
-199
-199
-199
-199
-199
-199
-199
-199
-199
-199
-199
-199
-199
-199
-199
-199
-199
-199
-199
-199
-199
-199
-199
-199
-199
-199
-199
-199
-199
-199
-199
-199
-199
-199
-199
-199
-199
-199
-199
-199
-199
-199
-199
-199
-199
-199
-199
-199
-199
-199
-199
-199
-199
-199
-199
-199
-199
-199
-199
-199
-199
-199
-199
-199
-199
-199
-199
-199
-199
-199
-199
-199
-199
-199
-199
-199
-199
-199
-199
-199
-199
-199
-199
-199
-199
-199
-199
-199
-199
-199
-199
-199
-199
-199
-199
-199
-199
-199
-199
-199
-199
-199
-199
-199
-199
-199
-199
-199
-199
-199
-199
-199
-199
-199
-199
-199
-199
-199
-199
-199
-199
-199
-199
-199
-199
-199
-199
-199
-199
-199
-199
-199
-199
-199
-199
-199
-199
-199
-199
-199
-199
-199
-199
-199
-199
-199
-199
-199
-199
-199
-199
-199
-199
-199
-199
-199
-199
-199
-199
-199
-199
-199
-199
-199
-199
-199
-199
-199
-199
-199
-199
-199
-199
-199
-199
-199
-199
-199
-199
-199
-199
-199
-199
-199
-199
-199
-199
-199
-199
-199
-199
-199
-199
-199
-199
-199
-199
-199
-199
-199
-199
-199
-199
-199
-199
-199
-199
-199
-199
-199
-199
-199
-199
-199
-199
-199
-199
-199
-199
-199
-199
-199
-199
-199
-199
-199
-199
-199
-199
-199
-199
-199
-199
-199
-199
-199
-199
-199
-199
-199
-199
-199
-199
-199
-199
-199
-199
-199
-199
-199
-199
-199
-199
-199
-199
-199
-199
-199
-199
-199
-199
-199
-199
-199
-199
-199
-199
-199
-199
-199
-199
-199
-199
-199
-199
-199
-199
-199
-199
-199
-199
-199
-199
-199
-199
-199
-199
-199
-199
-199
-199
-199
-199
-199
-199
-199
-199
-199
-199
-199
-199
-199
-199
-199
-199
-199
-199
-199
-199
-199
-199
-199
-199
-199
-199
-199
-199
-199
-199
-199
-199
-199
-199
-199
-199
-199
-199
-199
-199
-199
-199
-199
-199
-199
-199
-199
-199
-199
-199
-199
-199
-199
-199
-199
-199
-199
-199
-199
-199
-199
-199
-199
-199
-199
-199
-199
-199
-199
-199
-199
-199
-199
-199
-199
-199
-199
-199
-199
-199
-199
-199
-199
-199
-199
-199
-199
-199
-199
-199
-199
-199
-199
-199
-199
-199
-199
-199
-199
-199
-199
-199
-199
-199
-199
-199
-199
-199
-199
-199
-199
-199
-199
-199
-199
-199
-199
-199
-199
-199
-199
-199
-199
-199
-199
-199
-199
-199
-199
-199
-199
-199
-199
-199
-199
-199
-199
-199
-199
-199
-199
-199
-199
-199
-199
-199
-199
-199
-199
-199
-199
-199
-199
-199
-199
-199
-199
-199
-199
-199
-199
-199
-199
-199
-199
-199
-199
-199
-199
-199
-199
-199
-199
-199
-199
-199
-199
-199
-199
-199
-199
-199
-199
-199
-199
-199
-199
-199
-199
-199
-199
-199
-199
-199
-199
-199
-199
-199
-199
-199
-199
-199
-199
-199
-199
-199
-199
-199
-199
-199
-199
-199
-199
-199
-199
-199
-199
-199
-199
-199
-199
-199
-199
-199
-199
-199
-199
-199
-199
-199
-199
-199
-199
-199
-199
-199
-199
-199
-199
-199
-199
-199
-199
-199
-199
-199
-199
-199
-199
-199
-199
-199
-199
-199
-199
-199
-199
-199
-199
-199
-199
-199
-199
-199
-199
-199
-199
-199
-199
-199
-167
-199
-199
-199
-199
-199
-199
-199
-199
-199
-199
-199
-199
-199
-162
-199
-199
-199
-199
-199
-199
-199
-199
-199
-199
-199
-199
-199
-199
-199
-199
-199
-199
-199
-182
-199
-199
-199
-199
-199
-199
-199
-199
-199
-199
-199
-199
-199
-199
-199
-199
-199
-199
-199
-199
-199
-199
-199
-199
-199
-199
-199
-199
-199
-199
-199
-199
-199
-199
-199
-199
-199
-199
-199
-199
-199
-199
-199
-199
-199
-199
-199
-199
-199
-199
-199
-199
-199
-199
-199
-199
-199
-199
-199
-199
-199
-199
-199
-199
-199
-199
-199
-143
-199
-141
-199
-132
-199
-199
-199
-163
-159
-149
-199
-163
-199
-165
-199
-199
-199
-190
-167
-199
-199
-199
-199
-199
-199
-199
-199
-199
-199
-141
-159
-159
-146
-146
-159
-146
-112
-199
-148
-153
-128
-133
-183
-144
-144
-146
-151
-153
-153
-113
-151
-139
-145
-156
-199
-160
-154
-174
-149
-175
-152
-180
-156
-160
-166
-162
-97
-167
-167
-155
-159
-165
-86
-116
-145
-175
-149
-143
-135
-113
-159
-84
-149
-111
-157
-147
-152
-162
-111
-153
-153
-160
-151
-199
-129
-161
-158
-158
-158
-117
-151
-184
-144
-153
-146
-148
-149
-124
-152
-149
-148
-144
-136
-154
-141
-172
-138
-141
-140
-147
-141
-134
-107
-199
-199
-150
-145
-121
-139
-136
-144
-142
-164
-150
-150
-113
-149
-147
-139
-113
-145
-146
-158
-117
-114
