-199
-199
-199
-199
-199
-199
-199
-199
-199
-199
-199
-199
-199
-199
-199
-199
-199
-199
-199
-199
-199
-199
-199
-199
-199
-199
-199
-199
-199
-199
-199
-199
-199
-199
-199
-199
-199
-199
-199
-199
-199
-199
-199
-199
-199
-199
-199
-199
-199
-199
-199
-199
-199
-199
-199
-199
-199
-199
-199
-199
-199
-199
-199
-199
-199
-199
-199
-199
-199
-199
-199
-199
-199
-199
-199
-199
-199
-199
-199
-199
-199
-199
-199
-199
-199
-199
-199
-199
-199
-199
-199
-199
-199
-199
-199
-199
-199
-199
-199
-199
-199
-199
-199
-199
-199
-199
-199
-199
-199
-199
-199
-199
-199
-199
-199
-199
-199
-199
-199
-199
-199
-199
-199
-199
-199
-199
-199
-199
-199
-199
-199
-199
-199
-199
-199
-199
-199
-199
-199
-199
-199
-199
-199
-199
-199
-199
-199
-199
-199
-199
-199
-199
-199
-199
-199
-199
-199
-199
-199
-199
-199
-199
-199
-199
-199
-199
-199
-199
-199
-199
-199
-199
-199
-199
-199
-199
-199
-199
-199
-199
-199
-199
-199
-199
-199
-199
-199
-199
-199
-199
-199
-199
-199
-199
-199
-199
-199
-199
-199
-199
-199
-199
-199
-199
-199
-199
-199
-199
-199
-199
-199
-199
-199
-199
-199
-199
-199
-199
-199
-199
-199
-199
-199
-199
-199
-199
-199
-199
-199
-199
-199
-199
-199
-199
-199
-199
-199
-199
-199
-199
-199
-199
-199
-199
-199
-199
-199
-199
-199
-199
-199
-199
-199
-199
-199
-199
-199
-199
-199
-199
-199
-199
-199
-199
-199
-199
-199
-199
-199
-199
-199
-199
-199
-199
-199
-199
-199
-199
-199
-199
-199
-199
-199
-199
-199
-199
-199
-199
-199
-199
-199
-199
-199
-199
-199
-199
-199
-199
-199
-199
-199
-199
-199
-199
-199
-199
-199
-199
-199
-199
-199
-199
-199
-199
-199
-199
-199
-199
-199
-199
-199
-199
-199
-199
-199
-199
-199
-199
-199
-199
-199
-199
-199
-199
-199
-199
-199
-199
-199
-199
-199
-199
-199
-199
-199
-199
-199
-199
-199
-199
-199
-199
-199
-199
-199
-199
-199
-199
-199
-199
-199
-199
-199
-199
-199
-199
-199
-199
-199
-199
-199
-199
-199
-199
-199
-199
-199
-199
-199
-199
-199
-199
-199
-199
-199
-199
-199
-199
-199
-199
-199
-199
-199
-199
-199
-199
-199
-199
-199
-199
-199
-199
-199
-199
-199
-199
-199
-199
-199
-199
-199
-199
-199
-199
-199
-199
-199
-199
-199
-199
-199
-199
-199
-199
-199
-199
-199
-199
-199
-199
-199
-199
-199
-199
-199
-199
-199
-199
-199
-199
-199
-199
-199
-199
-199
-199
-199
-199
-199
-199
-199
-199
-199
-199
-199
-199
-199
-199
-199
-199
-199
-199
-199
-199
-199
-199
-199
-199
-199
-199
-199
-199
-199
-199
-199
-199
-199
-199
-199
-199
-199
-199
-199
-199
-199
-199
-199
-199
-199
-199
-199
-199
-199
-199
-199
-199
-199
-199
-199
-199
-199
-199
-199
-199
-199
-199
-199
-199
-172
-199
-199
-199
-199
-199
-197
-199
-157
-199
-199
-153
-199
-161
-187
-143
-150
-148
-155
-143
-163
-156
-146
-162
-172
-155
-191
-151
-143
-147
-130
-156
-140
-140
-94
-141
-199
-199
-154
-119
-199
-151
-189
-199
-158
-199
-199
-199
-199
-190
-199
-162
-199
-199
-199
-199
-199
-199
-199
-199
-199
-199
-199
-199
-199
-199
-199
-199
-164
-199
-120
-199
-146
-199
-199
-169
-199
-147
-199
-199
-110
-169
-155
-193
-164
-192
-135
-145
-190
-162
-199
-163
-132
-162
-144
-144
-158
-199
-199
-193
-176
-132
-158
-151
-199
-174
-115
-168
-149
-163
-199
-163
-165
-85
-130
-199
-199
-199
-199
-199
-115
-92
-177
-122
-172
-123
-169
-199
-178
-98
-156
-113
-96
-156
-129
-169
-96
-163
-158
-168
-156
-88
-97
-173
-160
-168
-148
-185
-84
-156
-99
-107
-83
-165
-95
-133
-98
-158
-96
-112
-140
-98
-105
-166
-146
-174
-99
-144
-143
-147
-156
-162
-110
-86
-147
-142
-128
-139
-162
-139
-105
-125
-111
-158
-90
-147
-106
-103
-120
-136
-157
-199
-107
-162
-144
-162
-140
-143
-107
-149
-149
-144
-181
-88
-143
-199
-83
-155
-95
-142
-184
-199
-124
-152
-122
-159
-95
-151
-143
-124
-159
-107
-158
-110
-108
-199
-83
-119
-162
-151
-150
-199
-106
-158
-151
-156
-124
-169
-109
-176
-136
-145
-179
-143
-143
-147
-199
-183
-146
-112
-144
-116
-87
-149
-154
-118
-148
-120
-140
-169
-150
-145
-111
-106
-135
-179
-110
-151
-107
-167
-99
-142
-106
-142
-161
-114
-160
-179
-139
-127
-109
-113
-149
-108
-110
-154
-110
-145
-104
-112
-96
-96
-117
-145
-134
-163
-178
-84
-199
-199
-194
-199
-191
-163
-194
-199
-114
-153
-102
-111
-109
-110
-116
-111
-114
-105
-86
-105
-92
-113
-108
-111
-137
-134
-115
-112
-98
-155
-93
-115
-120
-170
-149
-152
-151
-91
-87
-117
-141
-117
-109
-115
-85
-148
-123
-85
-163
-116
-121
-148
-101
-157
-163
-95
-148
-168
-195
-91
-91
-171
-120
-91
-102
-118
-84
-152
-160
-82
-167
-117
-167
-149
-160
-147
-160
-148
-133
-83
-137
-156
-115
-85
-117
-150
-105
-139
-107
-155
-120
-133
-178
-151
-123
-199
-172
-115
-148
-118
-156
-107
-95
-172
-197
-105
-179
-84
-125
-112
-96
-117
-97
-114
-94
-94
-110
-84
-142
-148
-83
-86
-145
-120
-167
-144
-155
-133
-149
-115
-160
-101
-190
-153
-131
-90
-97
-162
-150
-156
-110
-154
-159
-179
-169
-149
-175
-115
-199
-199
-199
-199
-151
-199
-199
-148
-184
-140
-87
-103
-198
-154
-199
-159
-172
-133
-161
-125
-118
-101
-83
-105
-133
-97
-92
-120
-114
-199
-89
-144
-110
-91
-147
-102
-148
-199
-120
-161
-90
-116
-152
-188
-145
-178
