-199
-199
-199
-199
-199
-199
-199
-199
-199
-199
-199
-199
-199
-199
-199
-199
-199
-199
-199
-199
-199
-199
-199
-199
-199
-199
-199
-199
-199
-199
-199
-199
-199
-199
-199
-199
-199
-199
-199
-199
-199
-199
-199
-199
-199
-199
-199
-199
-199
-199
-199
-199
-199
-199
-199
-199
-199
-199
-199
-199
-199
-199
-199
-199
-199
-199
-199
-199
-199
-199
-199
-199
-199
-199
-199
-199
-199
-199
-199
-199
-199
-199
-199
-199
-199
-199
-199
-199
-199
-199
-199
-199
-199
-199
-199
-199
-199
-199
-199
-199
-199
-199
-199
-199
-199
-199
-199
-199
-199
-199
-199
-199
-199
-199
-199
-199
-199
-199
-199
-199
-199
-199
-199
-199
-199
-199
-199
-199
-199
-199
-199
-199
-199
-199
-199
-199
-199
-199
-199
-199
-199
-199
-199
-199
-199
-199
-199
-199
-199
-199
-199
-199
-199
-199
-199
-199
-199
-199
-199
-199
-199
-199
-199
-199
-199
-199
-199
-199
-199
-199
-199
-199
-199
-199
-199
-199
-199
-199
-199
-199
-199
-199
-199
-199
-199
-199
-199
-199
-199
-199
-199
-199
-199
-199
-199
-199
-199
-199
-199
-199
-199
-199
-199
-199
-199
-199
-199
-199
-199
-199
-199
-199
-199
-199
-199
-199
-199
-199
-199
-199
-199
-199
-199
-199
-199
-183
-199
-199
-199
-199
-199
-199
-199
-199
-199
-199
-199
-199
-199
-199
-199
-199
-199
-199
-199
-199
-199
-199
-199
-199
-199
-199
-199
-199
-199
-199
-199
-199
-199
-199
-199
-199
-199
-199
-199
-199
-199
-199
-199
-199
-199
-199
-199
-199
-199
-199
-199
-199
-199
-199
-199
-199
-199
-199
-199
-199
-199
-199
-199
-199
-199
-199
-199
-199
-199
-199
-199
-199
-199
-199
-199
-199
-199
-199
-199
-199
-199
-199
-199
-199
-199
-199
-199
-199
-199
-199
-199
-199
-199
-199
-199
-199
-199
-199
-199
-199
-199
-199
-199
-199
-199
-199
-199
-199
-199
-199
-199
-199
-199
-199
-199
-199
-164
-199
-199
-199
-199
-199
-179
-199
-199
-199
-199
-164
-199
-199
-169
-199
-199
-199
-199
-158
-199
-199
-199
-199
-199
-199
-199
-199
-199
-199
-169
-199
-199
-199
-199
-199
-199
-199
-168
-199
-199
-199
-199
-199
-199
-199
-199
-199
-190
-199
-199
-199
-199
-188
-199
-199
-147
-199
-199
-199
-199
-199
-199
-199
-199
-199
-199
-199
-199
-199
-199
-199
-199
-199
-199
-199
-199
-199
-199
-199
-199
-199
-199
-199
-199
-157
-199
-199
-199
-199
-199
-199
-199
-154
-199
-199
-199
-149
-199
-199
-199
-192
-199
-199
-199
-199
-199
-199
-199
-199
-128
-199
-199
-131
-199
-127
-189
-199
-167
-199
-199
-170
-199
-199
-199
-194
-199
-114
-199
-199
-199
-199
-199
-199
-199
-199
-199
-199
-197
-199
-199
-110
-199
-177
-199
-199
-199
-199
-199
-199
-199
-130
-181
-199
-130
-124
-199
-199
-178
-160
-160
-199
-199
-132
-132
-162
-199
-117
-118
-113
-111
-198
-153
-199
-171
-130
-163
-163
-138
-152
-187
-145
-129
-144
-163
-116
-162
-162
-137
-199
-152
-142
-115
-97
-158
-187
-125
-137
-168
-147
-143
-147
-140
-98
-164
-136
-164
-132
-198
-146
-172
-199
-156
-158
-181
-161
-155
-162
-100
-146
-87
-199
-169
-165
-184
-89
-163
-175
-111
-150
-97
-187
-129
-145
-131
-155
-154
-149
-154
-153
-152
-148
-157
-145
-159
-88
-95
-118
-108
-127
-146
-144
-175
-142
-139
-131
-129
-126
-149
-85
-161
-166
-149
-143
-138
-151
-141
-144
-145
-127
-141
-163
-173
-132
-140
-140
-139
-160
-141
-135
-149
-142
-133
-148
-140
-161
-141
-140
-151
-148
-144
-90
-148
-199
-149
-133
-136
-149
-115
-140
-134
-139
-142
-135
-135
-149
-171
-115
-147
-180
-199
-120
-184
-180
-179
-199
-178
-87
-199
-180
-178
-161
-173
-96
-199
-152
-92
-140
-168
-169
-114
-175
-154
-199
-166
-142
-199
-173
-148
-158
-159
-141
-89
-199
-199
-112
-190
-140
-117
-153
-137
-131
-88
-122
-127
-158
-135
-158
-99
-114
-112
-151
-152
-84
-142
-198
-154
-174
-173
-93
-107
-114
-135
-152
-129
-129
-127
-86
-118
-117
-96
-142
-83
-148
-129
-141
-107
-88
-129
-112
-131
-140
-126
-139
-149
-153
-138
-160
-96
-152
-175
-106
-150
-151
-111
-111
-83
-162
-83
-157
-157
-126
-91
-135
-145
-125
-113
-110
-155
-145
-141
-125
-150
-83
-132
-95
-92
-106
-113
-120
-136
-146
-144
-125
-89
-155
-163
-142
-138
-103
-147
-111
-122
-150
-165
-164
-164
-92
-158
-137
-87
-85
-138
-96
-194
-161
-133
-111
-111
-142
-114
-90
-158
-115
-139
-108
-130
-110
-112
-89
-93
-199
-157
-126
-86
-178
-115
-86
-147
-154
-86
-143
-157
-102
-104
-164
-111
-137
-144
-136
-90
-120
-87
-142
-148
-120
-105
-108
-104
-96
-119
-111
-104
-90
-109
-110
-148
-137
-125
-108
-111
-155
-93
-107
-103
-85
-144
-87
-87
-154
-110
-143
-106
-92
-94
-108
-148
-159
-84
-151
-92
-111
-82
-146
-142
-86
-140
-141
-139
-111
-158
-84
-145
-107
-107
-144
-85
-142
-159
-135
-158
-88
-143
-98
-169
-114
-132
-117
-127
-138
-132
-108
-98
-101
-98
-87
-186
-106
-87
-139
-126
-136
-100
-132
-93
-106
-178
-148
-138
-131
-86
-105
-108
-123
-199
-159
-149
-115
-105
-91
-111
-111
-95
-157
-109
-113
-143
-88
-147
-92
-89
-137
-150
-107
-105
-145
-88
-149
-146
-146
-87
-129
-122
-110
-107
-116
-113
-150
-114
-111
-92
-87
-88
-149
-123
-138
-115
-125
-121
-138
-124
-148
-103
-84
-97
-128
-97
-85
-162
-90
-148
-117
-118
-117
-92
-105
-83
-150
-108
-109
-105
-157
-155
-116
-114
-84
-141
-121
