200
200
200
200
200
200
200
200
200
200
200
200
200
200
200
200
200
200
200
200
200
200
200
200
200
200
200
200
200
200
200
200
200
200
200
200
200
200
200
200
200
200
200
200
200
200
200
200
200
200
200
200
200
200
200
200
200
200
200
200
200
200
200
200
200
200
200
200
200
200
200
200
200
200
200
200
200
200
200
200
200
200
200
200
200
200
200
200
200
200
200
200
200
200
200
200
200
200
200
200
200
200
200
200
200
200
200
200
200
200
200
200
200
200
200
200
200
200
200
200
200
200
200
200
200
200
200
200
200
200
200
200
200
200
200
200
200
200
200
200
200
200
200
200
200
200
200
200
200
200
200
200
200
200
200
200
200
200
200
200
200
200
200
200
200
200
200
200
200
200
200
200
200
200
200
200
200
200
200
200
200
200
200
200
200
200
200
200
200
200
200
200
200
200
200
200
200
200
200
200
200
200
200
200
200
200
200
200
200
200
200
200
200
200
200
200
200
200
200
200
200
200
200
200
200
200
200
200
200
200
200
200
200
200
200
200
200
200
200
200
200
200
200
200
200
200
200
200
200
200
200
200
200
200
200
200
200
200
200
200
200
200
200
200
200
200
200
200
200
200
200
200
200
200
200
200
200
200
200
200
200
200
200
200
200
200
200
200
200
200
200
200
200
200
200
200
200
200
200
200
200
200
200
200
200
200
200
200
200
200
200
200
200
200
200
200
200
200
200
200
200
200
200
200
200
200
200
200
200
200
200
200
200
200
200
200
200
200
200
200
200
200
200
200
200
200
200
200
200
200
200
200
200
200
200
200
200
200
200
200
200
200
200
200
200
200
200
200
200
156
200
200
200
200
200
200
200
200
200
200
200
200
200
200
200
200
200
200
200
200
200
200
200
200
200
200
200
200
200
200
200
200
200
200
200
200
200
200
200
200
200
200
200
200
200
200
200
200
200
200
200
200
200
200
200
200
200
200
200
200
200
200
200
200
200
200
161
138
157
200
200
200
176
200
159
200
200
186
200
200
200
200
192
200
200
200
135
200
200
200
200
200
200
200
200
200
200
200
200
167
123
200
200
200
200
139
200
200
129
200
200
200
155
200
192
119
167
131
121
156
200
118
194
152
139
172
132
169
97
137
129
148
113
88
162
171
174
172
200
142
99
109
95
112
177
188
173
145
139
180
117
148
156
153
134
136
178
183
149
171
145
150
161
144
153
151
95
148
150
139
143
153
141
128
149
138
146
150
96
147
161
200
143
172
200
200
200
172
157
200
148
142
154
151
140
200
200
158
154
157
200
150
160
200
159
147
139
149
147
165
151
154
112
145
163
118
200
149
164
170
160
146
155
172
136
120
145
117
89
153
152
121
155
200
151
121
105
159
150
162
112
154
200
156
137
140
145
136
142
106
132
149
123
178
172
161
179
106
134
191
89
157
151
134
136
139
105
88
136
150
164
155
126
93
137
163
159
175
147
144
160
155
151
140
132
132
126
124
87
104
109
179
160
142
163
125
156
93
89
112
139
134
200
155
132
117
140
147
131
149
104
150
170
139
89
87
97
104
156
152
200
163
163
89
135
110
200
138
188
175
149
93
115
86
95
112
132
130
101
151
91
163
135
148
156
141
137
147
139
149
89
197
86
157
99
139
113
200
143
130
175
150
146
169
155
141
161
147
89
132
92
92
105
101
90
146
93
181
99
100
132
84
144
185
141
135
142
87
96
143
145
137
149
147
168
164
93
140
149
179
146
137
138
88
106
149
151
156
150
88
87
164
95
142
91
140
145
140
87
84
145
143
148
91
86
93
132
97
153
93
140
121
103
100
91
90
153
122
148
157
153
155
166
139
86
92
153
154
89
91
158
104
156
157
86
160
161
88
94
145
163
96
88
197
173
150
155
144
148
104
143
94
145
86
146
156
105
185
94
85
89
200
84
147
89
150
146
87
85
99
99
158
142
152
145
173
87
149
200
109
148
141
142
142
143
145
139
87
88
140
91
141
90
150
142
134
149
138
184
200
200
200
182
200
198
173
155
150
114
89
124
161
125
120
101
115
87
110
153
157
180
115
112
96
118
124
120
112
111
97
108
171
114
110
120
116
109
159
111
106
114
200
171
111
88
102
110
112
112
156
117
99
93
153
170
159
112
187
84
99
86
110
91
110
108
158
112
93
108
139
115
168
102
172
109
93
111
191
87
111
182
140
93
115
159
146
118
163
107
115
95
156
200
87
102
95
151
151
154
159
156
120
140
113
128
124
139
127
110
125
