200
200
200
200
200
200
200
200
200
200
200
200
200
200
200
200
200
200
200
200
200
200
200
200
200
200
200
200
200
200
200
200
200
200
200
200
200
200
200
200
200
200
200
200
200
200
200
200
200
200
200
200
200
200
200
200
200
200
200
200
200
200
200
200
200
200
200
200
200
200
200
200
200
200
200
200
200
200
200
200
200
200
200
200
200
200
200
200
200
200
200
200
200
200
200
200
200
200
200
200
200
200
200
200
200
200
200
200
200
200
200
200
200
200
200
200
200
200
200
200
200
200
200
200
200
200
200
200
200
200
200
200
200
200
200
200
200
200
200
200
200
200
200
200
200
200
200
200
200
200
200
200
200
200
200
200
200
200
200
200
200
200
200
200
200
200
200
200
200
200
200
200
200
200
200
200
200
200
200
200
200
200
200
200
200
200
200
200
200
200
200
200
200
200
200
200
200
200
200
200
200
200
200
200
200
200
200
200
200
200
200
200
200
200
200
200
200
200
200
200
200
200
200
200
200
200
200
200
200
200
200
200
200
200
200
200
200
200
200
200
200
200
200
200
200
200
200
200
200
200
200
200
200
200
200
200
200
200
200
200
200
200
200
200
200
200
200
200
200
200
200
200
200
200
200
200
200
200
200
200
200
200
200
200
200
200
200
200
200
200
200
200
200
200
200
200
200
200
200
200
200
200
200
200
200
200
200
200
200
200
200
200
200
200
200
200
200
200
200
200
200
200
200
200
200
200
200
200
200
200
200
200
200
200
200
200
200
200
200
200
200
200
200
200
200
200
200
200
200
193
200
200
200
200
200
200
200
200
200
200
200
200
200
200
200
200
200
200
200
200
200
200
200
200
171
200
200
162
200
200
200
176
200
134
172
200
196
189
168
172
180
161
157
172
200
166
159
165
172
200
200
200
157
157
166
200
200
164
200
164
167
172
151
152
94
144
151
150
200
150
96
169
182
142
153
148
145
149
185
159
173
179
185
111
200
144
174
171
149
182
167
144
155
142
148
199
144
138
199
153
200
138
149
155
119
138
150
146
139
152
164
139
115
120
145
132
114
95
124
163
129
119
161
200
143
200
119
161
200
119
138
164
165
115
142
152
200
130
159
101
123
103
160
129
179
168
200
200
120
200
127
168
200
116
135
156
114
145
150
114
143
163
118
143
146
146
126
112
154
138
114
151
122
111
114
167
161
104
140
200
118
164
193
107
145
118
150
153
170
145
137
156
90
147
111
149
157
149
144
118
200
144
143
179
138
164
171
163
105
200
156
166
200
110
155
121
142
114
166
119
131
140
120
173
164
104
109
200
200
157
190
143
124
110
93
117
157
136
116
118
175
113
117
156
135
132
123
113
172
100
162
174
171
127
154
154
110
113
85
154
156
94
90
156
118
158
155
150
107
149
146
173
154
148
152
153
113
115
119
137
153
200
89
161
171
93
149
92
145
164
128
104
126
90
150
188
115
111
159
172
148
155
127
156
144
150
105
200
155
153
145
118
136
89
138
163
107
162
172
154
151
142
155
105
108
95
150
140
140
106
106
87
95
150
109
109
89
104
170
138
107
133
182
117
90
108
108
111
121
108
85
168
127
111
110
145
118
105
89
108
103
148
104
107
116
142
143
144
103
154
107
108
84
88
174
159
108
144
115
142
158
107
107
100
97
104
97
128
200
94
165
200
100
93
200
157
119
149
151
108
160
200
144
108
107
111
136
117
83
84
103
109
102
104
129
95
109
109
109
161
108
106
147
145
105
106
84
110
107
143
106
107
105
107
109
87
107
104
120
149
153
110
106
137
150
116
97
160
142
109
106
161
102
101
152
178
88
88
93
107
102
110
111
130
123
88
161
118
129
85
154
119
148
123
119
116
86
101
147
154
92
100
168
154
87
103
122
110
86
110
150
84
160
85
107
106
108
119
107
196
103
112
91
100
112
99
115
94
86
106
85
90
104
94
105
148
109
92
100
104
158
106
106
112
90
106
107
156
106
102
89
104
93
105
116
115
144
102
104
137
94
85
143
99
98
104
136
144
95
180
104
104
113
152
107
94
137
96
93
140
104
139
109
107
168
87
94
110
113
138
105
112
90
144
105
89
88
116
105
144
104
109
110
110
112
103
105
146
143
189
107
153
136
106
87
93
118
166
106
108
110
113
106
100
169
85
115
105
110
116
105
136
180
179
168
106
108
104
89
109
110
114
120
109
94
112
105
106
104
154
109
100
86
85
152
111
104
90
107
103
193
86
106
84
107
87
108
92
107
104
