-199
-199
-199
-199
-199
-199
-199
-199
-199
-199
-199
-199
-199
-199
-199
-199
-199
-199
-199
-199
-199
-199
-199
-199
-199
-199
-199
-199
-199
-199
-199
-199
-199
-199
-199
-199
-199
-199
-199
-199
-199
-199
-199
-199
-199
-199
-199
-199
-199
-199
-199
-199
-199
-199
-199
-199
-199
-199
-199
-199
-199
-199
-199
-199
-199
-199
-199
-199
-199
-199
-199
-199
-199
-199
-199
-199
-199
-199
-199
-199
-199
-199
-199
-199
-199
-199
-199
-199
-199
-199
-199
-199
-199
-199
-199
-199
-199
-199
-199
-199
-199
-199
-199
-199
-199
-199
-199
-199
-199
-199
-199
-199
-199
-199
-199
-199
-199
-199
-199
-199
-199
-199
-199
-199
-199
-199
-199
-199
-199
-199
-199
-199
-199
-199
-199
-199
-199
-199
-199
-199
-199
-199
-199
-199
-199
-199
-199
-199
-199
-199
-199
-199
-199
-199
-199
-199
-199
-199
-199
-199
-199
-199
-199
-199
-199
-199
-199
-199
-199
-199
-199
-199
-199
-199
-199
-199
-199
-199
-199
-199
-199
-199
-199
-199
-199
-199
-199
-199
-199
-199
-199
-199
-199
-199
-199
-199
-199
-199
-199
-199
-199
-199
-199
-199
-199
-199
-199
-199
-199
-199
-199
-199
-199
-199
-199
-199
-199
-199
-199
-199
-199
-199
-199
-199
-199
-199
-199
-199
-199
-199
-199
-199
-199
-199
-199
-199
-199
-199
-199
-199
-199
-199
-199
-199
-199
-199
-199
-199
-199
-199
-199
-199
-199
-199
-199
-199
-199
-199
-199
-199
-199
-199
-199
-199
-199
-199
-199
-199
-199
-199
-199
-199
-199
-199
-199
-199
-199
-199
-199
-199
-199
-199
-199
-199
-199
-199
-199
-199
-199
-199
-199
-199
-199
-199
-199
-199
-199
-199
-199
-199
-199
-199
-199
-199
-199
-199
-199
-199
-199
-199
-199
-199
-199
-199
-199
-199
-199
-199
-199
-199
-199
-199
-199
-199
-199
-199
-199
-199
-199
-199
-199
-199
-199
-199
-199
-199
-199
-199
-199
-199
-199
-199
-199
-199
-199
-199
-199
-199
-199
-192
-199
-199
-199
-199
-199
-199
-199
-199
-199
-199
-199
-199
-199
-199
-199
-199
-199
-199
-199
-199
-199
-199
-199
-199
-170
-199
-199
-161
-199
-199
-199
-175
-199
-133
-171
-199
-195
-188
-167
-171
-179
-160
-156
-171
-199
-165
-158
-164
-171
-199
-199
-199
-156
-156
-165
-199
-199
-163
-199
-163
-166
-171
-150
-151
-93
-143
-150
-149
-199
-149
-95
-168
-181
-141
-152
-147
-144
-148
-184
-158
-172
-178
-184
-110
-199
-143
-173
-170
-148
-181
-166
-143
-154
-141
-147
-198
-143
-137
-198
-152
-199
-137
-148
-154
-118
-137
-149
-145
-138
-151
-163
-138
-114
-119
-144
-131
-113
-94
-123
-162
-128
-118
-160
-199
-142
-199
-118
-160
-199
-118
-137
-163
-164
-114
-141
-151
-199
-129
-158
-100
-122
-102
-159
-128
-178
-167
-199
-199
-119
-199
-126
-167
-199
-115
-134
-155
-113
-144
-149
-113
-142
-162
-117
-142
-145
-145
-125
-111
-153
-137
-113
-150
-121
-110
-113
-166
-160
-103
-139
-199
-117
-163
-192
-106
-144
-117
-149
-152
-169
-144
-136
-155
-89
-146
-110
-148
-156
-148
-143
-117
-199
-143
-142
-178
-137
-163
-170
-162
-104
-199
-155
-165
-199
-109
-154
-120
-141
-113
-165
-118
-130
-139
-119
-172
-163
-103
-108
-199
-199
-156
-189
-142
-123
-109
-92
-116
-156
-135
-115
-117
-174
-112
-116
-155
-134
-131
-122
-112
-171
-99
-161
-173
-170
-126
-153
-153
-109
-112
-84
-153
-155
-93
-89
-155
-117
-157
-154
-149
-106
-148
-145
-172
-153
-147
-151
-152
-112
-114
-118
-136
-152
-199
-88
-160
-170
-92
-148
-91
-144
-163
-127
-103
-125
-89
-149
-187
-114
-110
-158
-171
-147
-154
-126
-155
-143
-149
-104
-199
-154
-152
-144
-117
-135
-88
-137
-162
-106
-161
-171
-153
-150
-141
-154
-104
-107
-94
-149
-139
-139
-105
-105
-86
-94
-149
-108
-108
-88
-103
-169
-137
-106
-132
-181
-116
-89
-107
-107
-110
-120
-107
-84
-167
-126
-110
-109
-144
-117
-104
-88
-107
-102
-147
-103
-106
-115
-141
-142
-143
-102
-153
-106
-107
-83
-87
-173
-158
-107
-143
-114
-141
-157
-106
-106
-99
-96
-103
-96
-127
-199
-93
-164
-199
-99
-92
-199
-156
-118
-148
-150
-107
-159
-199
-143
-107
-106
-110
-135
-116
-82
-83
-102
-108
-101
-103
-128
-94
-108
-108
-108
-160
-107
-105
-146
-144
-104
-105
-83
-109
-106
-142
-105
-106
-104
-106
-108
-86
-106
-103
-119
-148
-152
-109
-105
-136
-149
-115
-96
-159
-141
-108
-105
-160
-101
-100
-151
-177
-87
-87
-92
-106
-101
-109
-110
-129
-122
-87
-160
-117
-128
-84
-153
-118
-147
-122
-118
-115
-85
-100
-146
-153
-91
-99
-167
-153
-86
-102
-121
-109
-85
-109
-149
-83
-159
-84
-106
-105
-107
-118
-106
-195
-102
-111
-90
-99
-111
-98
-114
-93
-85
-105
-84
-89
-103
-93
-104
-147
-108
-91
-99
-103
-157
-105
-105
-111
-89
-105
-106
-155
-105
-101
-88
-103
-92
-104
-115
-114
-143
-101
-103
-136
-93
-84
-142
-98
-97
-103
-135
-143
-94
-179
-103
-103
-112
-151
-106
-93
-136
-95
-92
-139
-103
-138
-108
-106
-167
-86
-93
-109
-112
-137
-104
-111
-89
-143
-104
-88
-87
-115
-104
-143
-103
-108
-109
-109
-111
-102
-104
-145
-142
-188
-106
-152
-135
-105
-86
-92
-117
-165
-105
-107
-109
-112
-105
-99
-168
-84
-114
-104
-109
-115
-104
-135
-179
-178
-167
-105
-107
-103
-88
-108
-109
-113
-119
-108
-93
-111
-104
-105
-103
-153
-108
-99
-85
-84
-151
-110
-103
-89
-106
-102
-192
-85
-105
-83
-106
-86
-107
-91
-106
-103
