200
200
200
200
200
200
200
200
200
200
200
200
200
200
200
200
200
200
200
200
200
200
200
200
200
200
200
200
200
200
200
200
200
200
200
200
200
200
200
200
200
200
200
200
200
200
200
200
200
200
200
200
200
200
200
200
200
200
200
200
200
200
200
200
200
200
200
200
200
200
200
200
200
200
200
200
200
200
200
200
200
200
200
200
200
200
200
200
200
200
200
200
200
200
200
200
200
200
200
200
200
200
200
200
200
200
200
200
200
200
200
200
200
200
200
200
200
200
200
200
200
200
200
200
200
200
200
200
200
200
200
200
200
200
200
200
200
200
200
200
200
200
200
200
200
200
200
200
200
200
200
200
200
200
200
200
200
200
200
200
200
200
200
200
200
200
200
200
200
200
200
200
200
200
200
200
200
200
200
200
200
200
200
200
200
200
200
200
200
200
200
200
200
198
200
200
200
200
200
200
200
200
200
200
200
200
200
200
200
200
200
200
200
200
200
200
200
200
200
200
200
200
200
200
200
200
200
200
200
200
198
200
200
200
200
200
200
200
200
200
200
200
200
200
200
200
200
200
200
200
200
200
200
200
200
200
200
197
200
200
200
200
200
200
200
200
200
200
200
179
197
200
200
194
200
200
200
200
200
200
200
200
200
200
200
200
200
180
200
200
200
178
176
145
192
169
174
200
177
175
162
200
200
198
200
125
159
200
157
165
200
165
159
191
175
161
163
166
164
165
161
200
164
161
177
161
167
163
200
200
198
113
164
159
137
149
133
178
161
165
154
194
141
137
153
160
176
153
149
160
151
152
148
159
143
147
169
200
155
182
156
168
114
150
157
166
200
155
94
181
153
146
143
151
194
167
135
187
152
156
195
153
167
166
156
191
143
164
178
157
164
155
123
143
150
139
133
141
150
159
155
142
181
174
153
190
145
168
146
200
149
186
139
132
195
200
171
104
199
105
147
122
173
95
142
167
185
138
152
153
146
151
148
151
153
114
154
117
154
140
89
177
156
117
115
125
167
154
91
154
154
175
133
159
93
150
157
161
102
200
178
149
190
88
172
166
161
157
137
157
160
115
165
95
145
150
167
161
148
95
149
97
164
101
115
149
200
138
149
93
95
92
144
165
200
110
107
159
177
162
161
192
127
155
162
131
151
94
163
139
149
159
87
199
132
165
159
145
156
155
98
163
147
166
146
142
106
160
193
172
144
161
105
154
160
190
154
162
148
153
143
90
141
123
143
140
151
160
164
140
165
145
200
187
200
149
181
154
200
168
150
158
146
200
147
200
142
142
151
194
200
154
167
200
151
92
111
149
144
144
159
156
150
149
111
109
181
116
159
117
140
168
199
106
130
110
132
200
178
163
157
153
155
178
159
114
145
157
200
162
107
139
157
110
160
149
129
165
115
198
200
155
176
144
200
180
142
196
104
200
192
157
200
185
200
117
158
200
117
200
164
147
164
200
96
94
165
145
154
124
115
142
149
172
138
150
200
150
200
173
106
124
138
146
185
109
200
120
153
165
195
141
143
190
91
162
114
181
186
143
145
138
144
200
134
157
102
112
141
121
104
109
155
119
115
108
172
150
142
95
113
151
122
150
112
102
111
125
137
106
160
200
95
182
113
165
113
200
156
152
91
91
158
123
200
139
135
126
151
107
200
110
149
139
140
152
116
136
134
155
146
127
106
143
133
138
140
137
94
173
148
95
200
200
143
150
101
155
149
138
157
141
177
159
149
124
96
127
200
142
159
155
151
94
159
93
179
200
103
116
109
145
114
200
91
175
113
147
173
144
101
111
105
117
104
112
148
144
141
108
168
96
108
145
121
168
107
102
160
145
159
153
143
142
147
145
161
112
99
161
88
135
154
150
141
154
119
138
142
83
107
145
154
107
157
127
175
142
151
156
90
109
151
159
144
86
145
145
146
143
143
102
157
118
143
140
148
175
156
170
180
111
142
153
118
101
156
107
156
109
156
100
160
111
165
112
90
105
157
96
109
168
108
96
102
172
157
161
187
90
87
97
177
142
160
109
184
155
85
152
162
156
107
92
144
112
151
154
146
148
167
105
93
101
146
156
103
159
109
178
138
85
103
150
200
160
91
107
149
186
108
164
146
118
151
86
89
151
116
117
153
155
107
105
109
103
106
83
106
151
85
139
143
151
108
90
145
92
166
109
87
162
96
181
139
158
86
151
145
164
146
160
153
118
169
150
95
91
114
155
104
158
93
184
103
161
112
89
119
143
112
145
85
84
120
151
124
86
121
107
