-199
-199
-199
-199
-199
-199
-199
-199
-199
-199
-199
-199
-199
-199
-199
-199
-199
-199
-199
-199
-199
-199
-199
-199
-199
-199
-199
-199
-199
-199
-199
-199
-199
-199
-199
-199
-199
-199
-199
-199
-199
-199
-199
-199
-199
-199
-199
-199
-199
-199
-199
-199
-199
-199
-199
-199
-199
-199
-199
-199
-199
-199
-199
-199
-199
-199
-199
-199
-199
-199
-199
-199
-199
-199
-199
-199
-199
-199
-199
-199
-199
-199
-199
-199
-199
-199
-199
-199
-199
-199
-199
-199
-199
-199
-199
-199
-199
-199
-199
-199
-199
-199
-199
-199
-199
-199
-199
-199
-199
-199
-199
-199
-199
-199
-199
-199
-199
-199
-199
-199
-199
-199
-199
-199
-199
-199
-199
-199
-199
-199
-199
-199
-199
-199
-199
-199
-199
-199
-199
-199
-199
-199
-199
-199
-199
-199
-199
-199
-199
-199
-199
-199
-199
-199
-199
-199
-199
-199
-199
-199
-199
-199
-199
-199
-199
-199
-199
-199
-199
-199
-199
-199
-199
-199
-199
-199
-199
-199
-199
-199
-199
-199
-199
-199
-199
-199
-199
-199
-199
-199
-199
-199
-199
-199
-199
-199
-199
-199
-199
-199
-199
-199
-199
-199
-199
-199
-199
-199
-199
-199
-199
-199
-199
-199
-199
-199
-199
-199
-199
-199
-156
-199
-199
-199
-199
-199
-199
-185
-199
-199
-199
-199
-199
-199
-199
-199
-199
-199
-199
-199
-199
-199
-199
-199
-199
-199
-199
-199
-199
-199
-199
-199
-199
-199
-199
-199
-199
-199
-199
-199
-199
-177
-199
-199
-199
-199
-199
-199
-199
-199
-199
-199
-199
-199
-199
-199
-199
-199
-199
-199
-199
-199
-199
-199
-199
-199
-199
-199
-199
-199
-199
-199
-199
-199
-199
-199
-199
-199
-199
-199
-199
-199
-199
-199
-199
-199
-199
-199
-199
-199
-199
-198
-199
-199
-199
-199
-199
-199
-134
-199
-199
-199
-199
-199
-199
-199
-199
-169
-199
-199
-199
-199
-199
-199
-199
-199
-199
-199
-199
-199
-199
-199
-199
-199
-199
-199
-199
-199
-199
-180
-199
-199
-199
-199
-191
-199
-199
-192
-199
-199
-199
-199
-199
-199
-199
-172
-199
-163
-120
-131
-188
-179
-138
-159
-199
-132
-199
-140
-159
-184
-146
-136
-160
-152
-157
-154
-156
-199
-149
-137
-111
-142
-139
-145
-156
-140
-151
-140
-155
-150
-145
-147
-149
-176
-141
-176
-134
-157
-144
-155
-156
-150
-88
-199
-153
-146
-168
-150
-165
-161
-103
-158
-148
-199
-160
-153
-175
-95
-168
-199
-199
-155
-111
-147
-152
-160
-143
-151
-94
-144
-132
-135
-133
-110
-145
-149
-160
-117
-111
-107
-176
-112
-143
-170
-117
-110
-111
-162
-157
-153
-153
-177
-199
-95
-141
-146
-143
-137
-146
-154
-151
-199
-93
-137
-115
-129
-119
-150
-90
-147
-188
-113
-93
-164
-151
-93
-147
-151
-144
-151
-149
-143
-154
-106
-105
-137
-140
-135
-135
-174
-157
-153
-127
-162
-112
-108
-82
-95
-116
-158
-105
-182
-95
-151
-168
-199
-157
-149
-159
-199
-153
-165
-145
-125
-152
-85
-153
-144
-147
-151
-199
-199
-158
-182
-154
-156
-148
-156
-155
-136
-156
-148
-147
-143
-145
-107
-156
-149
-148
-147
-95
-147
-187
-162
-149
-148
-185
-144
-199
-100
-155
-154
-92
-135
-105
-141
-150
-104
-144
-151
-146
-137
-178
-90
-113
-89
-199
-133
-110
-147
-128
-140
-140
-108
-199
-101
-142
-143
-146
-135
-141
-148
-141
-159
-199
-152
-158
-139
-153
-145
-137
-121
-149
-152
-152
-148
-156
-141
-147
-147
-85
-98
-114
-147
-134
-118
-123
-152
-145
-140
-157
-106
-147
-144
-136
-150
-111
-161
-168
-169
-107
-117
-157
-90
-123
-164
-180
-188
-107
-109
-149
-160
-155
-181
-146
-139
-159
-101
-122
-155
-142
-166
-104
-132
-152
-107
-144
-146
-106
-106
-151
-108
-90
-87
-195
-90
-99
-109
-109
-89
-141
-156
-144
-139
-113
-139
-139
-111
-147
-134
-114
-118
-157
-152
-148
-170
-103
-105
-149
-102
-105
-130
-86
-138
-147
-121
-115
-154
-146
-153
-89
-91
-93
-154
-146
-147
-142
-172
-165
-134
-112
-140
-148
-141
-97
-107
-137
-115
-112
-140
-139
-158
-111
-93
-138
-135
-84
-150
-90
-125
-199
-176
-199
-123
-131
-151
-112
-106
-141
-105
-148
-146
-120
-88
-106
-157
-140
-137
-163
-139
-113
-168
-144
-99
-105
-159
-161
-141
-137
-152
-165
-157
-88
-107
-199
-84
-108
-135
-157
-155
-100
-93
-143
-154
-137
-135
-151
-161
-114
-148
-147
-129
-147
-149
-164
-155
-110
-137
-133
-142
-141
-122
-170
-161
-150
-151
-154
-186
-145
-132
-134
-158
-155
-168
-140
-116
-119
-89
-88
-119
-85
-164
-136
-85
-87
-160
-142
-144
-108
-125
-136
-154
-133
-169
-144
-122
-112
-136
-107
-109
-113
-86
-154
-140
-85
-84
-146
-89
-141
-131
-102
-97
-112
-125
-116
-141
-108
-85
-84
-148
-144
-131
-136
-151
-110
-133
-139
-147
-152
-137
-126
-139
-111
-148
-154
-84
-145
-145
-130
-158
-114
-125
-141
-128
-150
-112
-147
-131
-136
-135
-141
-147
-140
-159
-143
-137
-128
-86
-137
-114
-137
-159
-173
-131
-199
-199
-199
-199
-176
-163
-142
-154
-110
-143
-175
-114
-179
-141
-133
-129
-141
-162
-133
-137
-146
-166
-136
-129
-137
-84
-156
-139
-140
-105
-177
-127
-139
-89
-199
-107
-104
-89
-112
-137
-123
-150
-141
-111
-105
-163
-199
-136
-148
-128
-136
-169
-94
-112
-115
-83
-151
-150
-146
-133
-148
-143
-151
-141
-142
-160
-151
-116
-139
-161
-146
-163
-148
-99
-141
-106
-158
-190
-160
-89
-136
-102
-139
-93
-96
-91
-175
-132
-148
-176
-100
-156
-84
-132
-146
-149
-86
-143
-136
-156
-141
-185
-154
-142
-126
-112
