-199
-199
-199
-199
-199
-199
-199
-199
-199
-199
-199
-199
-199
-199
-199
-199
-199
-199
-199
-199
-199
-199
-199
-199
-199
-199
-199
-199
-199
-199
-199
-199
-199
-199
-199
-199
-199
-199
-199
-199
-199
-199
-199
-199
-199
-199
-199
-199
-199
-199
-199
-199
-199
-199
-199
-199
-199
-199
-199
-199
-199
-199
-199
-199
-199
-199
-199
-199
-199
-199
-199
-199
-199
-199
-199
-199
-199
-199
-199
-199
-199
-199
-199
-199
-199
-199
-199
-199
-199
-199
-199
-199
-199
-199
-199
-199
-199
-199
-199
-199
-199
-199
-199
-199
-199
-199
-199
-199
-199
-199
-199
-199
-199
-199
-199
-199
-199
-199
-199
-199
-199
-199
-199
-199
-199
-199
-199
-199
-199
-199
-199
-199
-199
-199
-199
-199
-199
-199
-199
-199
-199
-199
-199
-199
-199
-199
-199
-199
-199
-199
-199
-199
-199
-199
-199
-199
-199
-199
-199
-199
-199
-199
-199
-199
-199
-199
-199
-199
-199
-199
-199
-199
-199
-199
-199
-199
-199
-199
-199
-199
-199
-199
-199
-199
-199
-199
-199
-199
-199
-199
-199
-199
-199
-199
-199
-199
-199
-199
-199
-199
-199
-199
-199
-199
-199
-199
-199
-199
-199
-199
-199
-199
-199
-199
-199
-199
-199
-199
-199
-199
-199
-199
-199
-199
-199
-199
-199
-199
-199
-199
-199
-199
-199
-199
-199
-199
-199
-199
-199
-199
-199
-199
-199
-199
-199
-199
-199
-199
-199
-199
-199
-199
-199
-199
-199
-199
-199
-199
-199
-199
-199
-199
-199
-199
-199
-199
-199
-199
-199
-199
-199
-199
-199
-199
-199
-199
-199
-199
-199
-199
-199
-199
-199
-199
-199
-199
-199
-199
-199
-199
-199
-199
-199
-199
-199
-199
-199
-199
-199
-199
-199
-199
-199
-199
-199
-199
-199
-199
-199
-199
-199
-199
-199
-199
-199
-199
-199
-199
-199
-199
-199
-199
-199
-199
-199
-199
-199
-199
-199
-199
-199
-199
-126
-159
-199
-199
-199
-199
-199
-199
-199
-199
-199
-185
-199
-174
-199
-199
-199
-199
-199
-199
-199
-199
-199
-199
-199
-199
-136
-199
-199
-199
-199
-199
-199
-199
-199
-199
-199
-199
-199
-199
-199
-199
-199
-199
-165
-199
-199
-199
-199
-199
-199
-199
-199
-199
-199
-199
-199
-199
-199
-199
-152
-199
-199
-179
-199
-199
-199
-199
-199
-199
-199
-199
-199
-199
-199
-199
-199
-154
-199
-199
-199
-199
-174
-191
-199
-199
-199
-199
-107
-199
-199
-199
-186
-199
-199
-169
-199
-163
-177
-199
-167
-199
-199
-199
-199
-161
-157
-176
-143
-118
-199
-199
-199
-169
-199
-199
-199
-115
-156
-152
-199
-199
-171
-144
-168
-93
-163
-160
-102
-155
-147
-151
-159
-199
-147
-155
-136
-142
-162
-147
-199
-196
-165
-174
-148
-153
-164
-123
-147
-139
-159
-199
-148
-140
-144
-148
-153
-137
-170
-145
-148
-148
-163
-159
-151
-167
-143
-116
-163
-151
-164
-113
-143
-199
-169
-199
-159
-152
-129
-199
-184
-133
-100
-113
-192
-123
-124
-147
-199
-129
-191
-199
-199
-151
-166
-160
-179
-140
-199
-171
-190
-177
-164
-107
-150
-146
-180
-168
-176
-132
-128
-107
-123
-132
-150
-116
-155
-161
-175
-92
-121
-90
-168
-199
-169
-142
-150
-105
-125
-152
-148
-199
-125
-178
-199
-152
-112
-181
-158
-144
-164
-109
-138
-89
-150
-107
-145
-151
-155
-164
-143
-156
-114
-83
-91
-95
-92
-108
-93
-170
-109
-110
-169
-142
-110
-148
-106
-129
-85
-188
-107
-90
-136
-140
-183
-147
-112
-133
-161
-139
-198
-176
-137
-176
-138
-131
-99
-160
-161
-141
-91
-199
-112
-156
-151
-148
-137
-176
-132
-93
-92
-161
-140
-199
-147
-118
-127
-169
-165
-199
-160
-161
-163
-140
-120
-93
-157
-154
-142
-106
-133
-92
-162
-151
-163
-156
-126
-199
-149
-158
-199
-145
-97
-153
-174
-151
-199
-142
-149
-155
-199
-144
-139
-105
-153
-162
-170
-144
-143
-177
-134
-150
-153
-170
-162
-101
-101
-145
-97
-155
-89
-85
-143
-166
-163
-173
-102
-146
-99
-87
-100
-151
-162
-108
-165
-168
-104
-86
-152
-144
-155
-160
-163
-159
-167
-169
-165
-170
-131
-162
-151
-156
-151
-85
-163
-117
-193
-154
-159
-142
-160
-133
-174
-126
-107
-137
-153
-140
-176
-91
-134
-92
-166
-159
-87
-86
-93
-142
-143
-176
-129
-174
-109
-164
-143
-149
-136
-102
-131
-199
-166
-116
-145
-97
-141
-93
-134
-147
-91
-106
-168
-158
-143
-157
-155
-102
-159
-165
-100
-143
-132
-142
-167
-134
-142
-185
-90
-153
-98
-161
-123
-179
-146
-107
-153
-126
-130
-168
-108
-159
-186
-156
-148
-125
-98
-149
-110
-140
-92
-159
-108
-110
-88
-130
-145
-114
-130
-165
-144
-98
-145
-111
-95
-131
-95
-97
-144
-152
-171
-106
-94
-92
-150
-104
-103
-166
-118
-123
-159
-122
-106
-111
-99
-137
-109
-199
-169
-133
-89
-143
-101
-164
-103
-162
-133
-133
-174
-118
-91
-179
-88
-199
-175
-97
-142
-96
-128
-105
-163
-145
-86
-186
-99
-164
-96
-85
-144
-154
-108
-135
-86
-144
-142
-155
-150
-136
-175
-119
-141
-144
-146
-89
-158
-82
-152
-119
-142
-85
-106
-147
-104
-148
-116
-154
-151
-112
-194
-109
-152
-131
-134
-147
-103
-199
-149
-157
-100
-127
-168
-160
-198
-145
-86
-147
-187
-199
-151
-123
-141
-142
-97
-94
-87
-155
-154
-153
-148
-125
-199
-112
-144
-156
-122
-103
-177
-143
-145
-169
-199
-154
-102
-161
-138
-167
-151
-161
-165
-123
-148
-157
-180
-199
-159
-152
-146
-166
-153
-141
-163
-156
-199
-92
-148
-154
-83
-170
-143
-139
-98
-103
-150
-164
-168
-116
-85
-151
-93
-147
-156
-153
-199
-146
-154
-134
-172
-152
-153
-147
