-199
-199
-199
-199
-199
-199
-199
-199
-199
-199
-199
-199
-199
-199
-199
-199
-199
-199
-199
-199
-199
-199
-199
-199
-199
-199
-199
-199
-199
-199
-199
-199
-199
-199
-199
-199
-199
-199
-199
-199
-199
-199
-199
-199
-199
-199
-199
-199
-199
-199
-199
-199
-199
-199
-199
-199
-199
-199
-199
-199
-199
-199
-199
-199
-199
-199
-199
-199
-199
-199
-199
-199
-199
-199
-199
-199
-199
-199
-199
-199
-199
-199
-199
-199
-199
-199
-199
-199
-199
-199
-199
-199
-199
-199
-199
-199
-199
-199
-199
-199
-199
-199
-199
-199
-199
-199
-199
-199
-199
-199
-199
-199
-199
-199
-199
-199
-199
-199
-199
-199
-199
-199
-199
-199
-199
-199
-199
-199
-199
-199
-199
-199
-199
-199
-199
-199
-199
-199
-199
-199
-199
-199
-199
-199
-199
-199
-199
-199
-199
-199
-199
-199
-199
-199
-199
-199
-199
-199
-199
-199
-199
-199
-199
-199
-199
-199
-199
-199
-199
-199
-199
-199
-199
-199
-199
-199
-199
-199
-199
-199
-199
-199
-199
-199
-199
-199
-199
-199
-199
-199
-199
-199
-199
-199
-199
-199
-199
-199
-199
-199
-199
-199
-199
-199
-199
-199
-199
-199
-199
-199
-199
-199
-199
-199
-199
-199
-199
-199
-199
-199
-199
-199
-199
-199
-199
-199
-199
-199
-199
-199
-199
-199
-199
-199
-199
-199
-199
-199
-199
-199
-199
-199
-199
-199
-199
-199
-199
-199
-199
-199
-199
-199
-199
-199
-199
-199
-199
-199
-199
-199
-199
-199
-199
-199
-199
-199
-199
-199
-199
-199
-199
-199
-199
-199
-199
-199
-199
-199
-199
-199
-199
-199
-199
-199
-199
-199
-199
-199
-199
-199
-199
-199
-199
-199
-199
-199
-199
-199
-199
-199
-199
-199
-199
-199
-199
-199
-199
-199
-199
-199
-199
-199
-199
-199
-199
-199
-199
-199
-199
-199
-199
-199
-199
-199
-199
-199
-199
-199
-199
-199
-199
-199
-199
-199
-199
-199
-199
-199
-199
-199
-199
-199
-199
-199
-199
-199
-199
-199
-199
-199
-199
-199
-199
-199
-199
-199
-199
-199
-199
-199
-199
-199
-199
-199
-199
-199
-199
-199
-199
-199
-199
-199
-199
-199
-199
-199
-199
-199
-199
-199
-199
-199
-199
-199
-199
-199
-199
-199
-199
-199
-199
-199
-199
-199
-199
-199
-199
-199
-199
-199
-199
-199
-199
-199
-199
-199
-199
-199
-199
-199
-199
-199
-199
-199
-199
-199
-199
-199
-199
-199
-199
-199
-199
-199
-199
-199
-199
-199
-199
-199
-199
-199
-199
-199
-199
-199
-199
-199
-199
-199
-199
-199
-199
-199
-199
-199
-199
-199
-199
-199
-199
-199
-199
-199
-199
-199
-199
-199
-199
-199
-199
-199
-199
-199
-199
-199
-199
-199
-199
-199
-199
-199
-199
-199
-199
-199
-199
-199
-199
-199
-199
-199
-199
-199
-199
-199
-199
-199
-199
-199
-199
-199
-199
-199
-199
-199
-199
-199
-199
-199
-150
-199
-199
-166
-199
-199
-199
-146
-199
-199
-199
-199
-199
-199
-199
-199
-199
-199
-199
-199
-199
-199
-199
-199
-199
-199
-199
-199
-199
-199
-199
-199
-199
-199
-199
-199
-199
-199
-199
-199
-199
-199
-134
-199
-199
-199
-199
-199
-199
-199
-199
-199
-158
-199
-199
-199
-199
-199
-199
-199
-199
-199
-156
-199
-199
-199
-199
-199
-121
-171
-199
-199
-145
-199
-119
-199
-132
-193
-148
-199
-174
-199
-199
-199
-150
-147
-180
-199
-199
-199
-131
-143
-199
-138
-199
-172
-134
-141
-155
-149
-199
-188
-199
-143
-155
-164
-167
-148
-148
-146
-144
-126
-158
-139
-143
-145
-113
-160
-143
-175
-141
-106
-134
-199
-152
-131
-146
-141
-140
-150
-127
-147
-139
-138
-160
-142
-144
-147
-139
-135
-141
-142
-137
-158
-141
-139
-129
-139
-137
-143
-137
-144
-141
-131
-99
-129
-153
-150
-168
-143
-149
-176
-147
-199
-199
-164
-159
-199
-161
-199
-133
-162
-199
-139
-199
-178
-149
-156
-145
-199
-189
-152
-175
-107
-199
-191
-158
-144
-199
-159
-144
-130
-103
-84
-125
-92
-129
-134
-138
-108
-159
-199
-153
-142
-160
-87
-103
-87
-148
-162
-112
-87
-163
-140
-151
-157
-90
-160
-139
-139
-153
-102
-168
-137
-141
-87
-156
-146
-143
-89
-158
-187
-96
-174
-153
-151
-87
-154
-170
-150
-155
-139
-128
-163
-135
-186
-172
-88
-152
-140
-154
-122
-83
-147
-134
-131
-149
-139
-151
-143
-143
-143
-133
-157
-156
-138
-134
-145
-131
-161
-187
-199
-199
-199
-158
-139
-133
-89
-137
-130
-153
-150
-170
-91
-199
-199
-137
-144
-88
-111
-169
-139
-166
-171
-90
-170
-144
-109
-153
-172
-111
-126
-103
-143
-175
-147
-157
-142
-143
-108
-178
-87
-184
-163
-148
-157
-138
-146
-132
-110
-164
-91
-84
-110
-152
-155
-135
-149
-143
-116
-111
-121
-140
-157
-114
-141
-149
-87
-113
-138
-141
-104
-144
-199
-107
-115
-163
-161
-163
-103
-138
-103
-90
-160
-119
-160
-87
-96
-95
-159
-105
-99
-152
-108
-146
-89
-123
-105
-147
-94
-103
-138
-103
-91
-152
-145
-104
-173
-151
-97
-183
-157
-161
-135
-88
-151
-89
-134
-161
-134
-157
-161
-156
-162
-141
-104
-132
-191
-170
-117
-107
-103
-146
-199
-199
-159
-184
-163
-134
-199
-136
-138
-130
-161
-155
-167
-176
-161
-130
-153
-85
-180
-130
-148
-171
-199
-138
-199
-154
-146
-100
-99
-109
-174
-137
-144
-88
-109
-165
-91
-108
-144
-106
-135
-199
-117
-138
-158
-104
-92
-136
-98
-103
-136
-162
-105
-139
-135
-121
-175
-143
-145
-113
-108
-105
-142
-136
-143
-155
-139
-153
-93
-149
-108
-142
-145
-167
-142
-140
-149
-135
-107
-157
-166
-135
-134
-199
-106
-161
-88
-148
-181
-106
-156
-117
-153
-131
-136
-161
-152
