200
200
200
200
200
200
200
200
200
200
200
200
200
200
200
200
200
200
200
200
200
200
200
200
200
200
200
200
200
200
200
200
200
200
200
200
200
200
200
200
200
200
200
200
200
200
200
200
200
200
200
200
200
200
200
200
200
200
200
200
200
200
200
200
200
200
200
200
200
200
200
200
200
200
200
200
200
200
200
200
200
200
200
200
200
200
200
200
200
200
200
200
200
200
200
200
200
200
200
200
200
200
200
200
200
200
200
200
200
200
200
200
200
200
200
200
200
200
200
200
200
200
200
200
200
200
200
200
200
200
200
200
200
200
200
200
200
200
200
200
200
200
200
200
200
200
200
200
200
200
200
200
200
200
200
200
200
200
200
200
200
200
200
200
200
200
200
200
200
200
200
200
200
200
200
200
200
200
200
200
200
200
200
200
200
200
200
200
200
200
200
200
200
200
200
200
200
200
200
200
200
200
200
200
200
200
200
200
200
200
200
200
200
200
200
200
200
200
200
200
200
200
200
200
200
200
200
200
200
200
200
200
200
200
200
200
200
200
200
200
200
200
200
200
200
200
200
200
200
200
200
200
200
200
200
200
200
200
200
200
200
200
200
200
200
200
200
200
200
200
200
200
200
200
200
200
200
200
200
200
200
200
200
200
200
200
200
200
200
200
200
200
200
200
200
200
200
200
200
200
200
200
200
200
200
200
200
200
200
200
200
200
200
200
200
200
200
200
200
200
200
200
200
200
200
200
200
200
200
200
200
200
127
160
200
200
200
200
200
200
200
200
200
186
200
175
200
200
200
200
200
200
200
200
200
200
200
200
137
200
200
200
200
200
200
200
200
200
200
200
200
200
200
200
200
200
166
200
200
200
200
200
200
200
200
200
200
200
200
200
200
200
153
200
200
180
200
200
200
200
200
200
200
200
200
200
200
200
200
155
200
200
200
200
175
192
200
200
200
200
108
200
200
200
187
200
200
170
200
164
178
200
168
200
200
200
200
162
158
177
144
119
200
200
200
170
200
200
200
116
157
153
200
200
172
145
169
94
164
161
103
156
148
152
160
200
148
156
137
143
163
148
200
197
166
175
149
154
165
124
148
140
160
200
149
141
145
149
154
138
171
146
149
149
164
160
152
168
144
117
164
152
165
114
144
200
170
200
160
153
130
200
185
134
101
114
193
124
125
148
200
130
192
200
200
152
167
161
180
141
200
172
191
178
165
108
151
147
181
169
177
133
129
108
124
133
151
117
156
162
176
93
122
91
169
200
170
143
151
106
126
153
149
200
126
179
200
153
113
182
159
145
165
110
139
90
151
108
146
152
156
165
144
157
115
84
92
96
93
109
94
171
110
111
170
143
111
149
107
130
86
189
108
91
137
141
184
148
113
134
162
140
199
177
138
177
139
132
100
161
162
142
92
200
113
157
152
149
138
177
133
94
93
162
141
200
148
119
128
170
166
200
161
162
164
141
121
94
158
155
143
107
134
93
163
152
164
157
127
200
150
159
200
146
98
154
175
152
200
143
150
156
200
145
140
106
154
163
171
145
144
178
135
151
154
171
163
102
102
146
98
156
90
86
144
167
164
174
103
147
100
88
101
152
163
109
166
169
105
87
153
145
156
161
164
160
168
170
166
171
132
163
152
157
152
86
164
118
194
155
160
143
161
134
175
127
108
138
154
141
177
92
135
93
167
160
88
87
94
143
144
177
130
175
110
165
144
150
137
103
132
200
167
117
146
98
142
94
135
148
92
107
169
159
144
158
156
103
160
166
101
144
133
143
168
135
143
186
91
154
99
162
124
180
147
108
154
127
131
169
109
160
187
157
149
126
99
150
111
141
93
160
109
111
89
131
146
115
131
166
145
99
146
112
96
132
96
98
145
153
172
107
95
93
151
105
104
167
119
124
160
123
107
112
100
138
110
200
170
134
90
144
102
165
104
163
134
134
175
119
92
180
89
200
176
98
143
97
129
106
164
146
87
187
100
165
97
86
145
155
109
136
87
145
143
156
151
137
176
120
142
145
147
90
159
83
153
120
143
86
107
148
105
149
117
155
152
113
195
110
153
132
135
148
104
200
150
158
101
128
169
161
199
146
87
148
188
200
152
124
142
143
98
95
88
156
155
154
149
126
200
113
145
157
123
104
178
144
146
170
200
155
103
162
139
168
152
162
166
124
149
158
181
200
160
153
147
167
154
142
164
157
200
93
149
155
84
171
144
140
99
104
151
165
169
117
86
152
94
148
157
154
200
147
155
135
173
153
154
148
