-199
-199
-199
-199
-199
-199
-199
-199
-199
-199
-199
-199
-199
-199
-199
-199
-199
-199
-199
-199
-199
-199
-199
-199
-199
-199
-199
-199
-199
-199
-199
-199
-199
-199
-199
-199
-199
-199
-199
-199
-199
-199
-199
-199
-199
-199
-199
-199
-199
-199
-199
-199
-199
-199
-199
-199
-199
-199
-199
-199
-199
-199
-199
-199
-199
-199
-199
-199
-199
-199
-199
-199
-199
-199
-199
-199
-199
-199
-199
-199
-199
-199
-199
-199
-199
-199
-199
-199
-199
-199
-199
-199
-199
-199
-199
-199
-199
-199
-199
-199
-199
-199
-199
-199
-199
-199
-199
-199
-199
-199
-199
-199
-199
-199
-199
-199
-199
-199
-199
-199
-199
-199
-199
-199
-199
-199
-199
-199
-199
-199
-199
-199
-199
-199
-199
-199
-199
-199
-199
-199
-199
-199
-199
-199
-199
-199
-199
-199
-199
-199
-199
-199
-199
-199
-199
-199
-199
-199
-199
-199
-199
-199
-199
-199
-199
-199
-199
-199
-199
-199
-199
-199
-199
-199
-199
-199
-199
-199
-199
-199
-199
-199
-199
-199
-199
-199
-199
-199
-199
-199
-199
-199
-199
-199
-199
-199
-199
-199
-199
-199
-199
-199
-199
-199
-199
-199
-199
-199
-199
-199
-199
-199
-199
-199
-199
-199
-199
-199
-199
-199
-199
-199
-199
-199
-199
-199
-199
-199
-199
-199
-199
-199
-199
-199
-199
-199
-199
-199
-199
-199
-199
-199
-199
-199
-199
-199
-199
-199
-199
-199
-199
-199
-199
-199
-199
-199
-199
-199
-199
-199
-199
-199
-199
-199
-199
-199
-199
-199
-199
-199
-199
-199
-199
-199
-199
-199
-199
-199
-199
-199
-199
-199
-199
-199
-199
-199
-199
-199
-199
-199
-199
-199
-199
-199
-199
-199
-199
-199
-199
-199
-199
-199
-199
-199
-199
-199
-199
-199
-199
-199
-199
-199
-199
-199
-199
-199
-199
-199
-199
-199
-199
-199
-199
-199
-199
-199
-199
-199
-199
-199
-199
-199
-199
-199
-199
-199
-199
-199
-199
-199
-199
-199
-199
-199
-199
-199
-199
-199
-199
-199
-199
-199
-199
-199
-199
-199
-199
-199
-199
-199
-199
-199
-199
-199
-199
-199
-199
-199
-165
-199
-199
-199
-199
-160
-199
-199
-199
-138
-199
-142
-172
-153
-199
-179
-188
-164
-122
-172
-119
-121
-156
-112
-141
-115
-142
-142
-147
-149
-154
-148
-157
-147
-148
-163
-147
-163
-157
-147
-152
-145
-160
-137
-155
-162
-141
-199
-164
-199
-199
-143
-199
-199
-199
-199
-199
-199
-199
-199
-199
-199
-199
-199
-199
-199
-199
-199
-199
-199
-199
-199
-199
-199
-153
-199
-199
-199
-199
-199
-191
-199
-199
-187
-199
-170
-199
-199
-144
-199
-199
-171
-199
-124
-199
-145
-137
-143
-165
-116
-140
-146
-129
-165
-162
-155
-130
-162
-120
-123
-93
-153
-162
-120
-161
-117
-186
-159
-126
-152
-155
-161
-123
-161
-117
-153
-156
-182
-114
-135
-172
-171
-112
-108
-152
-163
-143
-137
-139
-177
-199
-139
-152
-141
-199
-158
-199
-164
-199
-158
-199
-166
-161
-149
-199
-145
-94
-152
-137
-146
-129
-170
-199
-153
-199
-118
-199
-155
-199
-99
-124
-199
-150
-199
-173
-199
-94
-133
-199
-157
-118
-120
-88
-149
-161
-114
-109
-154
-180
-146
-118
-156
-159
-148
-145
-119
-166
-143
-127
-150
-110
-120
-168
-199
-110
-155
-199
-120
-154
-117
-199
-165
-199
-152
-175
-149
-169
-162
-199
-192
-168
-199
-146
-175
-113
-109
-110
-167
-108
-106
-114
-113
-115
-111
-102
-164
-175
-153
-104
-99
-127
-191
-108
-148
-199
-126
-172
-172
-134
-141
-108
-140
-129
-96
-166
-114
-154
-167
-109
-189
-114
-161
-199
-199
-125
-199
-162
-154
-123
-161
-118
-165
-99
-123
-159
-124
-169
-167
-122
-169
-113
-167
-186
-122
-149
-177
-193
-199
-199
-175
-199
-180
-124
-179
-199
-144
-93
-129
-94
-159
-172
-195
-199
-119
-142
-90
-110
-157
-100
-161
-169
-174
-146
-103
-175
-146
-153
-154
-116
-131
-148
-158
-152
-170
-144
-109
-141
-139
-169
-199
-156
-149
-157
-133
-152
-122
-152
-157
-169
-100
-119
-153
-154
-89
-125
-142
-94
-118
-159
-134
-158
-172
-179
-199
-164
-92
-161
-92
-148
-142
-107
-119
-144
-159
-115
-145
-93
-169
-111
-144
-152
-135
-131
-108
-133
-144
-137
-95
-111
-140
-83
-151
-157
-192
-199
-199
-199
-181
-139
-115
-130
-114
-176
-146
-161
-109
-178
-102
-112
-181
-106
-147
-112
-182
-168
-157
-94
-111
-199
-199
-161
-161
-95
-121
-101
-150
-199
-151
-114
-138
-143
-158
-169
-98
-134
-199
-118
-165
-162
-171
-184
-179
-92
-132
-96
-127
-144
-91
-114
-164
-152
-184
-164
-163
-116
-151
-199
-135
-151
-88
-125
-84
-110
-118
-156
-176
-173
-132
-145
-154
-89
-148
-109
-109
-159
-98
-121
-115
-144
-151
-166
-109
-135
-156
-155
-165
-154
-161
-95
-124
-151
-91
-199
-180
-88
-111
-83
-148
-150
-144
-153
-159
-162
-168
-135
-156
-86
-118
-116
-162
-172
-164
-108
-142
-112
-137
-179
-199
-163
-86
-149
-112
-170
-100
-147
-85
-123
-132
-199
-142
-199
-115
-140
-143
-187
-150
-154
-174
-164
-136
-159
-101
-164
-148
-160
-143
-192
-146
-114
-91
-116
-169
-148
-97
-116
-98
-97
-126
-163
-165
-155
-115
-167
-159
-159
-119
-85
-199
-168
-146
-83
-167
-174
-88
-180
-154
-117
-130
-162
-164
-116
-156
-170
-83
-108
-116
-104
-120
-151
-167
-163
-103
-145
-172
-96
-172
-156
-96
-190
-114
-92
-86
-119
-100
-196
-107
-115
-100
-108
-91
-98
-109
-112
-120
-104
-109
-108
-118
-112
-112
-110
-108
-159
-163
-175
-177
-107
-108
-169
-169
-138
-88
-108
-105
-123
-186
-98
-106
-102
-156
-199
-199
