-199
-199
-199
-199
-199
-199
-199
-199
-199
-199
-199
-199
-199
-199
-199
-199
-199
-199
-199
-199
-199
-199
-199
-199
-199
-199
-199
-199
-199
-199
-199
-199
-199
-199
-199
-199
-199
-199
-199
-199
-199
-199
-199
-199
-199
-199
-199
-199
-199
-199
-199
-199
-199
-199
-199
-199
-199
-199
-199
-199
-199
-199
-199
-199
-199
-199
-199
-199
-199
-199
-199
-199
-199
-199
-199
-199
-199
-199
-199
-199
-199
-199
-199
-199
-199
-199
-199
-199
-199
-199
-199
-199
-199
-199
-199
-199
-199
-199
-199
-199
-199
-199
-199
-199
-199
-199
-199
-199
-199
-199
-199
-199
-199
-199
-199
-199
-199
-199
-199
-199
-199
-199
-199
-199
-199
-199
-199
-199
-199
-199
-199
-199
-199
-199
-199
-199
-199
-199
-199
-199
-199
-199
-199
-199
-199
-199
-199
-199
-199
-199
-199
-199
-199
-199
-199
-199
-199
-199
-199
-199
-199
-199
-199
-199
-199
-199
-199
-199
-199
-199
-199
-199
-199
-199
-199
-199
-199
-199
-199
-199
-199
-199
-199
-199
-199
-199
-199
-199
-199
-199
-199
-199
-199
-199
-199
-199
-199
-199
-199
-199
-199
-199
-199
-199
-199
-199
-199
-199
-199
-199
-199
-199
-199
-199
-199
-199
-199
-199
-199
-199
-199
-199
-199
-199
-199
-199
-199
-199
-199
-199
-199
-199
-199
-199
-199
-199
-199
-199
-199
-199
-199
-199
-199
-199
-199
-199
-199
-199
-199
-199
-199
-199
-199
-199
-199
-199
-199
-199
-199
-199
-199
-199
-199
-199
-199
-199
-199
-199
-199
-199
-199
-199
-199
-199
-199
-199
-199
-199
-199
-199
-199
-199
-199
-199
-199
-199
-157
-199
-199
-199
-199
-199
-199
-199
-199
-199
-199
-199
-199
-199
-199
-199
-151
-199
-199
-199
-199
-199
-130
-199
-199
-191
-199
-199
-199
-199
-199
-199
-177
-199
-199
-199
-199
-199
-199
-199
-199
-199
-199
-199
-199
-199
-199
-199
-199
-155
-185
-199
-199
-199
-199
-199
-199
-199
-199
-191
-199
-199
-199
-199
-199
-197
-199
-199
-199
-199
-199
-199
-199
-199
-199
-199
-199
-199
-199
-199
-199
-178
-199
-185
-199
-182
-199
-199
-199
-199
-187
-199
-176
-116
-174
-148
-144
-199
-127
-169
-150
-185
-150
-153
-151
-158
-199
-182
-175
-147
-199
-156
-161
-134
-150
-143
-165
-179
-149
-146
-173
-113
-159
-158
-140
-145
-163
-149
-152
-151
-150
-178
-148
-163
-164
-199
-161
-143
-145
-153
-171
-134
-144
-199
-153
-93
-136
-199
-136
-157
-88
-155
-187
-153
-110
-147
-150
-111
-152
-152
-152
-151
-148
-145
-158
-118
-178
-160
-130
-120
-199
-170
-123
-161
-189
-118
-149
-123
-125
-154
-116
-159
-115
-168
-112
-122
-152
-114
-179
-110
-189
-144
-140
-141
-149
-145
-150
-151
-140
-123
-145
-148
-112
-114
-107
-146
-142
-107
-134
-156
-153
-122
-159
-91
-93
-146
-114
-89
-117
-86
-106
-199
-140
-150
-111
-122
-109
-111
-109
-184
-113
-110
-103
-199
-164
-112
-123
-113
-122
-107
-116
-111
-109
-170
-158
-115
-116
-107
-89
-117
-111
-150
-118
-117
-112
-130
-124
-111
-106
-128
-122
-89
-118
-151
-114
-152
-122
-87
-131
-150
-162
-199
-171
-132
-175
-162
-122
-157
-160
-119
-152
-151
-92
-139
-113
-153
-118
-164
-122
-159
-149
-144
-146
-153
-152
-150
-159
-166
-172
-85
-146
-157
-176
-146
-153
-154
-150
-91
-149
-148
-95
-171
-84
-106
-91
-157
-121
-165
-88
-158
-162
-158
-171
-164
-171
-185
-95
-114
-124
-148
-142
-150
-171
-146
-117
-150
-139
-190
-145
-172
-138
-91
-155
-118
-95
-120
-115
-166
-135
-166
-87
-144
-146
-146
-112
-142
-158
-144
-96
-114
-83
-101
-111
-105
-100
-151
-138
-147
-144
-100
-172
-116
-182
-84
-111
-147
-88
-115
-177
-114
-89
-142
-150
-89
-111
-152
-173
-100
-168
-146
-160
-95
-161
-145
-112
-94
-150
-151
-149
-140
-108
-133
-153
-111
-143
-143
-145
-114
-120
-118
-173
-85
-91
-165
-137
-127
-141
-156
-179
-110
-98
-151
-113
-147
-114
-144
-164
-106
-110
-159
-125
-126
-89
-107
-117
-112
-99
-103
-112
-167
-110
-154
-119
-114
-99
-107
-108
-113
-95
-152
-86
-123
-139
-84
-106
-115
-85
-90
-109
-142
-109
-105
-175
-116
-160
-163
-103
-89
-125
-164
-188
-151
-151
-103
-105
-103
-104
-105
-84
-105
-110
-98
-86
-105
-149
-91
-113
-104
-170
-157
-146
-106
-155
-87
-159
-89
-146
-105
-144
-150
-147
-103
-111
-159
-153
-103
-175
-153
-92
-85
-140
-164
-103
-96
-104
-148
-147
-95
-102
-89
-169
-147
-143
-110
-142
-102
-155
-98
-182
-84
-156
-84
-86
-84
-144
-142
-104
-100
-86
-161
-171
-84
-158
-141
-170
-100
-87
-85
-89
-115
-103
-86
-165
-166
-88
-126
-85
-114
-154
-160
-96
-117
-153
-85
-127
-87
-197
-158
-136
-137
-121
-144
-180
-174
-127
-151
-198
-162
-106
-125
-144
-91
-154
-113
-114
-82
-120
-84
-119
-191
-187
-88
-154
-159
-107
-118
-150
-152
-95
-151
-91
-92
-152
-129
-115
-144
-84
-174
-161
-106
-144
-142
-140
-165
-83
-139
-108
-85
-140
-149
-172
-144
-156
-88
-186
-140
-96
-94
-155
-166
-151
-106
-88
-143
-107
-145
-109
-139
-172
-111
-155
-129
-88
-138
-133
-83
-135
-89
-168
-88
-140
-127
-112
-131
-113
-94
-137
-167
-90
-155
-154
-122
-114
-132
-173
-154
-144
-120
-144
-108
-155
-140
-173
-106
-132
-168
-124
-109
-111
-137
-102
-119
-91
-164
-92
-176
-135
-86
-117
-117
-167
-148
-90
-107
-132
-102
-145
-175
-84
-140
-161
-146
-116
-102
-95
-177
-82
-150
-173
-85
-88
-143
-110
-155
