200
200
200
200
200
200
200
200
200
200
200
200
200
200
200
200
200
200
200
200
200
200
200
200
200
200
200
200
200
200
200
200
200
200
200
200
200
200
200
200
200
200
200
200
200
200
200
200
200
200
200
200
200
200
200
200
200
200
200
200
200
200
200
200
200
200
200
200
200
200
200
200
200
200
200
200
200
200
200
200
200
200
200
200
200
200
200
200
200
200
200
200
200
200
200
200
200
200
200
200
200
200
200
200
200
200
200
200
200
200
200
200
200
200
200
200
200
200
200
200
200
200
200
200
200
200
200
200
200
200
200
200
200
200
200
200
200
200
200
200
200
200
200
200
200
200
200
200
200
200
200
200
200
200
200
200
200
200
200
200
200
200
200
200
200
200
200
200
200
200
200
200
200
200
200
200
200
200
200
200
200
200
200
200
200
200
200
200
200
200
200
200
200
200
200
200
200
200
200
200
200
200
200
200
200
200
200
200
200
200
200
200
200
200
200
200
200
200
200
200
200
200
200
200
200
200
200
200
200
200
200
200
200
200
200
200
200
200
200
200
200
200
200
200
200
200
200
200
200
200
200
200
200
200
200
200
200
200
200
200
200
200
200
200
200
200
200
200
200
200
200
200
200
200
200
200
200
200
200
200
200
200
200
200
200
200
200
200
200
200
200
200
200
200
200
200
200
200
200
200
200
200
200
200
200
200
200
200
200
200
200
200
200
200
200
200
200
200
200
200
200
200
200
200
200
200
200
200
200
200
200
200
200
200
200
200
200
200
200
200
200
200
200
200
200
200
200
200
200
200
200
200
200
200
200
200
200
200
200
200
200
200
200
200
200
200
200
200
200
200
200
200
200
200
200
200
200
200
200
200
200
200
200
200
200
200
200
200
200
200
200
200
200
200
200
200
200
200
200
200
200
200
200
200
200
200
200
200
190
200
200
200
200
200
200
200
200
200
199
200
170
200
200
200
200
200
200
148
190
200
200
200
175
197
200
200
200
200
200
200
200
200
200
200
134
200
200
156
200
192
200
200
165
200
200
132
200
200
200
178
200
190
200
200
200
200
200
200
200
200
200
200
200
200
200
200
200
200
200
200
200
200
200
200
200
200
200
200
200
200
200
200
200
180
200
200
200
200
200
187
158
192
157
191
144
197
200
148
200
200
198
200
148
179
162
119
146
111
162
102
200
116
116
113
145
156
172
149
153
193
146
192
152
158
154
164
138
174
105
149
156
145
137
148
151
137
141
118
145
113
150
121
137
152
139
143
135
137
140
138
153
141
198
200
152
154
200
200
158
200
200
200
200
164
145
195
200
151
200
140
200
200
200
200
103
90
200
142
171
143
85
200
159
200
93
155
200
144
90
127
122
200
200
120
141
200
200
150
159
200
148
144
84
140
150
104
120
98
155
166
87
137
149
137
151
156
139
144
149
135
148
159
150
99
156
168
98
105
98
142
92
200
147
88
118
113
160
153
146
97
142
150
191
90
143
111
141
162
142
149
187
159
176
85
169
95
154
151
162
200
143
157
200
161
166
151
163
96
154
155
151
157
92
153
150
157
97
140
147
145
151
108
196
143
90
143
159
148
146
147
90
200
138
156
166
100
107
87
150
108
86
143
108
155
107
107
109
109
113
147
141
136
107
96
148
107
89
146
150
112
107
110
151
148
151
113
148
151
147
151
175
99
148
106
156
114
105
112
159
161
93
159
151
135
161
180
108
200
166
200
115
145
200
164
108
140
92
149
110
174
147
146
145
88
143
158
164
85
89
112
88
147
128
96
98
147
99
112
164
87
160
158
94
155
137
144
143
88
104
89
139
140
94
157
141
145
200
148
145
146
152
143
108
157
97
158
147
86
85
142
142
158
155
95
153
159
151
88
147
143
196
140
145
149
149
86
147
96
157
93
200
89
169
200
83
87
142
200
96
90
86
141
163
90
101
95
139
154
171
141
146
86
136
90
162
150
154
87
135
166
142
162
84
167
140
112
141
137
111
90
164
143
137
95
167
90
141
88
140
139
85
140
148
144
175
90
166
198
165
137
91
90
139
140
137
137
149
106
157
143
144
147
147
136
110
92
139
149
146
143
90
140
140
136
94
200
144
147
163
166
159
152
87
98
157
150
92
163
167
143
152
112
98
145
146
149
89
200
139
142
146
200
155
200
84
200
149
157
144
146
135
140
98
91
200
139
200
141
200
200
101
200
99
89
154
200
200
158
200
149
184
86
149
190
148
161
150
162
144
150
85
142
142
200
200
200
159
153
144
163
