200
200
200
200
200
200
200
200
200
200
200
200
200
200
200
200
200
200
200
200
200
200
200
200
200
200
200
200
200
200
200
200
200
200
200
200
200
200
200
200
200
200
200
200
200
200
200
200
200
200
200
200
200
200
200
200
200
200
200
200
200
200
200
200
200
200
200
200
200
200
200
200
200
200
200
200
200
200
200
200
200
200
200
200
200
200
200
200
200
200
200
200
200
200
200
200
200
200
200
200
200
200
200
200
200
200
200
200
200
200
200
200
200
200
200
200
200
200
200
200
200
200
200
200
200
200
200
200
200
200
200
200
200
200
200
200
200
200
200
200
200
200
200
200
200
200
200
200
200
200
200
200
200
200
200
200
200
200
200
200
200
200
200
200
200
200
200
200
200
200
200
200
158
200
200
200
200
200
200
200
195
200
200
200
200
200
200
200
200
200
200
200
200
200
175
200
200
156
200
200
200
200
200
200
200
200
168
188
200
200
200
200
200
200
200
200
200
200
150
200
200
200
200
181
200
152
200
200
195
200
200
200
200
179
200
200
200
200
200
200
200
200
200
200
200
200
200
200
200
200
166
200
200
200
200
200
200
200
157
200
200
200
189
200
200
200
168
186
200
188
200
200
167
200
200
160
200
200
200
200
178
200
159
156
165
200
187
118
118
155
146
152
152
147
143
151
150
121
200
200
163
187
160
149
161
161
141
187
157
157
150
177
159
152
156
200
151
154
160
182
186
165
157
200
200
159
164
162
200
166
200
127
200
125
162
200
97
139
155
157
143
156
159
145
149
200
117
175
116
150
180
162
200
200
200
150
200
167
121
159
120
158
120
184
155
120
172
153
134
171
158
200
140
94
119
143
158
148
106
153
160
156
118
156
162
122
162
152
114
145
171
152
121
129
183
153
150
142
146
151
148
151
187
131
115
150
165
169
155
155
145
145
156
144
126
139
152
176
162
170
200
156
200
151
200
112
163
152
120
140
146
160
148
144
149
177
200
200
109
193
127
155
153
163
153
144
154
151
144
154
151
174
153
151
124
155
162
108
144
155
152
128
125
150
109
169
157
154
150
161
200
148
200
152
200
200
200
158
156
189
116
182
171
110
116
121
200
112
158
157
114
198
160
117
161
116
104
120
150
149
124
87
157
115
143
173
117
94
120
166
103
116
84
196
114
164
156
159
123
120
156
168
197
165
103
110
187
106
96
108
170
146
109
165
122
169
165
124
172
91
172
118
129
117
157
110
165
159
111
170
98
155
160
95
93
91
169
123
114
123
110
159
116
172
119
109
144
110
147
156
115
153
122
150
159
151
93
158
196
154
119
156
163
173
95
115
106
105
167
110
151
108
147
108
137
154
155
106
108
152
151
150
110
106
93
153
163
145
151
111
114
153
107
164
140
172
200
165
135
159
124
200
148
109
88
108
113
106
88
116
151
153
118
156
143
151
200
160
156
165
197
150
116
146
105
145
121
105
105
151
138
112
112
120
107
111
143
140
130
145
181
158
116
167
145
153
163
145
129
167
155
103
169
158
101
159
170
115
113
104
111
114
166
153
156
141
92
144
195
164
150
104
113
159
121
147
147
93
120
110
106
102
161
152
170
91
106
90
106
106
100
107
150
166
88
126
107
89
108
117
152
107
109
87
109
145
165
162
107
110
200
151
100
96
96
147
110
108
107
93
157
89
155
110
110
111
104
92
154
106
97
151
161
197
174
200
200
200
188
103
153
120
107
139
90
86
136
93
120
156
98
151
162
155
115
170
161
120
177
89
165
111
120
85
117
156
110
156
108
113
108
124
165
98
113
103
122
166
89
168
104
105
111
89
159
143
96
107
93
110
159
170
109
109
156
101
120
104
109
89
119
159
105
110
158
104
153
86
108
112
105
98
97
117
179
97
117
88
106
115
109
150
107
132
105
113
107
106
118
106
105
109
104
111
172
107
106
107
143
107
107
86
109
121
126
96
106
112
106
96
141
102
121
165
154
89
111
107
143
101
127
84
128
83
104
113
145
102
105
126
108
150
146
108
127
145
105
162
102
140
165
170
165
148
117
89
134
165
105
128
185
159
156
105
110
109
102
111
100
84
105
110
147
109
123
152
109
123
84
115
105
133
153
113
105
105
121
86
112
108
113
101
107
87
107
109
104
108
150
87
105
110
109
106
100
104
86
115
113
106
105
105
104
108
160
108
110
106
88
103
105
155
84
106
124
100
106
171
85
109
85
101
103
103
113
88
106
102
105
99
104
87
104
108
109
98
106
113
105
112
