-199
-199
-199
-199
-199
-199
-199
-199
-199
-199
-199
-199
-199
-199
-199
-199
-199
-199
-199
-199
-199
-199
-199
-199
-199
-199
-199
-199
-199
-199
-199
-199
-199
-199
-199
-199
-199
-199
-199
-199
-199
-199
-199
-199
-199
-199
-199
-199
-199
-199
-199
-199
-199
-199
-199
-199
-199
-199
-199
-199
-199
-199
-199
-199
-199
-199
-199
-199
-199
-199
-199
-199
-199
-199
-199
-199
-199
-199
-199
-199
-199
-199
-199
-199
-199
-199
-199
-199
-199
-199
-199
-199
-199
-199
-199
-199
-199
-199
-199
-199
-199
-199
-199
-199
-199
-199
-199
-199
-199
-199
-199
-199
-199
-199
-199
-199
-199
-199
-199
-199
-199
-199
-199
-199
-199
-199
-199
-199
-199
-199
-199
-199
-199
-199
-199
-199
-199
-199
-199
-199
-199
-199
-199
-199
-199
-199
-199
-199
-199
-199
-199
-199
-199
-199
-199
-199
-199
-199
-199
-199
-198
-199
-199
-199
-199
-199
-199
-199
-199
-199
-199
-199
-195
-199
-199
-199
-199
-199
-199
-199
-198
-199
-199
-199
-199
-196
-196
-192
-198
-199
-199
-199
-195
-198
-195
-197
-195
-191
-195
-197
-194
-195
-196
-199
-194
-187
-195
-197
-195
-197
-199
-199
-195
-196
-195
-196
-199
-199
-194
-197
-194
-199
-199
-197
-199
-190
-199
-196
-198
-199
-196
-199
-199
-195
-199
-197
-193
-195
-189
-197
-191
-195
-195
-188
-194
-196
-195
-194
-194
-193
-192
-193
-194
-195
-197
-196
-196
-188
-190
-192
-192
-198
-196
-192
-186
-189
-191
-184
-198
-196
-192
-195
-187
-192
-183
-186
-187
-193
-180
-183
-183
-187
-178
-182
-183
-182
-182
-175
-171
-184
-181
-183
-182
-186
-183
-178
-181
-176
-195
-190
-186
-185
-191
-185
-179
-188
-184
-191
-181
-181
-184
-187
-186
-189
-188
-184
-193
-182
-185
-187
-182
-192
-191
-184
-186
-188
-177
-179
-188
-185
-182
-188
-185
-177
-178
-193
-176
-170
-178
-178
-169
-165
-177
-179
-184
-176
-180
-192
-168
-166
-178
-177
-180
-174
-190
-175
-175
-183
-175
-188
-175
-171
-181
-181
-177
-172
-192
-175
-172
-184
-177
-184
-181
-166
-180
-177
-174
-170
-163
-161
-183
-167
-175
-167
-177
-157
-160
-161
-165
-159
-167
-173
-165
-161
-177
-167
-165
-177
-170
-161
-178
-163
-165
-173
-167
-165
-174
-179
-170
-160
-171
-169
-170
-162
-173
-163
-162
-169
-165
-166
-184
-166
-171
-164
-172
-164
-165
-173
-156
-149
-155
-173
-172
-167
-161
-157
-175
-173
-152
-172
-166
-168
-167
-171
-171
-174
-168
-167
-166
-169
-171
-172
-167
-154
-164
-173
-149
-142
-160
-163
-152
-155
-166
-169
-145
-165
-165
-145
-157
-160
-149
-164
-163
-145
-161
-156
-157
-156
-150
-164
-154
-158
-148
-137
-156
-145
-148
-149
-163
-154
-139
-162
-148
-147
-141
-163
-152
-152
-164
-154
-146
-154
-160
-165
-148
-147
-158
-153
-169
-168
-152
-157
-156
-160
-165
-160
-168
-162
-168
-154
-147
-151
-158
-168
-144
-154
-158
-149
-146
-159
-155
-150
-157
-151
-151
-158
-160
-137
-145
-146
-163
-155
-150
-151
-163
-156
-165
-147
-159
-140
-146
-150
-149
-140
-136
-156
-155
-144
-143
-146
-154
-159
-140
-162
-142
-156
-151
-146
-147
-134
-142
-154
-149
-157
-164
-137
-148
-144
-151
-149
-148
-151
-165
-157
-164
-130
-166
-162
-133
-156
-152
-133
-152
-143
-145
-146
-145
-140
-142
-145
-148
-142
-135
-154
-152
-149
-147
-153
-150
-136
-141
-159
-156
-148
-147
-156
-154
-169
-148
-151
-147
-149
-153
-157
-146
-145
-154
-150
-134
-147
-155
-157
-148
-159
-161
-156
-149
-148
-148
-152
-126
-135
-141
-144
-152
-155
-134
-128
-141
-141
-151
-146
-134
-160
-153
-158
-151
-154
-133
-160
-142
-147
-135
-151
-132
-154
-133
-138
-134
-142
-144
-144
-129
-139
-126
-143
-147
-132
-130
-128
-123
-121
-156
-155
-153
-133
-146
-155
-144
-150
-164
-148
-151
-146
-154
-151
-159
-154
-148
-141
-149
-142
-155
-143
-151
-148
-150
-141
-136
-155
-149
-133
-152
-154
-125
-152
-143
-135
-132
-144
-151
-152
-139
-137
-123
-138
-142
-140
-136
-134
-137
-136
-135
-143
-131
-135
-126
-152
-133
-134
-136
-120
-158
-137
-151
-144
-134
-136
-136
-127
-137
-152
-154
-154
-161
-148
-155
-142
-136
-128
-133
-138
-144
-133
-130
-133
-127
-145
-145
-144
-127
-139
-148
-155
-127
-165
-152
-153
-152
-141
-144
-127
-153
-145
-148
-148
-135
-139
-151
-151
-144
-139
-142
-147
-117
-134
-140
-140
-137
-144
-126
-139
-137
-138
-157
-134
-123
-130
-132
-145
-150
-147
-151
-131
-144
-152
-129
-125
-125
-117
-131
-126
-137
-133
-132
-126
-132
-128
-131
-126
-134
-136
-133
-130
-142
-134
-138
-125
-142
-141
-139
-154
-138
-140
-138
-137
-148
-135
-142
-137
-128
-134
-132
-129
-145
-137
-141
-135
-130
-139
-133
-131
-139
-138
-122
-138
-118
-142
-146
-141
-143
-124
-137
-151
-156
-123
-129
-133
-134
-146
-148
-148
-146
-132
-136
-127
-143
-134
-137
-126
-126
-145
-138
-124
-135
-135
-136
-139
-139
-133
-147
-148
-152
-144
-141
-142
-140
-142
-129
-145
-142
-150
-132
-126
-128
-142
-131
-134
-122
-124
-145
-131
-147
-122
-130
-137
-137
-133
-120
-130
-140
-126
-142
-134
-129
-124
-134
-137
-133
-134
-139
-116
-126
-125
-123
-130
-129
-137
-136
-136
-127
-141
-129
-129
-123
-135
-165
-129
-145
-138
-142
-134
-145
-122
-130
-124
-142
-135
-139
-126
-137
-142
-130
-130
-111
-124
-127
-143
-116
-131
-143
-127
-130
-143
-133
-115
-156
-123
-146
-136
-131
-138
-147
-151
-149
-131
-142
-140
-133
