-199
-199
-199
-199
-199
-199
-199
-199
-199
-199
-199
-199
-199
-199
-199
-199
-199
-199
-199
-199
-199
-199
-199
-199
-199
-199
-199
-199
-199
-199
-199
-199
-199
-199
-199
-199
-199
-199
-199
-199
-199
-199
-199
-199
-199
-199
-199
-199
-199
-199
-199
-199
-199
-199
-199
-199
-199
-199
-199
-199
-199
-199
-199
-199
-199
-199
-199
-199
-199
-199
-199
-199
-199
-199
-199
-199
-199
-199
-199
-199
-199
-199
-199
-199
-199
-199
-199
-199
-199
-199
-199
-199
-199
-199
-199
-199
-199
-199
-199
-199
-199
-199
-199
-199
-199
-199
-199
-199
-199
-199
-199
-199
-199
-199
-199
-199
-199
-199
-199
-199
-199
-199
-199
-199
-199
-199
-199
-199
-199
-199
-199
-199
-199
-199
-199
-199
-199
-199
-199
-199
-199
-199
-199
-199
-199
-199
-199
-199
-199
-199
-199
-199
-199
-199
-199
-199
-199
-199
-199
-199
-199
-199
-199
-199
-199
-199
-199
-199
-199
-199
-199
-199
-199
-199
-199
-199
-199
-199
-199
-199
-199
-199
-199
-199
-199
-199
-199
-199
-199
-199
-199
-199
-199
-199
-199
-199
-199
-199
-199
-199
-199
-199
-199
-199
-199
-199
-199
-199
-199
-199
-199
-199
-199
-199
-199
-199
-199
-199
-199
-199
-199
-199
-199
-199
-199
-199
-199
-199
-199
-199
-199
-199
-199
-199
-199
-199
-199
-199
-199
-199
-199
-199
-195
-199
-195
-199
-199
-199
-199
-199
-199
-199
-199
-199
-199
-199
-199
-199
-199
-199
-199
-199
-199
-199
-199
-199
-199
-199
-199
-199
-199
-199
-199
-199
-198
-199
-199
-199
-199
-199
-199
-199
-199
-199
-199
-199
-199
-199
-199
-199
-199
-199
-199
-198
-199
-199
-199
-199
-195
-199
-196
-199
-199
-199
-199
-199
-199
-199
-199
-199
-199
-199
-199
-199
-199
-199
-199
-199
-199
-199
-199
-199
-199
-199
-197
-197
-199
-199
-199
-195
-197
-199
-191
-189
-199
-193
-199
-195
-199
-196
-193
-199
-199
-197
-190
-191
-195
-199
-196
-193
-196
-191
-190
-196
-193
-192
-196
-191
-185
-195
-193
-194
-195
-194
-193
-187
-194
-186
-193
-188
-198
-194
-194
-190
-188
-192
-193
-184
-186
-189
-191
-191
-193
-192
-189
-193
-195
-187
-185
-191
-184
-189
-181
-183
-199
-193
-190
-183
-186
-189
-191
-188
-189
-192
-178
-189
-195
-186
-181
-190
-185
-184
-182
-189
-171
-178
-180
-189
-176
-178
-170
-187
-195
-180
-176
-179
-178
-174
-176
-179
-177
-178
-171
-168
-177
-163
-178
-174
-164
-176
-171
-163
-180
-178
-157
-180
-170
-151
-185
-162
-169
-168
-161
-172
-177
-167
-163
-164
-165
-175
-167
-165
-156
-167
-171
-170
-168
-171
-159
-164
-148
-155
-170
-162
-149
-168
-155
-162
-171
-164
-166
-166
-156
-169
-166
-170
-175
-155
-155
-154
-159
-160
-154
-157
-160
-168
-170
-162
-144
-159
-155
-153
-159
-139
-148
-178
-162
-146
-181
-149
-160
-162
-148
-159
-165
-148
-151
-152
-147
-161
-150
-151
-159
-143
-159
-160
-173
-159
-150
-171
-161
-164
-151
-165
-158
-152
-159
-164
-157
-152
-151
-149
-148
-154
-152
-147
-151
-150
-153
-141
-170
-157
-138
-151
-147
-159
-169
-157
-144
-150
-142
-143
-154
-164
-152
-154
-166
-152
-147
-158
-148
-147
-151
-154
-137
-138
-150
-151
-156
-151
-148
-162
-143
-159
-138
-128
-148
-138
-147
-139
-139
-141
-138
-142
-131
-135
-141
-136
-129
-135
-134
-155
-143
-141
-152
-143
-152
-139
-136
-150
-147
-142
-146
-146
-140
-145
-134
-142
-125
-146
-132
-140
-129
-155
-147
-142
-153
-136
-134
-163
-142
-146
-130
-135
-152
-145
-130
-120
-142
-153
-143
-157
-139
-128
-143
-146
-138
-132
-143
-139
-143
-148
-152
-130
-135
-137
-136
-147
-148
-140
-135
-147
-153
-147
-147
-153
-144
-147
-146
-160
-143
-146
-167
-145
-140
-143
-139
-138
-135
-158
-142
-146
-133
-130
-147
-142
-136
-130
-150
-140
-132
-129
-144
-112
-129
-146
-142
-135
-138
-140
-128
-146
-126
-143
-139
-119
-131
-130
-123
-134
-118
-137
-131
-145
-129
-142
-130
-135
-129
-144
-121
-128
-133
-140
-127
-132
-148
-141
-161
-142
-151
-124
-136
-133
-135
-142
-125
-132
-151
-135
-142
-132
-113
-127
-138
-142
-123
-132
-129
-138
-136
-138
-141
-146
-134
-148
-128
-151
-137
-143
-131
-130
-151
-144
-145
-131
-127
-132
-133
-151
-140
-130
-153
-144
-124
-148
-126
-134
-129
-139
-112
-137
-124
-124
-142
-136
-132
-135
-130
-132
-139
-147
-126
-137
-134
-136
-129
-118
-139
-134
-131
-133
-127
-134
-138
-127
-145
-126
-139
-135
-141
-130
-138
-142
-129
-124
-147
-136
-125
-120
-130
-121
-145
-137
-133
-150
-128
-120
-124
-153
-145
-137
-140
-136
-140
-127
-139
-116
-136
-112
-143
-116
-133
-126
-122
-122
-122
-151
-134
-123
-118
-140
-107
-128
-126
-141
-120
-116
-134
-131
-128
-130
-132
-133
-154
-141
-148
-120
-146
-125
-146
-140
-123
-142
-140
-131
-131
-129
-123
-131
-130
-127
-110
-125
-133
-125
-131
-122
-155
-136
-130
-145
-133
-135
-135
-122
-152
-137
-143
-138
-117
-131
-131
-140
-125
-128
-136
-136
-133
-133
-138
-135
-128
-129
-127
-118
-135
-134
-125
-135
-118
-137
-141
-134
-116
-150
-133
-143
-128
-134
-118
-147
-136
-122
-123
-133
-118
-130
-141
-131
-133
-136
-123
-140
-149
-119
-134
-150
-124
-127
-134
-125
-135
-144
-129
-146
-124
-127
-140
-123
-135
-140
-132
-134
-150
-124
-133
-138
-138
-141
-133
-131
-147
-113
-137
-135
-129
-150
-129
-142
-130
-118
-141
-129
-136
-133
-131
-125
-126
-132
-149
-132
-129
-148
-143
-139
-144
-125
-129
