-199
-199
-199
-199
-199
-199
-199
-199
-199
-199
-199
-199
-199
-199
-199
-199
-199
-199
-199
-199
-199
-199
-199
-199
-199
-199
-199
-199
-199
-199
-199
-199
-199
-199
-199
-199
-199
-199
-199
-199
-199
-199
-199
-199
-199
-199
-199
-199
-199
-199
-199
-199
-199
-199
-199
-199
-199
-199
-199
-199
-199
-199
-199
-199
-199
-199
-199
-199
-199
-199
-199
-199
-199
-199
-199
-199
-199
-199
-199
-199
-199
-199
-199
-199
-199
-199
-199
-199
-199
-199
-199
-199
-199
-199
-199
-199
-199
-199
-199
-199
-199
-199
-199
-199
-199
-199
-199
-199
-199
-199
-199
-199
-199
-199
-199
-199
-199
-199
-199
-199
-199
-199
-199
-199
-199
-199
-199
-199
-199
-199
-199
-199
-199
-199
-199
-199
-199
-199
-199
-199
-199
-199
-199
-199
-199
-199
-199
-199
-199
-199
-199
-199
-199
-199
-199
-199
-199
-199
-199
-199
-199
-199
-199
-199
-199
-199
-199
-199
-199
-199
-199
-199
-199
-199
-199
-199
-199
-199
-199
-199
-199
-199
-199
-199
-199
-199
-199
-199
-199
-199
-199
-199
-199
-198
-199
-199
-199
-199
-199
-199
-199
-199
-199
-199
-199
-199
-199
-199
-199
-199
-199
-199
-199
-193
-199
-199
-196
-199
-199
-199
-194
-199
-199
-199
-199
-197
-199
-197
-199
-199
-196
-199
-199
-199
-199
-199
-199
-199
-199
-199
-199
-199
-199
-198
-199
-199
-199
-199
-199
-199
-199
-199
-195
-199
-199
-199
-199
-198
-199
-199
-199
-196
-199
-199
-199
-199
-199
-199
-199
-196
-198
-199
-199
-198
-199
-199
-199
-199
-199
-199
-199
-199
-199
-199
-199
-199
-194
-197
-199
-199
-199
-196
-196
-193
-198
-195
-196
-199
-196
-196
-195
-199
-194
-198
-193
-191
-194
-199
-187
-195
-199
-194
-194
-198
-196
-194
-195
-195
-181
-188
-193
-199
-193
-195
-196
-192
-195
-190
-199
-199
-198
-190
-195
-194
-192
-189
-190
-196
-195
-190
-194
-193
-189
-192
-193
-194
-196
-194
-191
-188
-194
-194
-186
-188
-187
-187
-192
-197
-192
-193
-190
-182
-183
-182
-194
-192
-199
-188
-172
-188
-192
-182
-182
-185
-183
-183
-182
-179
-177
-178
-181
-174
-181
-184
-169
-176
-177
-188
-184
-176
-169
-178
-171
-179
-174
-175
-174
-174
-171
-171
-178
-163
-172
-190
-162
-175
-176
-173
-161
-178
-168
-173
-161
-170
-170
-182
-174
-153
-169
-165
-154
-150
-165
-168
-160
-163
-162
-143
-168
-176
-169
-154
-159
-161
-162
-158
-151
-151
-166
-151
-143
-150
-157
-137
-156
-167
-156
-158
-145
-154
-153
-148
-145
-161
-142
-143
-156
-157
-148
-178
-157
-148
-170
-138
-149
-157
-142
-162
-159
-147
-148
-154
-155
-141
-149
-142
-166
-150
-151
-151
-158
-142
-157
-143
-159
-145
-160
-147
-149
-138
-139
-149
-151
-133
-159
-147
-142
-145
-148
-152
-154
-164
-140
-144
-146
-137
-130
-137
-160
-145
-131
-145
-125
-154
-144
-153
-136
-140
-144
-139
-136
-146
-144
-148
-139
-123
-131
-123
-143
-151
-148
-141
-148
-146
-134
-134
-139
-138
-143
-132
-138
-133
-128
-137
-152
-140
-139
-135
-138
-143
-139
-154
-153
-147
-145
-152
-149
-155
-154
-144
-135
-145
-125
-148
-144
-156
-148
-126
-138
-160
-144
-154
-132
-148
-124
-141
-139
-140
-129
-143
-146
-142
-139
-132
-147
-125
-158
-139
-132
-125
-133
-128
-142
-141
-139
-134
-127
-150
-133
-131
-140
-135
-131
-138
-134
-124
-133
-132
-146
-134
-128
-133
-125
-128
-122
-141
-137
-147
-147
-146
-145
-139
-145
-144
-139
-145
-141
-143
-136
-149
-137
-141
-141
-133
-137
-143
-138
-136
-133
-142
-145
-152
-140
-138
-116
-121
-122
-125
-149
-126
-135
-140
-144
-139
-147
-125
-156
-146
-143
-126
-132
-131
-128
-125
-156
-115
-138
-125
-135
-125
-141
-150
-139
-149
-136
-145
-137
-137
-156
-147
-134
-128
-137
-146
-123
-151
-134
-125
-143
-123
-124
-126
-140
-136
-126
-122
-143
-140
-135
-136
-114
-121
-131
-140
-146
-132
-116
-150
-138
-134
-140
-138
-129
-134
-136
-136
-152
-143
-134
-119
-118
-133
-122
-131
-138
-138
-116
-144
-106
-130
-151
-148
-138
-123
-132
-145
-112
-138
-142
-133
-141
-138
-119
-136
-128
-126
-138
-124
-131
-148
-130
-144
-142
-124
-130
-137
-146
-137
-136
-133
-146
-136
-127
-138
-148
-126
-125
-122
-142
-136
-127
-117
-131
-125
-142
-135
-142
-139
-140
-135
-136
-126
-140
-138
-139
-155
-148
-135
-133
-139
-122
-125
-127
-136
-133
-133
-134
-143
-119
-124
-142
-138
-144
-120
-128
-131
-142
-124
-131
-134
-124
-134
-127
-128
-144
-134
-144
-127
-113
-122
-141
-136
-112
-135
-123
-139
-141
-132
-121
-131
-129
-135
-138
-128
-127
-135
-146
-130
-139
-141
-118
-118
-131
-130
-124
-128
-117
-123
-148
-129
-138
-122
-132
-140
-132
-122
-140
-124
-141
-147
-142
-127
-116
-141
-126
-126
-134
-122
-137
-122
-128
-133
-132
-130
-124
-136
-136
-123
-135
-127
-120
-143
-143
-133
-114
-133
-125
-132
-144
-126
-127
-138
-147
-142
-145
-125
-151
-137
-145
-140
-130
-133
-136
-122
-147
-113
-139
-126
-159
-127
-137
-149
-121
-135
-138
-143
-137
-145
-135
-141
-129
-135
-139
-128
-150
-129
-153
-139
-144
-122
-130
-119
-134
-121
-129
-129
-134
-133
-133
-139
-139
-132
-127
-143
-121
-130
-130
-120
-124
-131
-137
-139
-132
-137
-131
-123
-129
-123
-136
-138
-136
-123
-117
-137
-127
-153
-127
-136
-128
-141
-142
-153
-136
-132
-140
-121
-125
-119
-124
-131
-145
-112
-127
-148
-135
-144
-116
-139
-132
-125
-121
-141
-106
-119
-143
-131
-119
-124
-124
