200
200
200
200
200
200
200
200
200
200
200
200
200
200
200
200
200
200
200
200
200
200
200
200
200
200
200
200
200
200
200
200
200
200
200
200
200
200
200
200
200
200
200
200
200
200
200
200
200
200
200
200
200
200
200
200
200
200
200
200
200
200
200
200
200
200
200
200
200
200
200
200
200
200
200
200
200
200
200
200
200
200
200
200
200
200
200
200
200
200
200
200
200
200
200
200
200
200
200
200
200
200
200
200
200
200
200
200
200
200
200
200
200
200
200
200
200
200
200
200
200
200
200
200
200
200
200
200
200
200
200
200
200
200
200
200
200
200
200
200
200
200
200
200
200
200
200
200
200
200
200
200
200
200
200
200
200
200
200
200
199
200
200
200
200
200
200
200
200
200
200
200
196
200
200
200
200
200
200
200
199
200
200
200
200
197
197
193
199
200
200
200
196
199
196
198
196
192
196
198
195
196
197
200
195
188
196
198
196
198
200
200
196
197
196
197
200
200
195
198
195
200
200
198
200
191
200
197
199
200
197
200
200
196
200
198
194
196
190
198
192
196
196
189
195
197
196
195
195
194
193
194
195
196
198
197
197
189
191
193
193
199
197
193
187
190
192
185
199
197
193
196
188
193
184
187
188
194
181
184
184
188
179
183
184
183
183
176
172
185
182
184
183
187
184
179
182
177
196
191
187
186
192
186
180
189
185
192
182
182
185
188
187
190
189
185
194
183
186
188
183
193
192
185
187
189
178
180
189
186
183
189
186
178
179
194
177
171
179
179
170
166
178
180
185
177
181
193
169
167
179
178
181
175
191
176
176
184
176
189
176
172
182
182
178
173
193
176
173
185
178
185
182
167
181
178
175
171
164
162
184
168
176
168
178
158
161
162
166
160
168
174
166
162
178
168
166
178
171
162
179
164
166
174
168
166
175
180
171
161
172
170
171
163
174
164
163
170
166
167
185
167
172
165
173
165
166
174
157
150
156
174
173
168
162
158
176
174
153
173
167
169
168
172
172
175
169
168
167
170
172
173
168
155
165
174
150
143
161
164
153
156
167
170
146
166
166
146
158
161
150
165
164
146
162
157
158
157
151
165
155
159
149
138
157
146
149
150
164
155
140
163
149
148
142
164
153
153
165
155
147
155
161
166
149
148
159
154
170
169
153
158
157
161
166
161
169
163
169
155
148
152
159
169
145
155
159
150
147
160
156
151
158
152
152
159
161
138
146
147
164
156
151
152
164
157
166
148
160
141
147
151
150
141
137
157
156
145
144
147
155
160
141
163
143
157
152
147
148
135
143
155
150
158
165
138
149
145
152
150
149
152
166
158
165
131
167
163
134
157
153
134
153
144
146
147
146
141
143
146
149
143
136
155
153
150
148
154
151
137
142
160
157
149
148
157
155
170
149
152
148
150
154
158
147
146
155
151
135
148
156
158
149
160
162
157
150
149
149
153
127
136
142
145
153
156
135
129
142
142
152
147
135
161
154
159
152
155
134
161
143
148
136
152
133
155
134
139
135
143
145
145
130
140
127
144
148
133
131
129
124
122
157
156
154
134
147
156
145
151
165
149
152
147
155
152
160
155
149
142
150
143
156
144
152
149
151
142
137
156
150
134
153
155
126
153
144
136
133
145
152
153
140
138
124
139
143
141
137
135
138
137
136
144
132
136
127
153
134
135
137
121
159
138
152
145
135
137
137
128
138
153
155
155
162
149
156
143
137
129
134
139
145
134
131
134
128
146
146
145
128
140
149
156
128
166
153
154
153
142
145
128
154
146
149
149
136
140
152
152
145
140
143
148
118
135
141
141
138
145
127
140
138
139
158
135
124
131
133
146
151
148
152
132
145
153
130
126
126
118
132
127
138
134
133
127
133
129
132
127
135
137
134
131
143
135
139
126
143
142
140
155
139
141
139
138
149
136
143
138
129
135
133
130
146
138
142
136
131
140
134
132
140
139
123
139
119
143
147
142
144
125
138
152
157
124
130
134
135
147
149
149
147
133
137
128
144
135
138
127
127
146
139
125
136
136
137
140
140
134
148
149
153
145
142
143
141
143
130
146
143
151
133
127
129
143
132
135
123
125
146
132
148
123
131
138
138
134
121
131
141
127
143
135
130
125
135
138
134
135
140
117
127
126
124
131
130
138
137
137
128
142
130
130
124
136
166
130
146
139
143
135
146
123
131
125
143
136
140
127
138
143
131
131
112
125
128
144
117
132
144
128
131
144
134
116
157
124
147
137
132
139
148
152
150
132
143
141
134
