200
200
200
200
200
200
200
200
200
200
200
200
200
200
200
200
200
200
200
200
200
200
200
200
200
200
200
200
200
200
200
200
200
200
200
200
200
200
200
200
200
200
200
200
200
200
200
200
200
200
200
200
200
200
200
200
200
200
200
200
200
200
200
200
200
200
200
200
200
200
200
200
200
200
200
200
200
200
200
200
200
200
200
200
200
200
200
200
200
200
200
200
200
200
200
200
200
200
200
200
200
200
200
200
200
200
200
200
200
200
200
200
200
200
200
200
200
200
200
200
200
200
200
200
200
200
200
200
200
200
200
200
200
200
200
200
200
200
200
200
200
200
200
200
200
200
200
200
200
200
200
200
200
200
200
200
200
200
200
200
200
200
200
200
200
200
200
200
200
200
200
200
200
200
200
200
200
200
200
200
200
200
200
200
200
200
200
200
200
200
200
200
200
199
200
200
200
200
200
200
200
200
200
200
200
200
200
200
200
200
200
200
200
194
200
200
197
200
200
200
195
200
200
200
200
198
200
198
200
200
197
200
200
200
200
200
200
200
200
200
200
200
200
199
200
200
200
200
200
200
200
200
196
200
200
200
200
199
200
200
200
197
200
200
200
200
200
200
200
197
199
200
200
199
200
200
200
200
200
200
200
200
200
200
200
200
195
198
200
200
200
197
197
194
199
196
197
200
197
197
196
200
195
199
194
192
195
200
188
196
200
195
195
199
197
195
196
196
182
189
194
200
194
196
197
193
196
191
200
200
199
191
196
195
193
190
191
197
196
191
195
194
190
193
194
195
197
195
192
189
195
195
187
189
188
188
193
198
193
194
191
183
184
183
195
193
200
189
173
189
193
183
183
186
184
184
183
180
178
179
182
175
182
185
170
177
178
189
185
177
170
179
172
180
175
176
175
175
172
172
179
164
173
191
163
176
177
174
162
179
169
174
162
171
171
183
175
154
170
166
155
151
166
169
161
164
163
144
169
177
170
155
160
162
163
159
152
152
167
152
144
151
158
138
157
168
157
159
146
155
154
149
146
162
143
144
157
158
149
179
158
149
171
139
150
158
143
163
160
148
149
155
156
142
150
143
167
151
152
152
159
143
158
144
160
146
161
148
150
139
140
150
152
134
160
148
143
146
149
153
155
165
141
145
147
138
131
138
161
146
132
146
126
155
145
154
137
141
145
140
137
147
145
149
140
124
132
124
144
152
149
142
149
147
135
135
140
139
144
133
139
134
129
138
153
141
140
136
139
144
140
155
154
148
146
153
150
156
155
145
136
146
126
149
145
157
149
127
139
161
145
155
133
149
125
142
140
141
130
144
147
143
140
133
148
126
159
140
133
126
134
129
143
142
140
135
128
151
134
132
141
136
132
139
135
125
134
133
147
135
129
134
126
129
123
142
138
148
148
147
146
140
146
145
140
146
142
144
137
150
138
142
142
134
138
144
139
137
134
143
146
153
141
139
117
122
123
126
150
127
136
141
145
140
148
126
157
147
144
127
133
132
129
126
157
116
139
126
136
126
142
151
140
150
137
146
138
138
157
148
135
129
138
147
124
152
135
126
144
124
125
127
141
137
127
123
144
141
136
137
115
122
132
141
147
133
117
151
139
135
141
139
130
135
137
137
153
144
135
120
119
134
123
132
139
139
117
145
107
131
152
149
139
124
133
146
113
139
143
134
142
139
120
137
129
127
139
125
132
149
131
145
143
125
131
138
147
138
137
134
147
137
128
139
149
127
126
123
143
137
128
118
132
126
143
136
143
140
141
136
137
127
141
139
140
156
149
136
134
140
123
126
128
137
134
134
135
144
120
125
143
139
145
121
129
132
143
125
132
135
125
135
128
129
145
135
145
128
114
123
142
137
113
136
124
140
142
133
122
132
130
136
139
129
128
136
147
131
140
142
119
119
132
131
125
129
118
124
149
130
139
123
133
141
133
123
141
125
142
148
143
128
117
142
127
127
135
123
138
123
129
134
133
131
125
137
137
124
136
128
121
144
144
134
115
134
126
133
145
127
128
139
148
143
146
126
152
138
146
141
131
134
137
123
148
114
140
127
160
128
138
150
122
136
139
144
138
146
136
142
130
136
140
129
151
130
154
140
145
123
131
120
135
122
130
130
135
134
134
140
140
133
128
144
122
131
131
121
125
132
138
140
133
138
132
124
130
124
137
139
137
124
118
138
128
154
128
137
129
142
143
154
137
133
141
122
126
120
125
132
146
113
128
149
136
145
117
140
133
126
122
142
107
120
144
132
120
125
125
