0
0
0
0
0
0
0
0
0
0
0
0
0
0
0
0
0
0
0
0
0
0
0
0
0
0
0
0
0
0
0
0
0
0
0
0
0
0
0
0
0
0
0
0
0
0
0
0
0
0
0
0
0
0
0
0
0
0
0
0
0
0
0
0
0
0
0
0
0
0
0
0
0
0
0
0
0
0
0
0
0
0
0
0
0
0
0
0
0
0
0
0
0
0
0
0
0
0
0
0
0
0
0
0
0
0
0
0
0
0
0
0
0
0
0
0
0
0
0
0
0
0
0
0
0
0
0
0
0
0
0
0
0
0
0
0
0
0
0
0
0
0
0
0
0
0
0
0
0
0
0
0
0
0
0
0
0
0
0
0
0
0
0
0
0
0
0
0
0
0
0
0
0
0
0
0
0
0
0
0
0
0
0
0
0
0
0
0
0
0
0
0
0
0
0
0
0
0
0
0
0
0
0
0
0
0
0
0
0
0
0
0
0
16
0
0
9
0
0
0
12
0
0
0
0
4
0
4
0
0
6
0
0
0
0
0
0
0
0
0
0
0
0
1
0
0
0
0
0
0
0
0
11
0
0
0
0
0
0
0
0
6
0
0
0
0
0
0
0
6
0
0
0
1
0
0
0
0
0
0
0
0
0
0
0
0
12
6
0
0
0
6
7
16
2
9
7
0
6
7
11
0
14
0
15
22
12
0
23
10
0
10
12
2
7
11
11
10
24
20
11
0
11
11
6
13
9
14
0
0
0
26
10
12
18
19
20
6
11
17
13
14
19
18
14
11
7
14
15
17
14
14
22
16
18
22
12
4
14
8
17
25
30
21
12
12
0
16
36
20
13
26
23
21
23
25
23
22
24
26
20
23
22
21
23
27
23
17
19
24
27
22
29
22
20
26
25
24
19
27
22
29
25
11
25
22
24
31
26
21
22
28
33
29
28
21
29
28
23
34
28
28
31
34
28
24
29
32
21
21
21
33
31
31
28
21
26
22
35
17
34
23
26
23
24
25
17
25
35
25
27
27
12
23
32
24
34
21
22
21
25
30
22
32
33
24
28
21
30
24
21
32
29
28
22
34
32
20
34
33
28
27
30
26
25
25
24
19
29
29
39
30
20
18
29
25
18
17
24
32
23
25
22
36
26
24
24
33
27
32
21
26
24
25
15
34
22
24
20
37
19
16
18
22
14
29
21
18
23
21
20
37
21
17
31
24
18
31
14
16
22
23
17
22
22
33
27
20
23
24
38
14
33
39
26
7
29
17
31
18
35
15
26
33
28
22
15
21
27
20
27
15
33
30
20
34
33
31
21
21
22
24
30
23
31
36
24
22
29
15
24
26
24
25
30
16
22
30
27
18
21
29
28
28
25
25
21
22
31
21
27
26
24
31
25
26
20
24
30
31
28
26
28
37
29
26
21
32
34
34
33
28
37
31
36
37
26
33
29
30
28
17
29
34
25
19
29
27
21
27
21
31
31
24
27
27
22
28
34
27
28
21
28
25
29
25
35
19
23
25
25
9
22
28
32
35
23
28
22
16
33
27
26
33
25
32
29
20
18
19
25
25
33
15
23
15
30
26
22
25
24
31
20
21
28
32
20
32
35
28
25
38
26
27
23
33
27
25
27
26
27
27
24
28
38
29
18
33
20
34
34
31
27
30
24
16
24
19
9
28
24
21
27
32
22
30
28
21
37
25
25
31
30
35
25
29
21
20
14
24
20
28
30
25
31
26
25
24
38
37
22
23
32
19
17
21
33
30
27
26
24
23
16
29
24
8
33
24
23
21
26
32
35
28
24
35
30
29
22
26
26
20
21
37
25
23
31
29
24
23
26
28
23
33
30
32
21
30
23
36
20
27
26
28
31
31
27
30
21
31
29
33
33
36
35
30
33
34
31
33
24
23
26
20
26
29
25
32
26
29
16
22
39
22
22
22
16
27
26
36
31
22
34
20
32
34
25
23
23
24
25
39
30
21
26
23
28
21
22
33
23
20
27
29
24
24
36
34
24
29
26
31
27
25
29
31
25
37
35
21
32
19
23
24
32
24
30
23
23
24
37
22
17
38
29
22
29
25
33
31
25
31
32
22
35
19
32
37
31
29
17
30
16
24
24
26
27
17
30
30
30
36
25
35
29
28
27
26
20
22
28
29
23
21
23
29
22
22
24
27
29
27
21
29
22
26
29
28
21
20
23
35
21
35
32
34
30
24
42
35
36
28
26
32
34
26
26
29
32
32
26
35
23
28
30
39
26
35
22
