0
0
0
0
0
0
0
0
0
0
0
0
0
0
0
0
0
0
0
0
0
0
0
0
0
0
0
0
0
0
0
0
0
0
0
0
0
0
0
0
0
0
0
0
0
0
0
0
0
0
0
0
0
0
0
0
0
0
0
0
0
0
0
0
0
0
0
0
0
0
0
0
0
0
0
0
0
0
0
0
0
0
0
0
0
0
0
0
0
0
0
0
0
0
0
0
0
0
0
0
0
0
0
0
0
0
0
0
0
0
0
0
0
0
0
0
0
0
0
0
0
0
0
0
0
0
0
0
0
0
0
0
0
0
0
0
0
0
0
0
0
0
0
0
0
0
0
0
0
0
0
0
0
0
0
0
0
0
0
0
2
0
0
0
0
0
0
0
0
0
0
0
12
0
0
0
0
0
0
0
1
0
0
0
0
7
7
22
2
0
0
0
11
0
8
5
9
16
10
3
12
12
9
0
13
19
9
3
12
4
0
0
12
9
8
9
0
0
14
5
12
0
0
5
0
18
0
6
1
0
6
0
0
8
0
3
11
10
19
4
15
10
11
21
12
5
12
12
13
13
14
14
13
9
6
8
8
21
17
13
14
0
6
13
22
17
12
18
1
4
12
11
16
16
25
20
22
13
25
23
21
16
21
20
17
21
23
30
32
25
23
22
22
20
20
23
26
30
12
17
20
20
11
21
19
16
18
14
21
29
25
21
21
17
16
25
14
24
24
21
25
13
14
24
21
18
31
27
16
18
28
21
18
26
21
12
33
29
26
20
36
34
24
22
19
26
26
12
34
23
26
27
25
29
25
23
27
21
31
16
24
32
30
28
25
29
11
26
28
18
26
15
22
38
25
23
28
23
35
35
19
26
27
32
25
28
31
35
30
34
22
29
32
31
25
26
26
22
22
25
20
24
31
23
31
27
23
20
28
28
22
26
27
23
27
30
28
29
21
39
19
35
35
26
30
32
36
25
27
33
29
23
33
30
27
35
22
24
34
28
29
29
33
23
26
27
25
24
25
26
20
32
27
30
37
25
32
38
30
24
37
27
38
30
26
25
28
25
36
20
32
29
33
23
35
31
35
30
35
32
28
24
35
34
37
28
34
27
30
31
31
31
27
25
34
34
36
30
26
34
32
38
25
33
32
30
27
33
26
23
39
38
36
34
36
28
21
31
31
34
25
31
32
22
34
32
25
34
30
25
27
34
27
22
38
29
19
32
30
34
23
26
37
34
33
30
25
35
34
30
35
30
27
30
36
28
35
31
37
20
31
28
38
25
36
26
23
29
36
30
31
31
32
29
28
36
19
35
29
32
22
24
25
14
39
23
30
32
25
29
18
31
19
26
27
28
22
25
35
30
31
22
31
31
40
30
34
32
37
37
39
22
34
25
33
29
35
22
25
31
34
39
34
36
31
38
33
42
35
34
35
32
33
25
27
33
32
25
33
28
43
34
27
28
35
23
26
27
32
24
29
34
35
21
37
35
42
31
27
24
40
35
33
23
35
26
35
24
38
25
26
30
23
29
32
26
28
21
24
35
15
23
28
16
32
25
40
29
34
27
23
32
34
40
34
33
34
32
24
33
31
33
34
21
28
40
36
30
30
30
32
32
25
36
39
25
34
28
31
30
27
33
32
35
26
40
27
34
24
28
26
31
27
31
35
33
29
23
26
31
23
33
25
20
25
36
29
26
21
32
28
29
27
33
29
35
22
33
28
31
31
28
17
32
34
35
25
26
28
32
29
32
22
26
35
26
28
32
24
32
36
33
28
32
32
34
35
33
32
29
37
36
30
30
20
22
28
22
38
36
32
31
24
31
21
33
31
29
33
35
28
27
38
34
31
34
32
30
29
19
27
24
34
36
31
28
17
24
34
22
36
36
22
29
32
38
22
32
32
37
38
29
33
31
34
36
30
28
34
30
39
25
35
33
32
27
36
28
28
24
30
32
28
26
31
30
27
34
24
27
28
25
30
30
29
33
28
38
25
25
29
38
26
30
23
34
29
20
29
27
27
26
32
29
20
30
41
33
22
36
27
38
32
31
37
42
31
30
36
36
42
40
37
34
30
31
35
29
41
29
39
31
22
25
33
40
38
31
27
28
29
33
23
28
29
21
27
38
38
28
30
27
31
23
23
26
33
33
22
31
29
23
30
29
33
29
35
27
36
37
33
26
30
28
24
36
33
37
39
24
36
28
37
30
19
24
30
31
17
30
30
30
27
37
29
26
26
29
32
38
37
40
33
37
40
35
37
31
35
